HMMER3/f [3.2.1 | June 2018]
NAME  CRISPR-CAS_Cas4
LENG  186
ALPH  amino
RF    no
MM    no
CONS  yes
CS    no
MAP   yes
DATE  Fri Jun 18 18:43:52 2021
NSEQ  500
EFFN  6.008148
CKSUM 3861163379
STATS LOCAL MSV      -10.2140  0.70627
STATS LOCAL VITERBI  -10.9329  0.70627
STATS LOCAL FORWARD   -4.5818  0.70627
HMM          A        C        D        E        F        G        H        I        K        L        M        N        P        Q        R        S        T        V        W        Y   
            m->m     m->i     m->d     i->m     i->i     d->m     d->d
  COMPO   2.60573  3.53005  2.97414  2.47854  3.51477  3.11106  3.56922  2.83426  2.55018  2.45329  3.69567  3.20940  3.43644  2.96186  2.79326  2.77638  2.93540  2.74538  4.62571  3.30124
          2.68631  4.42244  2.77492  2.73104  3.46260  2.40558  3.72543  3.29356  2.67766  2.69379  4.24385  2.90328  2.73753  3.18176  2.89837  2.37900  2.77535  2.98510  4.58493  3.61325
          1.95912  0.80706  0.88468  0.59883  0.79729  0.00000        *
      1   2.74291  5.36196  2.33615  1.52431  4.58273  3.42544  3.69245  4.05514  2.36933  3.58982  3.52163  2.96482  3.45354  2.78678  2.87411  2.55626  2.86977  3.59066  5.79704  4.23093      3 e - - -
          2.68618  4.42225  2.77519  2.73123  3.46354  2.40513  3.72494  3.29354  2.67741  2.69355  4.24690  2.90347  2.73739  3.18146  2.89801  2.37887  2.77519  2.98518  4.58477  3.61503
          0.01922  4.96389  4.41849  0.61958  0.77255  0.80731  0.59069
      2   2.50250  5.24805  1.92006  2.00580  4.46529  3.32869  3.78512  4.10215  2.50870  3.34037  3.32256  2.89322  3.62227  2.81968  2.90734  2.40991  2.85592  3.36799  5.88661  4.47927      4 d - - -
          2.68618  4.42225  2.77519  2.73123  3.46354  2.40513  3.72494  3.29354  2.67741  2.69355  4.24690  2.90347  2.73739  3.18146  2.89801  2.37887  2.77519  2.98518  4.58477  3.61503
          0.01225  5.17916  5.02974  0.61958  0.77255  0.79225  0.60299
      3   2.75061  5.30973  2.10500  2.20398  3.56688  3.73596  3.98397  3.20774  2.67945  2.43074  2.57084  3.11881  3.71163  2.84270  2.91912  2.78714  2.91426  3.32023  5.79274  3.97227      5 d - - -
          2.68618  4.42225  2.77519  2.73123  3.46354  2.40513  3.72494  3.29354  2.67741  2.69355  4.24690  2.90347  2.73739  3.18146  2.89801  2.37887  2.77519  2.98518  4.58477  3.61503
          0.00749  5.29310  6.01545  0.61958  0.77255  0.55436  0.85435
      4   2.75985  5.19670  2.92100  2.61033  3.60091  3.63698  3.78835  3.22738  2.30319  2.38066  3.35436  2.75630  3.23415  2.98110  2.92667  2.59349  3.06215  3.29018  4.54201  2.47920      6 k - - -
          2.68618  4.42225  2.77519  2.73123  3.46354  2.40513  3.72494  3.29354  2.67741  2.69355  4.24690  2.90347  2.73739  3.18146  2.89801  2.37887  2.77519  2.98518  4.58477  3.61503
          0.00669  5.40574  6.12808  0.61958  0.77255  0.73775  0.65045
      5   3.14631  4.36069  5.20161  4.59063  3.10111  4.41454  4.75550  1.38337  4.37968  1.30122  3.42796  4.57837  4.35004  4.50840  4.38837  3.72945  3.17819  1.86193  5.23736  3.81760      7 l - - -
          2.68618  4.42225  2.77519  2.73123  3.46354  2.40513  3.72494  3.29354  2.67741  2.69355  4.24690  2.90347  2.73739  3.18146  2.89801  2.37887  2.77519  2.98518  4.58477  3.61503
          0.00661  5.41902  6.14137  0.61958  0.77255  0.64190  0.74717
      6   2.81561  5.26320  3.46189  2.92146  4.15967  3.10530  3.72721  3.62413  2.87085  2.68266  2.82307  2.80942  2.33424  2.88294  3.12850  2.26550  2.00311  3.38771  4.96795  4.02838      8 t - - -
          2.68618  4.42225  2.77519  2.73123  3.46354  2.40513  3.72494  3.29354  2.67741  2.69355  4.24690  2.90347  2.73739  3.18146  2.89801  2.37887  2.77519  2.98518  4.58477  3.61503
          0.00646  5.44079  6.16314  0.61958  0.77255  0.68686  0.69947
      7   2.77408  4.59772  4.71144  4.11958  3.52572  1.80923  4.57542  2.10786  2.83246  1.55039  3.40042  4.28589  3.39075  4.18620  3.84885  3.55716  3.37911  2.27306  5.21209  4.02438      9 l - - -
          2.68618  4.42225  2.77519  2.73123  3.46354  2.40513  3.72494  3.29354  2.67741  2.69355  4.24690  2.90347  2.73739  3.18146  2.89801  2.37887  2.77519  2.98518  4.58477  3.61503
          0.00644  5.44437  6.16672  0.61958  0.77255  0.68766  0.69866
      8   2.66561  4.46769  4.13361  3.38139  3.67247  4.01235  4.06068  3.02977  3.50425  2.40544  3.71729  3.68177  4.51794  3.72652  3.45942  1.27065  1.95554  2.55762  5.37081  3.94293     10 s - - -
          2.68618  4.42225  2.77519  2.73123  3.46354  2.40513  3.72494  3.29354  2.67741  2.69355  4.24690  2.90347  2.73739  3.18146  2.89801  2.37887  2.77519  2.98518  4.58477  3.61503
          0.00643  5.44603  6.16837  0.61958  0.77255  0.64525  0.74345
      9   1.93139  5.50383  2.95462  2.43985  4.65529  2.23748  2.82469  3.90357  2.54149  2.47629  3.17570  3.18744  4.27442  2.80690  3.12706  2.86913  3.13307  3.75945  4.85412  3.88514     11 a - - -
          2.68618  4.42225  2.77519  2.73123  3.46354  2.40513  3.72494  3.29354  2.67741  2.69355  4.24690  2.90347  2.73739  3.18146  2.89801  2.37887  2.77519  2.98518  4.58477  3.61503
          0.00638  5.45291  6.17526  0.61958  0.77255  0.65985  0.72759
     10   3.48696  4.92566  5.57778  4.97263  2.44538  4.81703  5.15422  1.36257  4.77317  1.18053  3.41221  4.98445  5.12008  4.85415  4.76741  4.14330  3.82093  1.92846  5.54743  3.50063     12 l - - -
          2.68618  4.42225  2.77519  2.73123  3.46354  2.40513  3.72494  3.29354  2.67741  2.69355  4.24690  2.90347  2.73739  3.18146  2.89801  2.37887  2.77519  2.98518  4.58477  3.61503
          0.00638  5.45412  6.17647  0.61958  0.77255  0.62825  0.76255
     11   2.80989  5.02116  3.27904  2.55593  4.73204  3.82624  3.78087  3.16855  2.49879  2.65326  3.90926  2.18086  4.23077  1.66268  2.97058  2.92852  3.22969  3.34205  3.54259  3.72802     13 q - - -
          2.68618  4.42225  2.77519  2.73123  3.46354  2.40513  3.72494  3.29354  2.67741  2.69355  4.24690  2.90347  2.73739  3.18146  2.89801  2.37887  2.77519  2.98518  4.58477  3.61503
          0.00634  5.45916  6.18150  0.61958  0.77255  0.64510  0.74362
     12   2.75146  5.51978  3.06444  2.41137  4.45755  3.71678  1.76707  4.13666  2.71065  2.77631  4.26886  3.29507  4.27523  2.54998  3.07196  2.70634  3.28635  3.89187  5.97353  2.05726     14 h - - -
          2.68618  4.42225  2.77519  2.73123  3.46354  2.40513  3.72494  3.29354  2.67741  2.69355  4.24690  2.90347  2.73739  3.18146  2.89801  2.37887  2.77519  2.98518  4.58477  3.61503
          0.00634  5.45916  6.18150  0.61958  0.77255  0.64510  0.74362
     13   3.00725  4.54834  5.07285  4.46185  1.98686  2.98279  3.87778  2.79319  4.25881  2.00499  3.36545  4.34755  4.69221  4.33127  4.28631  3.63705  3.25194  2.67236  3.28181  1.39252     15 y - - -
          2.68618  4.42225  2.77519  2.73123  3.46354  2.40513  3.72494  3.29354  2.67741  2.69355  4.24690  2.90347  2.73739  3.18146  2.89801  2.37887  2.77519  2.98518  4.58477  3.61503
          0.00634  5.45916  6.18150  0.61958  0.77255  0.62881  0.76192
     14   2.29122  3.68278  4.61713  3.28366  2.57067  3.95619  3.63433  2.42618  3.53019  1.77852  3.44617  3.84244  4.63680  3.15116  3.33209  2.99752  2.88061  2.28479  4.01882  2.98679     16 l - - -
          2.68618  4.42225  2.77519  2.73123  3.46354  2.40513  3.72494  3.29354  2.67741  2.69355  4.24690  2.90347  2.73739  3.18146  2.89801  2.37887  2.77519  2.98518  4.58477  3.61503
          0.00633  5.46142  6.18376  0.61958  0.77255  0.63645  0.75326
     15   3.00489  4.46451  4.88428  4.28401  1.68880  4.02201  3.04615  2.39045  3.76554  2.26839  3.69269  4.18713  4.66663  3.23975  3.87169  3.41412  3.19715  2.21853  5.19295  1.88673     17 f - - -
          2.68618  4.42225  2.77519  2.73123  3.46354  2.40513  3.72494  3.29354  2.67741  2.69355  4.24690  2.90347  2.73739  3.18146  2.89801  2.37887  2.77519  2.98518  4.58477  3.61503
          0.02339  5.46142  3.97001  0.61958  0.77255  0.63645  0.75326
     16   2.78826  0.36030  4.87100  4.23866  5.10433  3.60166  4.72387  4.50294  4.47407  4.21508  5.07613  4.55570  4.79195  4.80669  4.20612  3.11450  3.76555  4.04143  6.51506  5.36000     18 C - - -
          2.68618  4.42225  2.77519  2.73123  3.46354  2.40513  3.72494  3.29354  2.67741  2.69355  4.24690  2.90347  2.73739  3.18146  2.89801  2.37887  2.77519  2.98518  4.58477  3.61503
          0.00644  5.44447  6.16681  0.61958  0.77255  0.69912  0.68721
     17   2.98290  5.58904  3.29728  2.34445  4.93111  3.52433  3.19662  4.25476  1.93889  3.30375  4.52205  3.21360  1.53151  2.91896  2.34926  2.98190  3.23071  3.85991  6.02302  4.61513     19 p - - -
          2.68618  4.42225  2.77519  2.73123  3.46354  2.40513  3.72494  3.29354  2.67741  2.69355  4.24690  2.90347  2.73739  3.18146  2.89801  2.37887  2.77519  2.98518  4.58477  3.61503
          0.00644  5.44447  6.16681  0.61958  0.77255  0.69912  0.68721
     18   3.21772  5.58918  3.84855  3.22317  4.88933  4.18244  3.70757  4.28409  2.34528  3.36496  4.65833  3.70192  4.55142  3.33625  0.68060  3.14925  3.54193  3.83308  4.70451  4.23720     20 R - - -
          2.68618  4.42225  2.77519  2.73123  3.46354  2.40513  3.72494  3.29354  2.67741  2.69355  4.24690  2.90347  2.73739  3.18146  2.89801  2.37887  2.77519  2.98518  4.58477  3.61503
          0.00644  5.44447  6.16681  0.61958  0.77255  0.64427  0.74453
     19   2.96497  5.47350  3.39719  2.45980  3.56247  3.68084  3.84355  3.17461  2.11891  3.08099  4.33247  3.37886  4.09973  1.49560  2.35346  2.68214  3.27803  3.63864  5.23401  3.82783     21 q - - -
          2.68618  4.42225  2.77519  2.73123  3.46354  2.40513  3.72494  3.29354  2.67741  2.69355  4.24690  2.90347  2.73739  3.18146  2.89801  2.37887  2.77519  2.98518  4.58477  3.61503
          0.06251  5.45232  2.87697  0.61958  0.77255  0.67070  0.71611
     20   2.43035  2.25186  5.08754  4.47221  2.73741  3.95840  4.44003  2.42581  4.25714  1.63805  3.42997  4.45586  3.77161  4.38842  4.26546  3.60485  3.02165  2.25497  2.32604  3.70134     22 l - - -
          2.68618  4.42225  2.77519  2.73123  3.46354  2.40513  3.72494  3.29354  2.67741  2.69355  4.24690  2.90347  2.73739  3.18146  2.89801  2.37887  2.77519  2.98518  4.58477  3.61503
          0.00676  5.39657  6.11892  0.61958  0.77255  0.85283  0.55549
     21   1.61622  4.41535  4.76550  4.17710  3.12383  3.33567  4.32402  3.00906  4.03202  2.79481  3.67754  4.31440  4.65102  4.22312  4.16174  3.42110  3.39788  2.84147  1.47787  2.17733     23 w - - -
          2.68618  4.42225  2.77519  2.73123  3.46354  2.40513  3.72494  3.29354  2.67741  2.69355  4.24690  2.90347  2.73739  3.18146  2.89801  2.37887  2.77519  2.98518  4.58477  3.61503
          0.00676  5.39657  6.11892  0.61958  0.77255  0.84244  0.56327
     22   3.14750  4.35027  5.04538  4.43520  2.46522  4.30980  4.63209  2.78752  3.76339  0.82483  3.23408  4.24330  4.67198  4.37454  3.89437  3.61881  3.37939  2.77397  5.13735  2.66836     24 l - - -
          2.68618  4.42225  2.77519  2.73123  3.46354  2.40513  3.72494  3.29354  2.67741  2.69355  4.24690  2.90347  2.73739  3.18146  2.89801  2.37887  2.77519  2.98518  4.58477  3.61503
          0.00675  5.39810  6.12045  0.61958  0.77255  0.81154  0.58730
     23   3.02075  4.67101  3.62894  2.61704  2.52191  3.83744  3.22643  1.60616  3.11975  2.77292  2.72917  3.56131  4.45852  3.03416  3.49529  2.97087  3.16388  2.98286  5.40517  2.79556     25 i - - -
          2.68618  4.42225  2.77519  2.73123  3.46354  2.40513  3.72494  3.29354  2.67741  2.69355  4.24690  2.90347  2.73739  3.18146  2.89801  2.37887  2.77519  2.98518  4.58477  3.61503
          0.00671  5.40358  6.12593  0.61958  0.77255  0.83218  0.57111
     24   2.21488  4.48260  3.69563  2.77995  3.32720  3.47367  1.77893  3.08886  2.86129  2.62958  3.77005  3.06236  4.39912  3.40685  3.58468  2.60283  3.05146  2.89879  4.97933  2.88683     26 h - - -
          2.68618  4.42225  2.77519  2.73123  3.46354  2.40513  3.72494  3.29354  2.67741  2.69355  4.24690  2.90347  2.73739  3.18146  2.89801  2.37887  2.77519  2.98518  4.58477  3.61503
          0.01869  5.40358  4.26727  0.61958  0.77255  0.77654  0.61617
     25   2.81038  3.77725  3.88272  4.00949  2.91516  4.02421  4.44434  1.74833  4.03849  1.92280  2.42585  3.60958  2.63797  3.54398  3.65309  3.26898  3.16112  2.20806  5.16534  3.98131     27 i - - -
          2.68618  4.42225  2.77519  2.73123  3.46354  2.40513  3.72494  3.29354  2.67741  2.69355  4.24690  2.90347  2.73739  3.18146  2.89801  2.37887  2.77519  2.98518  4.58477  3.61503
          0.00673  5.40008  6.12243  0.61958  0.77255  0.84256  0.56318
     26   2.67451  5.22852  2.53273  1.08491  4.24652  3.46438  4.02587  4.37449  2.62993  3.53593  4.59801  3.12286  2.95743  3.00523  3.18299  2.93509  3.17445  3.94231  5.36891  4.19910     28 e - - -
          2.68618  4.42225  2.77519  2.73123  3.46354  2.40513  3.72494  3.29354  2.67741  2.69355  4.24690  2.90347  2.73739  3.18146  2.89801  2.37887  2.77519  2.98518  4.58477  3.61503
          0.34975  5.40008  1.23573  0.61958  0.77255  0.84256  0.56318
     27   2.81403  4.97368  3.01426  2.27742  4.35368  2.85482  3.84938  3.35144  2.58191  3.23531  3.82013  2.99261  3.77563  1.60736  2.61726  2.81507  3.00301  3.09427  5.51550  4.38474     29 q - - -
          2.68618  4.42225  2.77519  2.73123  3.46354  2.40513  3.72494  3.29354  2.67741  2.69355  4.24690  2.90347  2.73739  3.18146  2.89801  2.37887  2.77519  2.98518  4.58477  3.61503
          0.01242  5.05980  5.11672  0.61958  0.77255  1.42627  0.27471
     28   2.58575  5.37097  2.56553  2.26442  4.43370  3.46094  3.12944  3.58565  2.40753  2.83756  4.33168  2.92984  3.73548  2.17863  3.00881  2.57152  2.87505  2.69623  5.81429  3.92875     30 q - - -
          2.68618  4.42225  2.77519  2.73123  3.46354  2.40513  3.72494  3.29354  2.67741  2.69355  4.24690  2.90347  2.73739  3.18146  2.89801  2.37887  2.77519  2.98518  4.58477  3.61503
          0.00944  5.06337  5.78572  0.61958  0.77255  1.43922  0.27064
     29   2.73095  5.16114  3.07756  2.23247  3.19905  3.53394  3.80007  3.71506  2.49494  3.31354  3.69443  3.14279  3.26403  2.86617  2.97573  2.79838  3.14004  3.45960  1.74960  4.10375     31 w - - -
          2.68618  4.42225  2.77519  2.73123  3.46354  2.40513  3.72494  3.29354  2.67741  2.69355  4.24690  2.90347  2.73739  3.18146  2.89801  2.37887  2.77519  2.98518  4.58477  3.61503
          0.00941  5.06627  5.78862  0.61958  0.77255  0.20340  1.69257
     30   2.10856  5.61191  2.55617  2.11870  4.60175  3.65798  2.96633  4.25458  2.45500  3.53299  4.25095  2.95791  3.49526  2.13928  2.74776  2.51750  3.06433  3.31432  6.04441  4.12600     32 a - - -
          2.68618  4.42225  2.77519  2.73123  3.46354  2.40513  3.72494  3.29354  2.67741  2.69355  4.24690  2.90347  2.73739  3.18146  2.89801  2.37887  2.77519  2.98518  4.58477  3.61503
          0.00624  5.47578  6.19813  0.61958  0.77255  0.57919  0.82178
     31   2.74441  5.61210  2.30669  1.51224  4.82880  3.61488  3.79112  4.11513  2.43348  3.46384  4.65266  2.61308  4.05554  2.64861  2.75696  2.77485  2.56926  3.79498  4.54951  4.35892     33 e - - -
          2.68618  4.42225  2.77519  2.73123  3.46354  2.40513  3.72494  3.29354  2.67741  2.69355  4.24690  2.90347  2.73739  3.18146  2.89801  2.37887  2.77519  2.98518  4.58477  3.61503
          0.00624  5.47578  6.19813  0.61958  0.77255  0.57919  0.82178
     32   2.87668  5.60752  2.61711  2.69782  4.63117  3.56305  3.58790  4.43576  2.73062  3.51402  4.64861  1.46995  3.72423  2.72983  2.76856  1.99457  2.92547  3.83554  6.04119  3.82662     34 n - - -
          2.68618  4.42225  2.77519  2.73123  3.46354  2.40513  3.72494  3.29354  2.67741  2.69355  4.24690  2.90347  2.73739  3.18146  2.89801  2.37887  2.77519  2.98518  4.58477  3.61503
          0.00624  5.47578  6.19813  0.61958  0.77255  0.56793  0.83632
     33   2.27631  4.98431  2.56489  1.92224  3.23088  3.67200  3.93763  3.17771  2.92787  2.82479  3.92977  3.35821  3.85055  3.09983  2.67707  2.69501  3.03826  2.67045  5.27545  3.01597     35 e - - -
          2.68618  4.42225  2.77519  2.73123  3.46354  2.40513  3.72494  3.29354  2.67741  2.69355  4.24690  2.90347  2.73739  3.18146  2.89801  2.37887  2.77519  2.98518  4.58477  3.61503
          0.00623  5.47731  6.19966  0.61958  0.77255  0.55924  0.84779
     34   2.65461  5.41550  2.85356  2.79946  2.90440  2.81027  3.23569  3.40563  2.22003  2.39400  4.04098  2.82515  4.10073  3.14271  2.29047  2.93446  3.22327  3.57464  4.17224  3.09812     36 k - - -
          2.68618  4.42225  2.77519  2.73123  3.46354  2.40513  3.72494  3.29354  2.67741  2.69355  4.24690  2.90347  2.73739  3.18146  2.89801  2.37887  2.77519  2.98518  4.58477  3.61503
          0.00622  5.47916  6.20151  0.61958  0.77255  0.52115  0.90100
     35   3.18471  4.56409  5.11399  4.50139  2.80525  4.35147  4.68376  2.47730  3.95973  2.08964  2.80482  4.50242  4.26446  4.17012  4.31491  3.61826  1.55417  1.40523  5.18716  4.01060     37 v - - -
          2.68618  4.42225  2.77519  2.73123  3.46354  2.40513  3.72494  3.29354  2.67741  2.69355  4.24690  2.90347  2.73739  3.18146  2.89801  2.37887  2.77519  2.98518  4.58477  3.61503
          0.00618  5.48521  6.20756  0.61958  0.77255  0.53923  0.87515
     36   1.91960  5.15524  2.91670  2.42001  4.40218  3.43526  3.99301  3.05152  2.42221  2.84699  3.50982  3.18332  3.21772  2.55694  3.01598  2.85125  2.85771  2.66664  5.95155  3.79891     38 a - - -
          2.68618  4.42225  2.77519  2.73123  3.46354  2.40513  3.72494  3.29354  2.67741  2.69355  4.24690  2.90347  2.73739  3.18146  2.89801  2.37887  2.77519  2.98518  4.58477  3.61503
          0.00618  5.48521  6.20756  0.61958  0.77255  0.53923  0.87515
     37   2.57793  5.57344  2.94577  1.75997  4.55861  3.60580  3.56656  2.85066  2.40520  2.65678  3.56049  3.22644  4.04536  2.35799  2.58930  2.82007  3.04467  3.68325  4.70696  4.21043     39 e - - -
          2.68618  4.42225  2.77519  2.73123  3.46354  2.40513  3.72494  3.29354  2.67741  2.69355  4.24690  2.90347  2.73739  3.18146  2.89801  2.37887  2.77519  2.98518  4.58477  3.61503
          0.00618  5.48521  6.20756  0.61958  0.77255  0.53923  0.87515
     38   2.97802  5.42961  3.72734  3.04324  4.69149  0.56534  4.46863  4.09881  3.08310  3.73492  4.59737  3.80042  4.62968  3.67447  3.42161  3.50784  3.67721  3.80953  4.93743  4.33600     40 G - - -
          2.68618  4.42225  2.77519  2.73123  3.46354  2.40513  3.72494  3.29354  2.67741  2.69355  4.24690  2.90347  2.73739  3.18146  2.89801  2.37887  2.77519  2.98518  4.58477  3.61503
          0.00755  5.48521  5.69163  0.61958  0.77255  0.53923  0.87515
     39   2.90380  5.61705  3.03602  2.29309  4.96279  3.74619  3.41465  4.22327  1.78332  3.53285  4.27161  2.79543  4.12138  2.62163  1.77967  2.54905  2.68541  3.73816  6.04933  4.42474     41 r - - -
          2.68618  4.42225  2.77519  2.73123  3.46354  2.40513  3.72494  3.29354  2.67741  2.69355  4.24690  2.90347  2.73739  3.18146  2.89801  2.37887  2.77519  2.98518  4.58477  3.61503
          0.00804  5.48385  5.55825  0.61958  0.77255  0.54511  0.86697
     40   2.40043  4.91691  3.31504  2.48070  3.21376  3.94075  3.39042  2.26593  3.23130  1.72673  3.71085  3.28134  4.29242  3.24659  3.13500  3.20134  3.08727  2.40720  4.78831  3.70079     42 l - - -
          2.68618  4.42225  2.77519  2.73123  3.46354  2.40513  3.72494  3.29354  2.67741  2.69355  4.24690  2.90347  2.73739  3.18146  2.89801  2.37887  2.77519  2.98518  4.58477  3.61503
          0.00620  5.48201  6.20436  0.61958  0.77255  0.52397  0.89689
     41   2.68051  4.56545  4.63716  3.69386  3.12127  4.33701  4.14903  1.74051  3.76088  1.29094  2.95958  4.37918  4.70156  4.20465  4.15435  3.60102  3.15338  1.98056  5.18588  3.80887     43 l - - -
          2.68618  4.42225  2.77519  2.73123  3.46354  2.40513  3.72494  3.29354  2.67741  2.69355  4.24690  2.90347  2.73739  3.18146  2.89801  2.37887  2.77519  2.98518  4.58477  3.61503
          0.01503  5.48597  4.53086  0.61958  0.77255  0.53592  0.87979
     42   2.90342  5.56940  2.76483  2.72434  4.88517  2.89790  1.08217  4.35217  2.85089  3.86214  4.61904  3.30372  4.29924  3.02152  3.21895  2.70561  3.32688  3.73113  6.01949  3.18252     44 h - - -
          2.68618  4.42225  2.77519  2.73123  3.46354  2.40513  3.72494  3.29354  2.67741  2.69355  4.24690  2.90347  2.73739  3.18146  2.89801  2.37887  2.77519  2.98518  4.58477  3.61503
          0.00623  5.47718  6.19952  0.61958  0.77255  0.51017  0.91727
     43   2.57612  5.61600  2.52459  1.25719  4.96077  3.74693  3.78571  3.83297  2.36323  3.37977  4.19710  3.20013  4.27342  2.53449  2.75453  2.82669  3.08922  3.82527  6.04886  4.50508     45 e - - -
          2.68618  4.42225  2.77519  2.73123  3.46354  2.40513  3.72494  3.29354  2.67741  2.69355  4.24690  2.90347  2.73739  3.18146  2.89801  2.37887  2.77519  2.98518  4.58477  3.61503
          0.00618  5.48597  6.20832  0.61958  0.77255  0.53592  0.87979
     44   2.93482  5.60948  2.46753  2.26349  4.82243  3.69963  3.58884  3.33664  2.24870  2.84626  4.56704  2.57745  4.07470  2.99991  1.89345  2.76257  2.54109  3.73220  5.40364  3.87256     46 r - - -
          2.68618  4.42225  2.77519  2.73123  3.46354  2.40513  3.72494  3.29354  2.67741  2.69355  4.24690  2.90347  2.73739  3.18146  2.89801  2.37887  2.77519  2.98518  4.58477  3.61503
          0.01511  5.48597  4.52365  0.61958  0.77255  0.52782  0.89134
     45   1.78149  4.57073  3.59110  2.82890  4.12392  3.88473  4.13061  3.27818  2.36695  3.32161  4.01474  3.36253  4.09772  3.05879  3.07767  2.11010  2.48475  2.03399  5.73842  4.31785     47 a - - -
          2.68618  4.42225  2.77519  2.73123  3.46354  2.40513  3.72494  3.29354  2.67741  2.69355  4.24690  2.90347  2.73739  3.18146  2.89801  2.37887  2.77519  2.98518  4.58477  3.61503
          0.05156  5.47820  3.07753  0.61958  0.77255  0.56913  0.83475
     46   2.77749  5.55937  1.88464  2.45608  3.83523  3.51411  2.42843  4.14667  2.56782  3.46429  4.45392  3.06289  4.13796  2.84321  2.87495  3.02718  3.18218  3.54094  5.99968  2.09941     48 d - - -
          2.68618  4.42225  2.77519  2.73123  3.46354  2.40513  3.72494  3.29354  2.67741  2.69355  4.24690  2.90347  2.73739  3.18146  2.89801  2.37887  2.77519  2.98518  4.58477  3.61503
          0.01091  5.43315  5.03808  0.61958  0.77255  0.73830  0.64995
     47   2.71986  5.00617  2.32028  2.14467  4.70086  3.24758  3.82521  3.95357  2.19788  3.59288  4.09067  2.88435  3.28205  2.44213  2.46111  2.26945  2.73653  3.83904  6.02040  4.60899     49 e - - -
          2.68618  4.42225  2.77519  2.73123  3.46354  2.40513  3.72494  3.29354  2.67741  2.69355  4.24690  2.90347  2.73739  3.18146  2.89801  2.37887  2.77519  2.98518  4.58477  3.61503
          0.34343  5.42878  1.25078  0.61958  0.77255  0.75294  0.63673
     48   2.63958  4.41977  3.16392  2.27128  3.85788  2.57566  3.84862  3.06988  2.56787  2.29504  4.20764  3.14426  2.53442  2.88103  2.96564  2.80530  2.86795  3.26297  5.63788  3.70130     50 e - - -
          2.68618  4.42225  2.77519  2.73123  3.46354  2.40513  3.72494  3.29354  2.67741  2.69355  4.24690  2.90347  2.73739  3.18146  2.89801  2.37887  2.77519  2.98518  4.58477  3.61503
          0.01449  5.09450  4.79661  0.61958  0.77255  1.41654  0.27780
     49   2.69720  5.35425  2.96571  2.17891  2.55814  2.50362  3.48670  3.92592  2.44132  3.12163  4.16185  2.47581  3.84784  2.90734  2.86460  2.53719  2.91956  3.52617  5.80450  3.71346     51 e - - -
          2.68618  4.42225  2.77519  2.73123  3.46354  2.40513  3.72494  3.29354  2.67741  2.69355  4.24690  2.90347  2.73739  3.18146  2.89801  2.37887  2.77519  2.98518  4.58477  3.61503
          0.06247  5.08920  2.91154  0.61958  0.77255  0.34775  1.22511
     50   2.83424  5.55565  2.94049  2.52837  4.10661  3.34512  3.46987  3.84866  2.12769  3.64375  4.43458  2.88138  3.44731  2.70655  1.59024  2.54062  2.87299  3.54606  5.98946  4.00387     52 r - - -
          2.68618  4.42225  2.77519  2.73123  3.46354  2.40513  3.72494  3.29354  2.67741  2.69355  4.24690  2.90347  2.73739  3.18146  2.89801  2.37887  2.77519  2.98518  4.58477  3.61503
          0.00689  5.37730  6.09964  0.61958  0.77255  0.90678  0.51721
     51   2.84617  5.55921  2.34754  1.39154  4.29518  3.35271  3.80978  4.08222  2.38408  3.42863  4.43071  2.89081  4.21672  2.92535  2.60414  2.54233  2.92988  3.77896  5.99209  4.24716     53 e - - -
          2.68618  4.42225  2.77519  2.73123  3.46354  2.40513  3.72494  3.29354  2.67741  2.69355  4.24690  2.90347  2.73739  3.18146  2.89801  2.37887  2.77519  2.98518  4.58477  3.61503
          0.23500  5.37730  1.58568  0.61958  0.77255  0.73349  0.65437
     52   2.75472  4.98013  3.22053  2.54962  3.99486  3.46187  3.63949  3.44818  1.89609  2.74074  3.95868  2.98949  3.87623  2.80080  2.58479  2.14456  2.43115  3.48536  5.25831  3.82947     54 k - - -
          2.68618  4.42225  2.77519  2.73123  3.46354  2.40513  3.72494  3.29354  2.67741  2.69355  4.24690  2.90347  2.73739  3.18146  2.89801  2.37887  2.77519  2.98518  4.58477  3.61503
          0.00835  5.18583  5.90817  0.61958  0.77255  0.67151  0.71526
     53   2.62630  4.63819  3.01058  2.25876  4.56254  3.68809  3.77030  4.09907  2.15990  3.58550  4.49918  2.91658  4.19618  2.81011  1.41691  2.72637  3.02914  3.68361  4.71887  4.18204     55 r - - -
          2.68618  4.42225  2.77519  2.73123  3.46354  2.40513  3.72494  3.29354  2.67741  2.69355  4.24690  2.90347  2.73739  3.18146  2.89801  2.37887  2.77519  2.98518  4.58477  3.61503
          0.28916  5.33069  1.40133  0.61958  0.77255  1.02271  0.44569
     54   2.65271  5.38696  2.83254  2.28176  3.99225  2.19952  3.64627  4.20314  1.93201  3.57060  4.07429  2.87341  3.77763  2.89641  2.54506  2.72012  2.98550  3.77289  5.20366  3.08543     56 k - - -
          2.68618  4.42225  2.77519  2.73123  3.46354  2.40513  3.72494  3.29354  2.67741  2.69355  4.24690  2.90347  2.73739  3.18146  2.89801  2.37887  2.77519  2.98518  4.58477  3.61503
          0.00956  5.05109  5.77343  0.61958  0.77255  0.29052  1.37782
     55   2.81369  5.07326  2.39926  2.43233  4.93678  2.28561  3.40156  4.42340  1.75931  3.86024  4.21319  2.61753  4.24492  2.85670  2.40014  2.71339  2.87041  3.86004  6.02291  4.51461     57 k - - -
          2.68618  4.42225  2.77519  2.73123  3.46354  2.40513  3.72494  3.29354  2.67741  2.69355  4.24690  2.90347  2.73739  3.18146  2.89801  2.37887  2.77519  2.98518  4.58477  3.61503
          0.28541  5.43300  1.41089  0.61958  0.77255  0.70704  0.67944
     56   2.44321  4.28833  3.97608  3.70660  3.36992  4.02367  3.92329  2.01034  2.82647  1.92988  3.35017  3.70966  4.45707  3.68335  3.67831  3.11917  2.70608  1.84004  4.38546  3.17341     58 v - - -
          2.68618  4.42225  2.77519  2.73123  3.46354  2.40513  3.72494  3.29354  2.67741  2.69355  4.24690  2.90347  2.73739  3.18146  2.89801  2.37887  2.77519  2.98518  4.58477  3.61503
          0.00855  5.16220  5.88454  0.61958  0.77255  1.32707  0.30823
     57   2.76450  4.91993  3.07898  2.32264  4.33362  2.95997  3.53246  2.73050  2.40895  2.60488  4.33753  3.02638  4.14695  2.79507  2.10692  2.72933  2.93149  3.02590  3.77728  4.38875     59 r - - -
          2.68618  4.42225  2.77519  2.73123  3.46354  2.40513  3.72494  3.29354  2.67741  2.69355  4.24690  2.90347  2.73739  3.18146  2.89801  2.37887  2.77519  2.98518  4.58477  3.61503
          0.05614  5.16220  3.01875  0.61958  0.77255  1.32707  0.30823
     58   2.64923  3.90898  3.69715  2.85443  3.44082  3.41869  3.61614  2.06487  2.82229  2.60548  3.63703  3.57360  4.11170  2.96935  3.02693  2.98691  2.32267  2.12924  5.26419  3.44586     60 i - - -
          2.68618  4.42225  2.77519  2.73123  3.46354  2.40513  3.72494  3.29354  2.67741  2.69355  4.24690  2.90347  2.73739  3.18146  2.89801  2.37887  2.77519  2.98518  4.58477  3.61503
          0.02478  5.11502  3.99189  0.61958  0.77255  1.29817  0.31887
     59   2.38720  4.74263  3.40640  2.15783  4.02240  3.19909  3.55930  3.20155  2.73675  2.69578  3.95912  3.22538  3.95922  3.07988  2.90551  2.58272  2.32070  2.22211  4.52942  3.96340     61 e - - -
          2.68618  4.42225  2.77519  2.73123  3.46354  2.40513  3.72494  3.29354  2.67741  2.69355  4.24690  2.90347  2.73739  3.18146  2.89801  2.37887  2.77519  2.98518  4.58477  3.61503
          0.00893  5.11836  5.84070  0.61958  0.77255  1.38659  0.28758
     60   2.73339  4.94629  2.90981  2.46498  4.59503  3.60975  3.69313  3.96526  2.33403  3.38148  4.18338  3.03362  3.66288  2.74485  1.50465  2.69795  2.63601  3.34798  5.44214  3.78978     62 r - - -
          2.68618  4.42225  2.77519  2.73123  3.46354  2.40513  3.72494  3.29354  2.67741  2.69355  4.24690  2.90347  2.73739  3.18146  2.89801  2.37887  2.77519  2.98518  4.58477  3.61503
          0.00893  5.11836  5.84070  0.61958  0.77255  0.20667  1.67821
     61   2.17464  5.62127  2.50101  1.64409  4.96702  2.51553  3.16414  4.45383  2.76624  3.92685  4.66192  2.68760  3.57053  2.88947  3.20082  2.24325  3.09886  4.01230  6.05338  4.64142     63 e - - -
          2.68618  4.42225  2.77519  2.73123  3.46354  2.40513  3.72494  3.29354  2.67741  2.69355  4.24690  2.90347  2.73739  3.18146  2.89801  2.37887  2.77519  2.98518  4.58477  3.61503
          0.00890  5.48086  5.36156  0.61958  0.77255  0.53993  0.87417
     62   3.01143  4.56778  5.01535  4.22698  3.41199  4.22094  4.51946  1.75660  2.97259  1.66245  2.51370  4.45052  4.69397  3.44351  3.79854  3.63492  3.26912  1.61461  5.18762  3.81632     64 v - - -
          2.68618  4.42225  2.77519  2.73123  3.46354  2.40513  3.72494  3.29354  2.67741  2.69355  4.24690  2.90347  2.73739  3.18146  2.89801  2.37887  2.77519  2.98518  4.58477  3.61503
          0.00621  5.48064  6.20298  0.61958  0.77255  0.50928  0.91861
     63   2.43784  4.52514  2.92859  2.44939  4.32043  3.52640  3.61913  3.79752  2.66438  2.83187  3.87824  3.03607  1.99326  2.96286  2.78731  2.58994  2.76674  3.67849  4.03408  3.15960     65 p - - -
          2.68618  4.42225  2.77519  2.73123  3.46354  2.40513  3.72494  3.29354  2.67741  2.69355  4.24690  2.90347  2.73739  3.18146  2.89801  2.37887  2.77519  2.98518  4.58477  3.61503
          0.00617  5.48747  6.20982  0.61958  0.77255  0.52937  0.88911
     64   3.72320  5.17182  5.88459  5.29583  3.19872  5.17131  5.53338  1.42343  5.11832  1.01875  3.44029  5.34108  5.42357  5.17133  5.11202  4.51492  4.10585  1.57582  5.85149  4.27435     66 l - - -
          2.68618  4.42225  2.77519  2.73123  3.46354  2.40513  3.72494  3.29354  2.67741  2.69355  4.24690  2.90347  2.73739  3.18146  2.89801  2.37887  2.77519  2.98518  4.58477  3.61503
          0.28228  5.48747  1.41965  0.61958  0.77255  0.52937  0.88911
     65   2.41032  4.52350  3.42134  2.86955  2.47731  3.48698  3.34758  3.00880  2.60123  3.01289  3.88138  3.39781  3.91349  3.15036  2.59378  2.64027  2.92426  2.70141  3.31712  2.69521     67 a - - -
          2.68618  4.42225  2.77519  2.73123  3.46354  2.40513  3.72494  3.29354  2.67741  2.69355  4.24690  2.90347  2.73739  3.18146  2.89801  2.37887  2.77519  2.98518  4.58477  3.61503
          0.02961  5.21331  3.74080  0.61958  0.77255  0.43770  1.03711
     66   2.64585  4.49376  2.32592  2.15466  4.90942  3.11249  3.64286  4.39370  2.73926  3.87125  4.60869  2.88819  3.91564  2.95548  3.22183  1.27751  3.29358  3.88571  6.00140  4.42067     68 s - - -
          2.68618  4.42225  2.77519  2.73123  3.46354  2.40513  3.72494  3.29354  2.67741  2.69355  4.24690  2.90347  2.73739  3.18146  2.89801  2.37887  2.77519  2.98518  4.58477  3.61503
          0.00677  5.39517  6.11752  0.61958  0.77255  0.42620  1.05838
     67   2.31171  5.24733  2.18548  2.08939  4.44701  2.73061  3.30850  4.44236  2.48842  3.25232  4.57552  2.39313  3.09120  2.84498  2.72556  2.74097  3.27137  3.81504  6.04256  4.20698     69 e - - -
          2.68618  4.42225  2.77519  2.73123  3.46354  2.40513  3.72494  3.29354  2.67741  2.69355  4.24690  2.90347  2.73739  3.18146  2.89801  2.37887  2.77519  2.98518  4.58477  3.61503
          0.10646  5.47131  2.33525  0.61958  0.77255  0.48445  0.95721
     68   2.54198  5.19657  3.11778  2.20680  4.73075  2.77064  3.72262  3.72311  2.23779  3.37064  4.27303  2.89834  4.00275  2.76452  1.97053  2.46909  2.72373  3.23969  5.53100  4.04692     70 r - - -
          2.68618  4.42225  2.77519  2.73123  3.46354  2.40513  3.72494  3.29354  2.67741  2.69355  4.24690  2.90347  2.73739  3.18146  2.89801  2.37887  2.77519  2.98518  4.58477  3.61503
          0.03034  5.38961  3.67598  0.61958  0.77255  0.36090  1.19419
     69   2.78248  4.33099  4.85002  4.50860  2.63070  4.19355  3.99404  1.99109  4.29434  1.16870  3.29516  4.24684  4.48549  4.42632  4.21888  3.41688  3.27392  2.45749  4.30158  2.52043     71 l - - -
          2.68618  4.42225  2.77519  2.73123  3.46354  2.40513  3.72494  3.29354  2.67741  2.69355  4.24690  2.90347  2.73739  3.18146  2.89801  2.37887  2.77519  2.98518  4.58477  3.61503
          0.32707  5.46255  1.29199  0.61958  0.77255  0.57291  0.82984
     70   2.82138  5.25316  2.75652  2.56335  4.64264  1.48449  3.23921  4.26353  2.40325  3.65257  4.30916  2.78790  4.11007  2.62441  2.63727  2.73305  3.05493  3.82952  5.86543  4.09368     72 g - - -
          2.68618  4.42225  2.77519  2.73123  3.46354  2.40513  3.72494  3.29354  2.67741  2.69355  4.24690  2.90347  2.73739  3.18146  2.89801  2.37887  2.77519  2.98518  4.58477  3.61503
          0.00860  5.15563  5.87798  0.61958  0.77255  1.16046  0.37592
     71   3.18050  4.16445  5.32033  4.72091  2.82308  4.57147  4.92675  1.64710  4.52602  0.96359  3.36269  4.73399  4.89279  4.63699  4.53713  3.89691  3.30923  2.12551  5.35936  4.20768     73 l - - -
          2.68618  4.42225  2.77519  2.73123  3.46354  2.40513  3.72494  3.29354  2.67741  2.69355  4.24690  2.90347  2.73739  3.18146  2.89801  2.37887  2.77519  2.98518  4.58477  3.61503
          0.00830  5.19092  5.91327  0.61958  0.77255  1.28451  0.32405
     72   2.65069  4.51101  3.76779  2.99666  3.20300  3.63770  2.98228  2.62097  3.01672  2.74112  3.69586  3.52907  4.31902  3.12910  2.70183  2.16546  2.21562  2.42782  5.14842  3.09223     74 s - - -
          2.68618  4.42225  2.77519  2.73123  3.46354  2.40513  3.72494  3.29354  2.67741  2.69355  4.24690  2.90347  2.73739  3.18146  2.89801  2.37887  2.77519  2.98518  4.58477  3.61503
          0.00830  5.19092  5.91327  0.61958  0.77255  1.28451  0.32405
     73   2.74028  3.62386  4.75871  4.29511  4.39503  0.56624  4.97030  3.13061  4.18991  3.22968  4.37222  4.29958  4.54449  4.42341  4.39251  3.16986  3.20616  3.08857  5.87429  4.69650     75 G - - -
          2.68618  4.42225  2.77519  2.73123  3.46354  2.40513  3.72494  3.29354  2.67741  2.69355  4.24690  2.90347  2.73739  3.18146  2.89801  2.37887  2.77519  2.98518  4.58477  3.61503
          0.00830  5.19092  5.91327  0.61958  0.77255  0.22597  1.59823
     74   2.73316  5.27012  3.37793  2.68627  4.72237  3.91599  4.01933  2.67225  1.48047  3.41704  3.88290  2.94263  4.30751  2.95858  2.16812  2.96249  3.16053  2.45802  5.91905  4.14029     76 k - - -
          2.68618  4.42225  2.77519  2.73123  3.46354  2.40513  3.72494  3.29354  2.67741  2.69355  4.24690  2.90347  2.73739  3.18146  2.89801  2.37887  2.77519  2.98518  4.58477  3.61503
          0.00619  5.48306  6.20540  0.61958  0.77255  0.51620  0.90828
     75   1.98756  2.42374  5.13029  4.51678  3.29514  4.35397  4.68756  1.72071  4.30639  2.07075  3.40178  4.51015  2.54733  4.44156  4.32177  3.26795  3.25521  2.02592  5.18679  4.01028     77 i - - -
          2.68618  4.42225  2.77519  2.73123  3.46354  2.40513  3.72494  3.29354  2.67741  2.69355  4.24690  2.90347  2.73739  3.18146  2.89801  2.37887  2.77519  2.98518  4.58477  3.61503
          0.00617  5.48747  6.20982  0.61958  0.77255  0.52937  0.88911
     76   5.48698  7.15047  0.05671  4.56619  6.92605  5.20489  6.24759  7.01382  5.65205  6.31100  7.47565  5.13845  5.90841  5.61625  6.13805  5.42258  5.87729  6.54840  7.61674  6.82074     78 D - - -
          2.68618  4.42225  2.77519  2.73123  3.46354  2.40513  3.72494  3.29354  2.67741  2.69355  4.24690  2.90347  2.73739  3.18146  2.89801  2.37887  2.77519  2.98518  4.58477  3.61503
          0.00617  5.48747  6.20982  0.61958  0.77255  0.52177  0.90010
     77   2.50989  3.73523  4.89156  2.99988  2.41755  4.16566  4.13615  2.22792  3.32041  2.08155  3.06807  4.46591  4.70141  4.39047  3.23411  3.52641  3.27022  1.74015  4.20748  2.63639     79 v - - -
          2.68618  4.42225  2.77519  2.73123  3.46354  2.40513  3.72494  3.29354  2.67741  2.69355  4.24690  2.90347  2.73739  3.18146  2.89801  2.37887  2.77519  2.98518  4.58477  3.61503
          0.00616  5.48849  6.21084  0.61958  0.77255  0.51411  0.91138
     78   3.14425  4.65125  5.26281  4.65089  3.20048  4.47260  4.61178  1.71901  4.43882  1.64492  3.27795  4.63746  4.82538  4.56279  4.44450  3.78764  3.51956  1.17468  5.28534  3.15573     80 v - - -
          2.68618  4.42225  2.77519  2.73123  3.46354  2.40513  3.72494  3.29354  2.67741  2.69355  4.24690  2.90347  2.73739  3.18146  2.89801  2.37887  2.77519  2.98518  4.58477  3.61503
          0.00615  5.48994  6.21228  0.61958  0.77255  0.51845  0.90496
     79   3.00591  5.55947  2.48286  1.39446  4.17218  3.62368  3.89125  3.21827  2.43997  2.67535  4.60678  3.11962  4.28691  3.05327  2.90111  2.94501  2.91559  2.82923  6.00743  4.00480     81 e - - -
          2.68618  4.42225  2.77519  2.73123  3.46354  2.40513  3.72494  3.29354  2.67741  2.69355  4.24690  2.90347  2.73739  3.18146  2.89801  2.37887  2.77519  2.98518  4.58477  3.61503
          0.00615  5.48994  6.21228  0.61958  0.77255  0.51845  0.90496
     80   2.75777  4.76173  3.04298  2.33955  1.97685  3.10908  3.96915  3.79890  2.17586  2.98199  4.12448  3.00002  3.60611  3.13285  2.67866  2.81071  3.03547  3.18960  4.00265  3.80384     82 f - - -
          2.68618  4.42225  2.77519  2.73123  3.46354  2.40513  3.72494  3.29354  2.67741  2.69355  4.24690  2.90347  2.73739  3.18146  2.89801  2.37887  2.77519  2.98518  4.58477  3.61503
          0.01193  5.48994  4.86222  0.61958  0.77255  0.51845  0.90496
     81   2.91348  4.52300  2.80708  2.08332  4.38923  3.40086  2.42226  3.40012  2.30886  2.85101  4.49774  2.99362  4.27879  2.79265  2.48678  2.64738  2.69634  3.30832  4.26586  4.10353     83 e - - -
          2.68618  4.42225  2.77519  2.73123  3.46354  2.40513  3.72494  3.29354  2.67741  2.69355  4.24690  2.90347  2.73739  3.18146  2.89801  2.37887  2.77519  2.98518  4.58477  3.61503
          0.09691  5.48419  2.42800  0.61958  0.77255  0.54365  0.86899
     82   2.43854  5.57083  2.45410  2.16065  4.69175  2.43147  3.45658  4.40360  2.13975  3.58458  4.49602  2.68909  3.39320  2.61627  2.36456  2.78221  3.16142  3.88517  5.00273  4.59134     84 k - - -
          2.68618  4.42225  2.77519  2.73123  3.46354  2.40513  3.72494  3.29354  2.67741  2.69355  4.24690  2.90347  2.73739  3.18146  2.89801  2.37887  2.77519  2.98518  4.58477  3.61503
          0.07340  5.39405  2.71466  0.61958  0.77255  0.80512  0.59246
     83   2.86465  4.88571  2.65786  2.33606  4.07295  1.80611  3.92325  4.32158  2.23009  3.68029  4.55504  2.73139  3.91514  2.94450  2.95121  2.82642  3.09365  3.81380  2.92596  3.19894     85 g - - -
          2.68618  4.42225  2.77519  2.73123  3.46354  2.40513  3.72494  3.29354  2.67741  2.69355  4.24690  2.90347  2.73739  3.18146  2.89801  2.37887  2.77519  2.98518  4.58477  3.61503
          0.08033  5.33674  2.62591  0.61958  0.77255  1.00097  0.45811
     84   2.70103  4.86229  2.99350  2.12690  4.71659  2.87869  3.64233  3.58247  2.31750  3.07639  4.02734  3.05317  3.99384  2.55068  2.37232  2.32059  2.44963  3.30283  5.65134  4.38749     86 e - - -
          2.68618  4.42225  2.77519  2.73123  3.46354  2.40513  3.72494  3.29354  2.67741  2.69355  4.24690  2.90347  2.73739  3.18146  2.89801  2.37887  2.77519  2.98518  4.58477  3.61503
          0.00773  5.26235  5.98470  0.61958  0.77255  0.92670  0.50395
     85   2.38774  4.38046  4.79389  4.31251  3.11522  4.22775  4.08679  2.15066  3.90500  1.96399  3.15375  3.86166  2.21156  3.99488  3.87048  3.49245  3.02984  2.05536  2.94960  3.00170     87 l - - -
          2.68618  4.42225  2.77519  2.73123  3.46354  2.40513  3.72494  3.29354  2.67741  2.69355  4.24690  2.90347  2.73739  3.18146  2.89801  2.37887  2.77519  2.98518  4.58477  3.61503
          0.00738  5.30865  6.03100  0.61958  0.77255  0.25842  1.47961
     86   2.62066  4.07719  3.28488  3.81325  2.66052  4.30524  4.11650  1.85884  3.56733  2.51074  3.55458  3.88271  4.67252  3.76492  3.61222  3.55281  2.88929  1.84529  4.11412  2.13296     88 v - - -
          2.68618  4.42225  2.77519  2.73123  3.46354  2.40513  3.72494  3.29354  2.67741  2.69355  4.24690  2.90347  2.73739  3.18146  2.89801  2.37887  2.77519  2.98518  4.58477  3.61503
          0.00614  5.49225  6.21460  0.61958  0.77255  0.51028  0.91712
     87   3.14493  4.62985  5.11280  4.50916  3.55729  3.99236  4.75629  1.96668  4.32036  2.28370  3.48007  4.54662  1.19850  4.47384  4.36867  3.53980  3.47981  1.76714  5.27892  4.09976     89 p - - -
          2.68618  4.42225  2.77519  2.73123  3.46354  2.40513  3.72494  3.29354  2.67741  2.69355  4.24690  2.90347  2.73739  3.18146  2.89801  2.37887  2.77519  2.98518  4.58477  3.61503
          0.00612  5.49515  6.21750  0.61958  0.77255  0.50251  0.92890
     88   2.95628  4.48947  4.92035  3.93284  3.53571  3.36543  2.48219  1.93757  3.99728  2.17166  3.68573  4.29873  4.68989  4.19028  3.70564  3.53590  3.12102  1.28342  5.21194  3.14976     90 v - - -
          2.68618  4.42225  2.77519  2.73123  3.46354  2.40513  3.72494  3.29354  2.67741  2.69355  4.24690  2.90347  2.73739  3.18146  2.89801  2.37887  2.77519  2.98518  4.58477  3.61503
          0.00611  5.49619  6.21854  0.61958  0.77255  0.50558  0.92420
     89   3.67441  6.62417  2.21700  0.39641  5.87615  4.19582  4.74994  5.44267  3.79324  4.26968  5.75669  3.64162  4.82864  3.91450  4.41847  3.82251  4.25096  4.98936  7.04466  4.49968     91 E - - -
          2.68618  4.42225  2.77519  2.73123  3.46354  2.40513  3.72494  3.29354  2.67741  2.69355  4.24690  2.90347  2.73739  3.18146  2.89801  2.37887  2.77519  2.98518  4.58477  3.61503
          0.00611  5.49619  6.21854  0.61958  0.77255  0.50558  0.92420
     90   3.06747  4.22596  5.13434  4.51999  2.73366  4.35260  3.80901  2.10194  4.30797  2.60545  3.43679  3.87074  4.71643  4.44183  4.08564  3.66327  2.99355  1.62329  4.50712  1.43584     92 y - - -
          2.68618  4.42225  2.77519  2.73123  3.46354  2.40513  3.72494  3.29354  2.67741  2.69355  4.24690  2.90347  2.73739  3.18146  2.89801  2.37887  2.77519  2.98518  4.58477  3.61503
          0.00611  5.49619  6.21854  0.61958  0.77255  0.50558  0.92420
     91   4.59372  6.52358  5.15485  4.24274  6.17075  4.98307  4.09846  5.46543  0.23031  4.71945  5.65073  4.50232  5.30348  3.81688  2.76953  4.54933  4.64949  5.17982  6.57719  5.55178     93 K - - -
          2.68618  4.42225  2.77519  2.73123  3.46354  2.40513  3.72494  3.29354  2.67741  2.69355  4.24690  2.90347  2.73739  3.18146  2.89801  2.37887  2.77519  2.98518  4.58477  3.61503
          0.00611  5.49619  6.21854  0.61958  0.77255  0.50558  0.92420
     92   2.91497  5.53568  3.34728  2.84459  3.67086  3.54794  3.17366  3.82691  1.77485  3.22420  4.44641  3.10520  3.55581  3.18705  1.93748  1.88906  3.15502  3.60781  5.99041  3.59607     94 k - - -
          2.68618  4.42225  2.77519  2.73123  3.46354  2.40513  3.72494  3.29354  2.67741  2.69355  4.24690  2.90347  2.73739  3.18146  2.89801  2.37887  2.77519  2.98518  4.58477  3.61503
          0.00611  5.49619  6.21854  0.61958  0.77255  0.50558  0.92420
     93   2.60815  5.40517  3.44876  2.92574  4.29527  1.48351  4.04104  4.10828  2.89201  3.68358  4.17639  3.26885  4.33119  3.04792  3.29818  1.46974  2.79396  3.65527  5.89953  4.54535     95 s - - -
          2.68618  4.42225  2.77519  2.73123  3.46354  2.40513  3.72494  3.29354  2.67741  2.69355  4.24690  2.90347  2.73739  3.18146  2.89801  2.37887  2.77519  2.98518  4.58477  3.61503
          0.00824  5.49619  5.49679  0.61958  0.77255  0.50558  0.92420
     94   2.92772  4.94172  2.72440  2.46317  4.51718  3.44855  3.86422  4.05387  1.72451  3.27758  4.39786  2.91572  3.68279  3.01493  2.05832  2.16501  2.73772  3.68109  5.45245  4.24915     96 k - - -
          2.68618  4.42225  2.77519  2.73123  3.46354  2.40513  3.72494  3.29354  2.67741  2.69355  4.24690  2.90347  2.73739  3.18146  2.89801  2.37887  2.77519  2.98518  4.58477  3.61503
          0.46274  5.49408  1.00422  0.61958  0.77255  0.51511  0.90990
     95   2.43637  5.35962  2.93164  2.36798  4.68644  3.30113  3.49208  3.89788  2.32854  3.41196  3.78745  2.93989  1.83353  2.93015  2.61736  2.68037  3.00864  3.43531  5.80337  3.97618     97 p - - -
          2.68618  4.42225  2.77519  2.73123  3.46354  2.40513  3.72494  3.29354  2.67741  2.69355  4.24690  2.90347  2.73739  3.18146  2.89801  2.37887  2.77519  2.98518  4.58477  3.61503
          0.00965  5.04100  5.76334  0.61958  0.77255  0.17943  1.80636
     96   2.58688  5.15912  3.28715  2.59062  4.95652  3.03164  3.65846  4.36742  1.33813  3.69323  4.28713  3.17994  3.99231  2.82018  2.11913  2.43941  3.08359  3.69624  6.04702  4.42306     98 k - - -
          2.68618  4.42225  2.77519  2.73123  3.46354  2.40513  3.72494  3.29354  2.67741  2.69355  4.24690  2.90347  2.73739  3.18146  2.89801  2.37887  2.77519  2.98518  4.58477  3.61503
          0.02007  5.48732  4.15183  0.61958  0.77255  0.49552  0.93970
     97   2.35949  5.04177  2.80475  2.49331  3.69176  3.88461  3.95174  2.82776  2.54666  2.90650  3.20731  3.14842  2.23039  2.90248  3.10364  2.84035  3.03967  2.55456  5.55762  3.88410     99 p - - -
          2.68618  4.42225  2.77519  2.73123  3.46354  2.40513  3.72494  3.29354  2.67741  2.69355  4.24690  2.90347  2.73739  3.18146  2.89801  2.37887  2.77519  2.98518  4.58477  3.61503
          0.00621  5.48035  6.20270  0.61958  0.77255  0.53185  0.88557
     98   2.91045  5.60104  2.65408  2.02759  3.69528  3.11862  2.70521  3.63298  2.20164  3.40125  4.31014  2.94044  3.79368  2.91585  2.81043  2.47587  3.03984  3.43865  4.02257  3.02695    100 e - - -
          2.68618  4.42225  2.77519  2.73123  3.46354  2.40513  3.72494  3.29354  2.67741  2.69355  4.24690  2.90347  2.73739  3.18146  2.89801  2.37887  2.77519  2.98518  4.58477  3.61503
          0.00617  5.48622  6.20856  0.61958  0.77255  0.54966  0.86073
     99   2.77720  5.61684  2.10500  1.80787  4.57220  3.63183  3.38625  3.78102  2.35421  2.96709  4.45550  2.79470  3.11512  2.77997  2.47383  2.79813  3.12132  3.81812  5.40925  4.30104    101 e - - -
          2.68618  4.42225  2.77519  2.73123  3.46354  2.40513  3.72494  3.29354  2.67741  2.69355  4.24690  2.90347  2.73739  3.18146  2.89801  2.37887  2.77519  2.98518  4.58477  3.61503
          0.00617  5.48622  6.20856  0.61958  0.77255  0.54966  0.86073
    100   1.58135  4.00423  3.34722  2.43676  4.69544  2.75843  3.51217  3.77064  2.81706  3.76302  4.22878  2.73229  3.83141  3.08910  3.13486  2.13258  2.64422  3.44095  4.55505  3.79255    102 a - - -
          2.68618  4.42225  2.77519  2.73123  3.46354  2.40513  3.72494  3.29354  2.67741  2.69355  4.24690  2.90347  2.73739  3.18146  2.89801  2.37887  2.77519  2.98518  4.58477  3.61503
          0.00617  5.48622  6.20856  0.61958  0.77255  0.54966  0.86073
    101   2.26324  5.27088  1.47138  2.83509  4.14142  3.66939  2.07094  4.09535  2.86605  3.64542  4.53222  3.22763  4.24184  2.99576  3.34723  2.75871  3.26002  3.30247  5.94416  3.11815    103 d - - -
          2.68618  4.42225  2.77519  2.73123  3.46354  2.40513  3.72494  3.29354  2.67741  2.69355  4.24690  2.90347  2.73739  3.18146  2.89801  2.37887  2.77519  2.98518  4.58477  3.61503
          0.00617  5.48622  6.20856  0.61958  0.77255  0.54966  0.86073
    102   2.75308  5.54215  2.87199  2.03018  4.77101  3.82814  3.56122  2.24211  1.98789  3.02966  4.08445  3.23332  4.28801  2.98754  2.28822  2.95335  3.16766  2.96009  5.70096  3.77213    104 k - - -
          2.68618  4.42225  2.77519  2.73123  3.46354  2.40513  3.72494  3.29354  2.67741  2.69355  4.24690  2.90347  2.73739  3.18146  2.89801  2.37887  2.77519  2.98518  4.58477  3.61503
          0.00617  5.48622  6.20856  0.61958  0.77255  0.54966  0.86073
    103   2.51238  4.56441  4.41925  4.15521  2.97853  4.33819  4.50140  2.48197  4.18819  1.65168  2.54632  3.89254  4.23991  3.61997  4.07974  3.37156  3.19365  1.95439  2.67310  2.62599    105 l - - -
          2.68618  4.42225  2.77519  2.73123  3.46354  2.40513  3.72494  3.29354  2.67741  2.69355  4.24690  2.90347  2.73739  3.18146  2.89801  2.37887  2.77519  2.98518  4.58477  3.61503
          0.00617  5.48622  6.20856  0.61958  0.77255  0.54966  0.86073
    104   4.07687  6.71079  2.32504  2.97066  5.98377  4.25019  4.81500  5.55570  3.79719  4.26892  5.88523  3.70302  4.90036  0.39032  4.34246  3.92971  4.37202  5.10946  7.11621  5.58717    106 Q - - -
          2.68618  4.42225  2.77519  2.73123  3.46354  2.40513  3.72494  3.29354  2.67741  2.69355  4.24690  2.90347  2.73739  3.18146  2.89801  2.37887  2.77519  2.98518  4.58477  3.61503
          0.00617  5.48622  6.20856  0.61958  0.77255  0.54966  0.86073
    105   2.83870  4.35142  5.10597  4.49444  3.66168  4.05444  4.68546  2.57609  4.28965  0.88017  3.25005  4.50037  4.48857  4.10475  4.31424  3.43343  3.17256  1.79655  5.19234  4.01536    107 l - - -
          2.68618  4.42225  2.77519  2.73123  3.46354  2.40513  3.72494  3.29354  2.67741  2.69355  4.24690  2.90347  2.73739  3.18146  2.89801  2.37887  2.77519  2.98518  4.58477  3.61503
          0.00617  5.48622  6.20856  0.61958  0.77255  0.54966  0.86073
    106   1.81752  1.90463  4.62771  3.90558  3.45419  3.70263  4.57281  2.79474  2.53188  2.15020  3.43714  4.24988  4.63990  3.69503  3.63807  3.00581  2.80825  2.48930  4.74502  3.63497    108 a - - -
          2.68618  4.42225  2.77519  2.73123  3.46354  2.40513  3.72494  3.29354  2.67741  2.69355  4.24690  2.90347  2.73739  3.18146  2.89801  2.37887  2.77519  2.98518  4.58477  3.61503
          0.00617  5.48622  6.20856  0.61958  0.77255  0.54966  0.86073
    107   1.22333  3.59110  5.02164  4.41424  2.37972  3.57037  3.56763  2.83758  4.22478  2.33342  3.44397  4.45529  4.69771  4.37828  4.27496  3.56641  3.15309  2.69596  5.19049  2.14363    109 a - - -
          2.68618  4.42225  2.77519  2.73123  3.46354  2.40513  3.72494  3.29354  2.67741  2.69355  4.24690  2.90347  2.73739  3.18146  2.89801  2.37887  2.77519  2.98518  4.58477  3.61503
          0.00617  5.48622  6.20856  0.61958  0.77255  0.54966  0.86073
    108   3.15286  5.35062  3.81951  3.16455  3.83156  4.21948  4.39765  3.93861  3.30496  3.57152  4.46409  3.82954  4.63733  1.33874  3.67924  3.50825  3.45335  3.67841  5.59859  1.09516    110 y - - -
          2.68618  4.42225  2.77519  2.73123  3.46354  2.40513  3.72494  3.29354  2.67741  2.69355  4.24690  2.90347  2.73739  3.18146  2.89801  2.37887  2.77519  2.98518  4.58477  3.61503
          0.00617  5.48622  6.20856  0.61958  0.77255  0.54966  0.86073
    109   1.37956  2.74883  5.07731  4.46634  3.07443  3.27658  4.67013  2.52435  3.63734  1.82504  3.11236  4.48113  4.70429  4.40855  3.83934  3.01897  3.31116  2.53085  4.48549  3.47851    111 a - - -
          2.68618  4.42225  2.77519  2.73123  3.46354  2.40513  3.72494  3.29354  2.67741  2.69355  4.24690  2.90347  2.73739  3.18146  2.89801  2.37887  2.77519  2.98518  4.58477  3.61503
          0.00617  5.48622  6.20856  0.61958  0.77255  0.54966  0.86073
    110   3.09273  4.35426  4.59270  4.33282  3.30096  4.34030  3.62895  2.30167  3.51220  1.42241  2.11627  4.39049  4.70469  4.08898  3.89702  3.54804  3.37239  2.62165  3.71881  2.02485    112 l - - -
          2.68618  4.42225  2.77519  2.73123  3.46354  2.40513  3.72494  3.29354  2.67741  2.69355  4.24690  2.90347  2.73739  3.18146  2.89801  2.37887  2.77519  2.98518  4.58477  3.61503
          0.00616  5.48786  6.21021  0.61958  0.77255  0.54966  0.86073
    111   2.94023  1.56219  4.75697  3.79333  3.52220  4.32841  4.57381  2.41706  3.77034  1.74527  3.28289  4.23171  4.69358  3.84955  3.39643  3.53165  3.30640  2.07289  5.19328  2.93321    113 c - - -
          2.68618  4.42225  2.77519  2.73123  3.46354  2.40513  3.72494  3.29354  2.67741  2.69355  4.24690  2.90347  2.73739  3.18146  2.89801  2.37887  2.77519  2.98518  4.58477  3.61503
          0.00618  5.48498  6.20733  0.61958  0.77255  0.54966  0.86073
    112   2.93118  4.28331  5.39911  4.78880  3.35475  4.62301  4.95944  2.09188  4.58189  0.70675  3.22937  4.78767  4.95576  4.68771  4.58356  3.94167  3.65614  2.35031  5.40250  3.82318    114 l - - -
          2.68618  4.42225  2.77519  2.73123  3.46354  2.40513  3.72494  3.29354  2.67741  2.69355  4.24690  2.90347  2.73739  3.18146  2.89801  2.37887  2.77519  2.98518  4.58477  3.61503
          0.00618  5.48498  6.20733  0.61958  0.77255  0.54966  0.86073
    113   3.04319  5.62022  3.07766  1.08458  4.96617  3.84372  3.50144  4.45240  1.91793  3.85306  4.50718  3.15143  4.04200  2.89437  2.70669  2.86993  3.15048  3.85093  6.05208  4.64110    115 e - - -
          2.68618  4.42225  2.77519  2.73123  3.46354  2.40513  3.72494  3.29354  2.67741  2.69355  4.24690  2.90347  2.73739  3.18146  2.89801  2.37887  2.77519  2.98518  4.58477  3.61503
          0.01564  5.48498  4.47689  0.61958  0.77255  0.54966  0.86073
    114   2.71770  5.61152  2.60432  1.23776  4.74827  3.59412  3.82802  3.97113  2.21744  3.58928  4.16041  3.01562  4.26766  2.53563  2.83895  2.86236  3.19954  3.91158  6.04410  4.10773    116 e - - -
          2.68618  4.42225  2.77519  2.73123  3.46354  2.40513  3.72494  3.29354  2.67741  2.69355  4.24690  2.90347  2.73739  3.18146  2.89801  2.37887  2.77519  2.98518  4.58477  3.61503
          0.39226  5.47558  1.13855  0.61958  0.77255  0.58906  0.80934
    115   2.66315  4.37914  3.47213  2.74677  4.02545  3.74585  3.48855  2.86465  2.87317  3.03077  1.57231  2.83259  4.22036  3.01042  3.02521  2.88743  2.79522  2.74487  5.40538  3.72038    117 m - - -
          2.68618  4.42225  2.77519  2.73123  3.46354  2.40513  3.72494  3.29354  2.67741  2.69355  4.24690  2.90347  2.73739  3.18146  2.89801  2.37887  2.77519  2.98518  4.58477  3.61503
          0.00917  5.09249  5.81484  0.61958  0.77255  0.21186  1.65589
    116   2.95777  4.04316  4.39912  3.41517  2.34035  4.21940  3.92826  2.99284  2.75086  1.64715  3.05017  3.38830  4.59223  3.60590  3.03009  2.92929  2.47891  2.83640  4.48921  2.60082    118 l - - -
          2.68618  4.42225  2.77519  2.73123  3.46354  2.40513  3.72494  3.29354  2.67741  2.69355  4.24690  2.90347  2.73739  3.18146  2.89801  2.37887  2.77519  2.98518  4.58477  3.61503
          0.00623  5.47695  6.19930  0.61958  0.77255  0.58343  0.81641
    117   2.72641  4.23165  2.99408  2.72201  4.48170  1.14271  3.54931  4.34188  2.55968  3.47635  4.59987  2.73399  4.18666  2.90670  3.26608  2.76355  3.30056  3.55837  6.00038  4.60483    119 g - - -
          2.68618  4.42225  2.77519  2.73123  3.46354  2.40513  3.72494  3.29354  2.67741  2.69355  4.24690  2.90347  2.73739  3.18146  2.89801  2.37887  2.77519  2.98518  4.58477  3.61503
          0.00624  5.47519  6.19754  0.61958  0.77255  0.58343  0.81641
    118   2.76567  2.77833  4.58485  3.48459  3.41652  4.09595  4.35844  1.77506  2.73397  2.18881  3.62342  3.96800  4.62392  3.15817  3.03685  3.44996  2.75665  1.91732  5.25111  3.44503    120 i - - -
          2.68618  4.42225  2.77519  2.73123  3.46354  2.40513  3.72494  3.29354  2.67741  2.69355  4.24690  2.90347  2.73739  3.18146  2.89801  2.37887  2.77519  2.98518  4.58477  3.61503
          0.02114  5.47519  4.09082  0.61958  0.77255  0.58343  0.81641
    119   2.67912  5.16152  2.50377  1.97694  4.83313  3.64769  3.53784  4.06966  2.13335  3.60567  4.16009  2.77798  2.58298  2.93812  2.39589  2.57610  2.76024  3.56783  6.03656  4.40101    121 e - - -
          2.68618  4.42225  2.77519  2.73123  3.46354  2.40513  3.72494  3.29354  2.67741  2.69355  4.24690  2.90347  2.73739  3.18146  2.89801  2.37887  2.77519  2.98518  4.58477  3.61503
          0.03455  5.46039  3.51621  0.61958  0.77255  0.48697  0.95317
    120   2.50256  3.75935  3.90953  3.68837  3.69353  3.21269  4.50479  1.62021  3.13025  2.53851  3.51262  3.92266  2.86951  3.90221  3.35962  3.24230  3.34322  1.63274  5.28274  4.08173    122 i - - -
          2.68618  4.42225  2.77519  2.73123  3.46354  2.40513  3.72494  3.29354  2.67741  2.69355  4.24690  2.90347  2.73739  3.18146  2.89801  2.37887  2.77519  2.98518  4.58477  3.61503
          0.12452  5.45584  2.18205  0.61958  0.77255  0.47632  0.97039
    121   2.66529  4.34906  2.78470  2.29029  4.39831  3.69249  3.69363  3.48935  2.42446  3.61270  4.35461  2.58677  2.06761  2.88043  2.66304  2.44040  2.86592  3.24057  4.59768  4.36731    123 p - - -
          2.68618  4.42225  2.77519  2.73123  3.46354  2.40513  3.72494  3.29354  2.67741  2.69355  4.24690  2.90347  2.73739  3.18146  2.89801  2.37887  2.77519  2.98518  4.58477  3.61503
          0.00694  5.36923  6.09158  0.61958  0.77255  0.34138  1.24059
    122   2.85423  4.72015  3.03952  2.01544  4.15640  3.03659  3.18411  4.23076  1.81466  3.69534  4.48106  3.11370  4.27256  2.81354  2.40482  2.64602  2.62724  3.63837  6.04486  2.93442    124 k - - -
          2.68618  4.42225  2.77519  2.73123  3.46354  2.40513  3.72494  3.29354  2.67741  2.69355  4.24690  2.90347  2.73739  3.18146  2.89801  2.37887  2.77519  2.98518  4.58477  3.61503
          0.00619  5.48323  6.20558  0.61958  0.77255  0.54966  0.86073
    123   2.34017  4.12739  4.51673  3.94005  3.62696  0.82769  4.56942  2.88213  3.84050  2.91960  3.72284  4.18921  4.62388  4.08190  3.93090  3.39206  3.04495  2.83417  5.32878  3.85255    125 g - - -
          2.68618  4.42225  2.77519  2.73123  3.46354  2.40513  3.72494  3.29354  2.67741  2.69355  4.24690  2.90347  2.73739  3.18146  2.89801  2.37887  2.77519  2.98518  4.58477  3.61503
          0.00619  5.48323  6.20558  0.61958  0.77255  0.54966  0.86073
    124   1.94826  4.14748  3.91205  2.79755  2.49225  4.15820  4.49422  2.20838  2.76696  2.57134  3.66272  4.03711  4.58583  3.51944  3.41402  3.11056  3.29653  2.38760  4.87649  2.25449    126 a - - -
          2.68618  4.42225  2.77519  2.73123  3.46354  2.40513  3.72494  3.29354  2.67741  2.69355  4.24690  2.90347  2.73739  3.18146  2.89801  2.37887  2.77519  2.98518  4.58477  3.61503
          0.00794  5.48323  5.58545  0.61958  0.77255  0.54966  0.86073
    125   4.04309  5.06662  6.07056  5.49945  3.36306  5.40447  5.79842  1.28896  5.34443  0.84187  3.50373  5.57584  5.61397  5.37999  5.34252  4.76602  3.84026  2.03891  6.05276  4.97276    127 l - - -
          2.68618  4.42225  2.77519  2.73123  3.46354  2.40513  3.72494  3.29354  2.67741  2.69355  4.24690  2.90347  2.73739  3.18146  2.89801  2.37887  2.77519  2.98518  4.58477  3.61503
          0.01428  5.48149  4.60409  0.61958  0.77255  0.55707  0.85071
    126   2.95468  4.12630  3.20291  2.72470  2.16087  4.10277  3.13775  3.22494  3.06706  2.45039  3.41228  3.28731  4.48322  3.23519  2.92285  3.20247  3.25649  2.45538  3.70317  2.17654    128 f - - -
          2.68618  4.42225  2.77519  2.73123  3.46354  2.40513  3.72494  3.29354  2.67741  2.69355  4.24690  2.90347  2.73739  3.18146  2.89801  2.37887  2.77519  2.98518  4.58477  3.61503
          0.00625  5.47347  6.19582  0.61958  0.77255  0.57765  0.82374
    127   3.08303  4.27463  4.98701  4.04920  2.55027  4.32409  3.33371  2.85044  4.19804  2.31295  3.58066  4.43616  4.68926  4.23031  4.25844  3.26594  3.14783  2.65133  4.88573  0.96648    129 y - - -
          2.68618  4.42225  2.77519  2.73123  3.46354  2.40513  3.72494  3.29354  2.67741  2.69355  4.24690  2.90347  2.73739  3.18146  2.89801  2.37887  2.77519  2.98518  4.58477  3.61503
          0.00623  5.47672  6.19906  0.61958  0.77255  0.52572  0.89436
    128   2.52168  5.13522  3.41555  2.91291  3.86452  2.19910  3.35566  2.59981  2.98255  2.54950  3.77281  3.24843  2.13909  3.18650  3.07121  3.02338  2.84980  2.94736  4.27889  4.09323    130 p - - -
          2.68618  4.42225  2.77519  2.73123  3.46354  2.40513  3.72494  3.29354  2.67741  2.69355  4.24690  2.90347  2.73739  3.18146  2.89801  2.37887  2.77519  2.98518  4.58477  3.61503
          0.09031  5.48471  2.49852  0.61958  0.77255  0.54966  0.86073
    129   2.72482  5.24171  2.86564  1.85010  4.64680  3.33139  3.93536  4.40674  1.92823  3.10198  4.61461  2.47832  3.59822  2.49899  2.57992  2.57295  2.85683  3.81171  6.00633  4.59484    131 e - - -
          2.68618  4.42225  2.77519  2.73123  3.46354  2.40513  3.72494  3.29354  2.67741  2.69355  4.24690  2.90347  2.73739  3.18146  2.89801  2.37887  2.77519  2.98518  4.58477  3.61503
          0.01646  5.40112  4.43880  0.61958  0.77255  0.84563  0.56087
    130   2.91517  5.53466  3.08074  2.17836  4.74666  3.39444  3.97302  3.12306  2.24838  2.66497  4.17588  2.60825  3.67647  2.98108  2.99298  2.17584  2.03594  3.49628  5.97577  4.57336    132 t - - -
          2.68618  4.42225  2.77519  2.73123  3.46354  2.40513  3.72494  3.29354  2.67741  2.69355  4.24690  2.90347  2.73739  3.18146  2.89801  2.37887  2.77519  2.98518  4.58477  3.61503
          0.00679  5.39146  6.11380  0.61958  0.77255  0.36988  1.17383
    131   2.88220  5.61707  2.71198  2.68146  4.81707  3.34418  3.14112  4.44906  1.75896  3.75510  4.44296  2.45698  4.27221  2.87199  1.54486  2.89020  3.24882  3.79979  6.04931  4.50037    133 r - - -
          2.68618  4.42225  2.77519  2.73123  3.46354  2.40513  3.72494  3.29354  2.67741  2.69355  4.24690  2.90347  2.73739  3.18146  2.89801  2.37887  2.77519  2.98518  4.58477  3.61503
          0.00619  5.48365  6.20600  0.61958  0.77255  0.55422  0.85454
    132   3.10594  5.08920  3.19843  2.63806  4.51441  3.79376  2.95921  4.32955  1.75806  3.56506  4.64307  3.22138  4.27538  2.57739  1.51451  2.86000  3.07563  3.70258  6.03717  3.04158    134 r - - -
          2.68618  4.42225  2.77519  2.73123  3.46354  2.40513  3.72494  3.29354  2.67741  2.69355  4.24690  2.90347  2.73739  3.18146  2.89801  2.37887  2.77519  2.98518  4.58477  3.61503
          0.00619  5.48365  6.20600  0.61958  0.77255  0.55422  0.85454
    133   2.80821  5.01353  3.48170  2.91123  4.27621  3.82762  3.82194  3.81823  2.58249  2.86180  3.78896  3.32973  4.07680  2.93098  1.38256  2.75683  2.26778  2.68601  5.32381  4.14211    135 r - - -
          2.68618  4.42225  2.77519  2.73123  3.46354  2.40513  3.72494  3.29354  2.67741  2.69355  4.24690  2.90347  2.73739  3.18146  2.89801  2.37887  2.77519  2.98518  4.58477  3.61503
          0.00619  5.48365  6.20600  0.61958  0.77255  0.55422  0.85454
    134   3.03196  4.31867  3.50880  1.91023  2.83288  4.01138  3.14588  2.55873  2.59161  2.66605  3.83044  3.35503  4.39768  2.88356  2.88829  3.08978  2.85856  2.23534  5.66613  3.69406    136 e - - -
          2.68618  4.42225  2.77519  2.73123  3.46354  2.40513  3.72494  3.29354  2.67741  2.69355  4.24690  2.90347  2.73739  3.18146  2.89801  2.37887  2.77519  2.98518  4.58477  3.61503
          0.00619  5.48365  6.20600  0.61958  0.77255  0.55422  0.85454
    135   2.74159  5.60276  2.85142  1.65415  3.72675  3.85207  3.76593  3.16098  2.18640  3.58963  4.38900  3.13376  3.12992  2.79978  2.46737  2.80383  2.72013  3.16894  6.03876  4.14355    137 e - - -
          2.68618  4.42225  2.77519  2.73123  3.46354  2.40513  3.72494  3.29354  2.67741  2.69355  4.24690  2.90347  2.73739  3.18146  2.89801  2.37887  2.77519  2.98518  4.58477  3.61503
          0.00619  5.48365  6.20600  0.61958  0.77255  0.55422  0.85454
    136   3.14250  4.40630  5.02502  3.66827  3.19535  4.33206  4.05106  1.87082  3.79357  2.33862  3.68684  4.23037  4.69689  4.20611  4.03461  3.59856  3.32061  0.93431  5.18858  3.69629    138 v - - -
          2.68618  4.42225  2.77519  2.73123  3.46354  2.40513  3.72494  3.29354  2.67741  2.69355  4.24690  2.90347  2.73739  3.18146  2.89801  2.37887  2.77519  2.98518  4.58477  3.61503
          0.00619  5.48365  6.20600  0.61958  0.77255  0.55422  0.85454
    137   2.46512  4.81282  2.41890  1.84438  4.20641  3.82874  3.79724  3.37160  2.49762  3.10763  4.37362  2.81713  2.66977  3.01061  2.96145  2.67259  2.88935  2.93917  6.02294  4.09421    139 e - - -
          2.68618  4.42225  2.77519  2.73123  3.46354  2.40513  3.72494  3.29354  2.67741  2.69355  4.24690  2.90347  2.73739  3.18146  2.89801  2.37887  2.77519  2.98518  4.58477  3.61503
          0.01590  5.48365  4.45527  0.61958  0.77255  0.55422  0.85454
    138   3.03878  4.54741  4.82505  4.51130  1.87101  4.01805  4.23105  1.96962  4.29811  1.41110  3.40204  3.57209  4.70336  4.43096  4.11606  3.65048  3.40343  2.35579  3.88299  2.72257    140 l - - -
          2.68618  4.42225  2.77519  2.73123  3.46354  2.40513  3.72494  3.29354  2.67741  2.69355  4.24690  2.90347  2.73739  3.18146  2.89801  2.37887  2.77519  2.98518  4.58477  3.61503
          0.00625  5.47400  6.19635  0.61958  0.77255  0.59440  0.80273
    139   3.03844  5.16778  1.84545  2.61176  4.68907  3.65014  4.01915  4.38469  2.68322  3.57699  4.42455  2.85937  4.11608  3.16988  3.19151  2.20741  1.43389  3.82856  6.01889  4.43431    141 t - - -
          2.68618  4.42225  2.77519  2.73123  3.46354  2.40513  3.72494  3.29354  2.67741  2.69355  4.24690  2.90347  2.73739  3.18146  2.89801  2.37887  2.77519  2.98518  4.58477  3.61503
          0.00625  5.47400  6.19635  0.61958  0.77255  0.59440  0.80273
    140   2.31581  5.61077  1.92669  1.65851  4.77568  3.63532  3.74530  4.19350  2.37813  3.69201  4.50854  3.12619  2.62358  2.96058  3.12735  2.75008  3.06098  3.78196  6.04333  4.47008    142 e - - -
          2.68618  4.42225  2.77519  2.73123  3.46354  2.40513  3.72494  3.29354  2.67741  2.69355  4.24690  2.90347  2.73739  3.18146  2.89801  2.37887  2.77519  2.98518  4.58477  3.61503
          0.00625  5.47400  6.19635  0.61958  0.77255  0.59440  0.80273
    141   2.23270  5.61222  2.60055  1.47834  4.86230  3.26132  3.90722  4.09305  2.19905  3.91787  4.44440  3.06820  3.81258  2.63226  2.84227  2.65610  2.93893  3.72371  6.04440  4.34239    143 e - - -
          2.68618  4.42225  2.77519  2.73123  3.46354  2.40513  3.72494  3.29354  2.67741  2.69355  4.24690  2.90347  2.73739  3.18146  2.89801  2.37887  2.77519  2.98518  4.58477  3.61503
          0.00625  5.47400  6.19635  0.61958  0.77255  0.59440  0.80273
    142   2.48328  5.08808  2.24250  2.90678  4.26860  3.79168  4.05175  3.07449  3.06688  1.32099  3.55833  3.18039  4.40379  3.34913  3.18167  3.02302  3.11663  2.78614  5.63392  3.97380    144 l - - -
          2.68618  4.42225  2.77519  2.73123  3.46354  2.40513  3.72494  3.29354  2.67741  2.69355  4.24690  2.90347  2.73739  3.18146  2.89801  2.37887  2.77519  2.98518  4.58477  3.61503
          0.00625  5.47400  6.19635  0.61958  0.77255  0.59440  0.80273
    143   2.91014  5.31115  3.24498  1.98361  3.76676  3.89296  3.96170  3.38416  2.17407  3.15912  4.18007  3.28201  4.28543  2.92462  1.36400  3.04624  3.27082  3.50740  5.97349  4.04795    145 r - - -
          2.68618  4.42225  2.77519  2.73123  3.46354  2.40513  3.72494  3.29354  2.67741  2.69355  4.24690  2.90347  2.73739  3.18146  2.89801  2.37887  2.77519  2.98518  4.58477  3.61503
          0.00625  5.47400  6.19635  0.61958  0.77255  0.59440  0.80273
    144   2.16157  4.92352  2.69744  1.98308  4.64463  3.48380  3.67564  3.81140  2.16421  3.49747  4.20968  2.68584  4.18941  2.24554  2.55541  2.81974  2.81925  3.62655  6.04307  4.63207    146 e - - -
          2.68618  4.42225  2.77519  2.73123  3.46354  2.40513  3.72494  3.29354  2.67741  2.69355  4.24690  2.90347  2.73739  3.18146  2.89801  2.37887  2.77519  2.98518  4.58477  3.61503
          0.00625  5.47400  6.19635  0.61958  0.77255  0.59440  0.80273
    145   2.69024  5.39183  3.09193  1.65969  4.31574  3.61729  3.86357  3.76185  2.00539  2.73945  4.15508  2.97776  4.26944  2.46757  2.51048  2.77089  3.03777  3.81987  5.47724  3.68686    147 e - - -
          2.68618  4.42225  2.77519  2.73123  3.46354  2.40513  3.72494  3.29354  2.67741  2.69355  4.24690  2.90347  2.73739  3.18146  2.89801  2.37887  2.77519  2.98518  4.58477  3.61503
          0.00625  5.47400  6.19635  0.61958  0.77255  0.59440  0.80273
    146   2.68431  4.26928  5.13439  4.52005  3.37283  4.28571  4.68182  2.06060  4.30706  1.62538  3.30263  4.28011  4.71114  4.44000  4.21668  3.65904  2.02370  1.45788  5.17749  3.75096    148 v - - -
          2.68618  4.42225  2.77519  2.73123  3.46354  2.40513  3.72494  3.29354  2.67741  2.69355  4.24690  2.90347  2.73739  3.18146  2.89801  2.37887  2.77519  2.98518  4.58477  3.61503
          0.00625  5.47400  6.19635  0.61958  0.77255  0.57866  0.82246
    147   2.68365  4.89142  3.08262  1.78110  4.52686  3.66677  3.74089  3.10195  2.08706  2.36797  4.27622  3.30879  3.68399  2.73260  2.47169  2.95915  3.07155  3.18577  4.64007  4.35754    149 e - - -
          2.68618  4.42225  2.77519  2.73123  3.46354  2.40513  3.72494  3.29354  2.67741  2.69355  4.24690  2.90347  2.73739  3.18146  2.89801  2.37887  2.77519  2.98518  4.58477  3.61503
          0.00624  5.47616  6.19850  0.61958  0.77255  0.58560  0.81367
    148   2.32444  5.02946  2.42480  1.83733  4.95933  3.49945  3.62783  4.09327  2.07754  3.70330  4.21921  2.62190  4.26765  2.59395  2.74577  2.53786  2.80135  3.70260  6.04555  4.56512    150 e - - -
          2.68618  4.42225  2.77519  2.73123  3.46354  2.40513  3.72494  3.29354  2.67741  2.69355  4.24690  2.90347  2.73739  3.18146  2.89801  2.37887  2.77519  2.98518  4.58477  3.61503
          0.00624  5.47616  6.19850  0.61958  0.77255  0.56344  0.84222
    149   2.10544  4.20926  3.48324  3.80130  3.51005  4.20300  4.36881  1.98230  3.14431  2.09984  2.95916  3.59375  4.61274  3.34436  3.89072  2.98744  2.05975  2.40812  4.31480  3.76304    151 i - - -
          2.68618  4.42225  2.77519  2.73123  3.46354  2.40513  3.72494  3.29354  2.67741  2.69355  4.24690  2.90347  2.73739  3.18146  2.89801  2.37887  2.77519  2.98518  4.58477  3.61503
          0.00622  5.47919  6.20153  0.61958  0.77255  0.57305  0.82967
    150   2.18324  3.91043  4.91180  3.52516  3.02164  4.33253  4.66140  1.54196  3.87318  1.72979  3.27972  4.46561  4.69710  4.06081  3.83809  3.05126  2.99430  2.07772  5.18201  3.82261    152 i - - -
          2.68618  4.42225  2.77519  2.73123  3.46354  2.40513  3.72494  3.29354  2.67741  2.69355  4.24690  2.90347  2.73739  3.18146  2.89801  2.37887  2.77519  2.98518  4.58477  3.61503
          0.00622  5.47919  6.20153  0.61958  0.77255  0.57305  0.82967
    151   2.17109  5.45965  2.61614  2.00238  4.95820  3.29248  3.63931  3.79457  2.14152  3.36425  4.49539  2.87769  3.86652  2.47729  2.65457  2.49349  2.83788  3.63795  5.76627  4.17886    153 e - - -
          2.68618  4.42225  2.77519  2.73123  3.46354  2.40513  3.72494  3.29354  2.67741  2.69355  4.24690  2.90347  2.73739  3.18146  2.89801  2.37887  2.77519  2.98518  4.58477  3.61503
          0.00624  5.47616  6.19850  0.61958  0.77255  0.57305  0.82967
    152   2.26347  5.39948  2.43744  1.47465  4.95934  3.32984  3.94492  4.44592  2.33360  3.61349  4.25714  3.06807  4.26769  2.48422  2.56627  2.75111  3.09357  3.94450  6.04558  4.45483    154 e - - -
          2.68618  4.42225  2.77519  2.73123  3.46354  2.40513  3.72494  3.29354  2.67741  2.69355  4.24690  2.90347  2.73739  3.18146  2.89801  2.37887  2.77519  2.98518  4.58477  3.61503
          0.00624  5.47616  6.19850  0.61958  0.77255  0.57305  0.82967
    153   2.53379  4.28553  5.17533  4.33888  3.16847  4.38625  4.72371  1.37183  4.34960  2.16403  1.73809  4.54851  4.74716  4.27708  4.35937  3.69902  3.24096  2.00509  5.21467  4.03897    155 i - - -
          2.68618  4.42225  2.77519  2.73123  3.46354  2.40513  3.72494  3.29354  2.67741  2.69355  4.24690  2.90347  2.73739  3.18146  2.89801  2.37887  2.77519  2.98518  4.58477  3.61503
          0.00624  5.47616  6.19850  0.61958  0.77255  0.57305  0.82967
    154   2.87644  5.38583  3.23576  2.34277  4.08499  3.74622  2.28896  3.96004  2.28295  2.63217  4.28734  2.94619  4.20289  2.63359  1.75243  2.89481  3.17083  3.62708  5.40187  4.25890    156 r - - -
          2.68618  4.42225  2.77519  2.73123  3.46354  2.40513  3.72494  3.29354  2.67741  2.69355  4.24690  2.90347  2.73739  3.18146  2.89801  2.37887  2.77519  2.98518  4.58477  3.61503
          0.01317  5.47616  4.72225  0.61958  0.77255  0.57305  0.82967
    155   2.08896  5.60951  2.67143  1.87719  4.95535  3.17411  3.53890  4.32368  2.33417  3.44778  4.26595  2.79840  4.26403  2.31639  2.60426  2.64346  2.83113  3.73617  5.51040  4.51727    157 e - - -
          2.68618  4.42225  2.77519  2.73123  3.46354  2.40513  3.72494  3.29354  2.67741  2.69355  4.24690  2.90347  2.73739  3.18146  2.89801  2.37887  2.77519  2.98518  4.58477  3.61503
          0.00628  5.46927  6.19162  0.61958  0.77255  0.60120  0.79442
    156   2.61147  4.40461  3.70596  4.45497  3.31430  4.19226  4.32797  1.66255  4.06507  1.46515  2.58709  4.27656  4.69261  4.14453  4.28451  3.63679  2.93005  2.34517  5.17145  2.71105    158 l - - -
          2.68618  4.42225  2.77519  2.73123  3.46354  2.40513  3.72494  3.29354  2.67741  2.69355  4.24690  2.90347  2.73739  3.18146  2.89801  2.37887  2.77519  2.98518  4.58477  3.61503
          0.00629  5.46710  6.18945  0.61958  0.77255  0.60120  0.79442
    157   2.51711  3.83422  4.61981  3.70929  2.77113  4.17106  4.65959  1.75962  3.90606  1.57590  3.16564  4.16059  4.69333  4.40040  3.38356  3.17521  3.27852  2.15887  4.95401  2.78593    159 l - - -
          2.68618  4.42225  2.77519  2.73123  3.46354  2.40513  3.72494  3.29354  2.67741  2.69355  4.24690  2.90347  2.73739  3.18146  2.89801  2.37887  2.77519  2.98518  4.58477  3.61503
          0.01441  5.46710  4.59661  0.61958  0.77255  0.55180  0.85782
    158   2.20015  5.60543  2.63015  1.95393  4.31931  3.28881  3.34975  3.96354  2.48681  3.23669  4.43533  2.67966  4.26272  2.47829  2.46675  2.52110  2.95905  3.52100  6.03827  4.06729    160 e - - -
          2.68618  4.42225  2.77519  2.73123  3.46354  2.40513  3.72494  3.29354  2.67741  2.69355  4.24690  2.90347  2.73739  3.18146  2.89801  2.37887  2.77519  2.98518  4.58477  3.61503
          0.00630  5.46599  6.18834  0.61958  0.77255  0.53389  0.88266
    159   2.39453  4.82043  2.90626  2.32080  4.75799  3.15365  3.86960  4.27763  2.41250  2.98943  3.91386  2.74305  4.26862  2.31068  2.34911  2.04988  2.79410  3.77562  6.04164  4.28950    161 s - - -
          2.68618  4.42225  2.77519  2.73123  3.46354  2.40513  3.72494  3.29354  2.67741  2.69355  4.24690  2.90347  2.73739  3.18146  2.89801  2.37887  2.77519  2.98518  4.58477  3.61503
          0.00624  5.47612  6.19847  0.61958  0.77255  0.52223  0.89942
    160   2.55914  5.31441  2.71961  1.91406  4.84675  2.06265  3.92235  4.16269  2.32811  3.58471  4.55188  2.83543  2.68596  2.84445  2.71260  2.67826  3.17689  3.85452  5.18967  4.63661    162 e - - -
          2.68618  4.42225  2.77519  2.73123  3.46354  2.40513  3.72494  3.29354  2.67741  2.69355  4.24690  2.90347  2.73739  3.18146  2.89801  2.37887  2.77519  2.98518  4.58477  3.61503
          0.00946  5.48191  5.24822  0.61958  0.77255  0.53952  0.87474
    161   2.61503  4.99032  2.91092  2.36126  4.37637  3.81041  3.15844  2.93116  2.14616  3.12646  3.85854  2.86328  4.28140  2.70558  2.63182  2.71242  2.59679  2.99499  5.99928  2.88646    163 k - - -
          2.68618  4.42225  2.77519  2.73123  3.46354  2.40513  3.72494  3.29354  2.67741  2.69355  4.24690  2.90347  2.73739  3.18146  2.89801  2.37887  2.77519  2.98518  4.58477  3.61503
          0.00990  5.47867  5.17228  0.61958  0.77255  0.52969  0.88864
    162   2.75884  3.37666  4.82553  3.36409  2.95064  4.06267  4.15225  2.48899  3.49850  2.16852  3.13427  4.29979  2.13411  4.26334  4.04620  3.11866  1.91127  2.26398  5.21430  3.25613    164 t - - -
          2.68618  4.42225  2.77519  2.73123  3.46354  2.40513  3.72494  3.29354  2.67741  2.69355  4.24690  2.90347  2.73739  3.18146  2.89801  2.37887  2.77519  2.98518  4.58477  3.61503
          0.00622  5.47828  6.20062  0.61958  0.77255  0.51870  0.90459
    163   3.06108  5.59340  3.19677  2.81739  4.85578  3.95036  3.93048  3.87964  3.08127  3.87181  4.69223  3.47305  0.65786  3.45180  3.63923  3.32693  3.55892  3.75638  6.10397  4.74911    165 P - - -
          2.68618  4.42225  2.77519  2.73123  3.46354  2.40513  3.72494  3.29354  2.67741  2.69355  4.24690  2.90347  2.73739  3.18146  2.89801  2.37887  2.77519  2.98518  4.58477  3.61503
          0.00620  5.48191  6.20426  0.61958  0.77255  0.53360  0.88308
    164   2.43139  5.41999  2.66406  2.18921  4.95933  3.55240  3.57689  3.71112  1.96909  3.42642  4.36570  3.11392  2.18284  2.83914  2.49054  2.72627  3.02501  3.55642  6.04705  4.63614    166 k - - -
          2.68618  4.42225  2.77519  2.73123  3.46354  2.40513  3.72494  3.29354  2.67741  2.69355  4.24690  2.90347  2.73739  3.18146  2.89801  2.37887  2.77519  2.98518  4.58477  3.61503
          0.01601  5.48191  4.44649  0.61958  0.77255  0.53360  0.88308
    165   2.00307  4.60983  3.79246  3.13202  3.67828  3.91347  4.25059  2.62757  2.99788  2.60296  3.75501  3.61286  2.10278  3.61809  2.76184  2.52465  2.96925  2.16390  5.02568  4.02345    167 a - - -
          2.68618  4.42225  2.77519  2.73123  3.46354  2.40513  3.72494  3.29354  2.67741  2.69355  4.24690  2.90347  2.73739  3.18146  2.89801  2.37887  2.77519  2.98518  4.58477  3.61503
          0.01322  5.47217  4.71826  0.61958  0.77255  0.50544  0.92442
    166   2.66034  5.25221  2.81674  2.22619  4.83107  3.80454  2.95034  3.14704  2.01522  3.05883  4.64094  3.02292  3.33908  2.89984  2.75787  2.50840  2.56275  2.68220  6.03473  4.62692    168 k - - -
          2.68618  4.42225  2.77519  2.73123  3.46354  2.40513  3.72494  3.29354  2.67741  2.69355  4.24690  2.90347  2.73739  3.18146  2.89801  2.37887  2.77519  2.98518  4.58477  3.61503
          0.01123  5.47507  4.96494  0.61958  0.77255  0.51347  0.91234
    167   2.66094  5.59052  2.85692  2.48956  3.60915  3.55618  3.40807  3.55415  1.99004  3.26985  4.54475  2.63653  3.06873  2.93271  2.76447  2.48059  2.72623  3.55204  5.17264  2.72591    169 k - - -
          2.68618  4.42225  2.77519  2.73123  3.46354  2.40513  3.72494  3.29354  2.67741  2.69355  4.24690  2.90347  2.73739  3.18146  2.89801  2.37887  2.77519  2.98518  4.58477  3.61503
          0.00623  5.47699  6.19934  0.61958  0.77255  0.55474  0.85383
    168   2.75841  4.96419  2.62687  2.54317  3.68159  2.48503  3.92261  3.04222  1.96043  3.37439  3.84618  3.12060  3.05207  2.98438  2.70283  2.35600  2.78911  3.62788  5.39195  4.61506    170 k - - -
          2.68618  4.42225  2.77519  2.73123  3.46354  2.40513  3.72494  3.29354  2.67741  2.69355  4.24690  2.90347  2.73739  3.18146  2.89801  2.37887  2.77519  2.98518  4.58477  3.61503
          0.00623  5.47699  6.19934  0.61958  0.77255  0.55474  0.85383
    169   2.36038  5.25836  3.28683  2.60675  4.95031  3.06803  3.63739  4.20536  1.54461  3.74707  4.36854  2.91473  2.75686  2.80182  2.59674  2.32788  2.96008  3.70586  5.00108  4.48905    171 k - - -
          2.68618  4.42225  2.77519  2.73123  3.46354  2.40513  3.72494  3.29354  2.67741  2.69355  4.24690  2.90347  2.73739  3.18146  2.89801  2.37887  2.77519  2.98518  4.58477  3.61503
          0.00623  5.47699  6.19934  0.61958  0.77255  0.55474  0.85383
    170   2.68568  4.72598  3.45246  2.72151  3.12230  3.38518  2.99087  3.01399  1.88897  3.28981  4.29970  3.23215  4.20177  2.68555  1.83575  2.87751  3.19594  3.68325  4.72041  3.41678    172 r - - -
          2.68618  4.42225  2.77519  2.73123  3.46354  2.40513  3.72494  3.29354  2.67741  2.69355  4.24690  2.90347  2.73739  3.18146  2.89801  2.37887  2.77519  2.98518  4.58477  3.61503
          0.01062  5.47699  5.05429  0.61958  0.77255  0.55474  0.85383
    171   3.48261  0.18919  5.78414  5.73866  5.49735  4.18825  6.11333  4.96199  5.44788  4.29253  5.83024  5.07785  5.04466  5.68568  5.43183  3.44453  4.06315  4.40912  6.98667  5.71343    173 C - - -
          2.68618  4.42225  2.77519  2.73123  3.46354  2.40513  3.72494  3.29354  2.67741  2.69355  4.24690  2.90347  2.73739  3.18146  2.89801  2.37887  2.77519  2.98518  4.58477  3.61503
          0.00805  5.47263  5.56752  0.61958  0.77255  0.57302  0.82969
    172   2.63405  5.19586  2.90666  2.53802  4.77116  3.26109  3.75098  3.68417  1.68154  3.19755  4.21762  2.64473  3.70264  2.86183  1.97635  2.69836  2.97434  3.60368  5.46434  4.54652    174 k - - -
          2.68618  4.42225  2.77519  2.73123  3.46354  2.40513  3.72494  3.29354  2.67741  2.69355  4.24690  2.90347  2.73739  3.18146  2.89801  2.37887  2.77519  2.98518  4.58477  3.61503
          0.00627  5.47085  6.19320  0.61958  0.77255  0.58038  0.82027
    173   2.16365  5.39557  2.61949  2.66433  4.31166  2.79633  3.00172  4.21842  1.94634  3.64178  4.56320  2.54051  4.11488  2.75198  2.76019  2.27962  2.99739  3.75082  6.04116  3.94136    175 k - - -
          2.68618  4.42225  2.77519  2.73123  3.46354  2.40513  3.72494  3.29354  2.67741  2.69355  4.24690  2.90347  2.73739  3.18146  2.89801  2.37887  2.77519  2.98518  4.58477  3.61503
          0.00627  5.47085  6.19320  0.61958  0.77255  0.58038  0.82027
    174   3.93892  0.14938  5.91269  5.74733  5.47147  4.57140  6.11815  5.02926  5.16815  4.22246  5.87001  5.37184  5.36601  5.68510  4.31252  4.17960  4.48252  4.63322  6.89769  5.66630    176 C - - -
          2.68618  4.42225  2.77519  2.73123  3.46354  2.40513  3.72494  3.29354  2.67741  2.69355  4.24690  2.90347  2.73739  3.18146  2.89801  2.37887  2.77519  2.98518  4.58477  3.61503
          0.01324  5.47085  4.71694  0.61958  0.77255  0.55511  0.85334
    175   2.08339  4.66842  3.13367  2.39291  4.02277  2.85058  4.10554  3.76378  2.87562  3.57742  4.48725  3.41107  3.66510  3.12891  3.29251  1.27280  2.96998  3.47000  5.90434  4.16785    177 s - - -
          2.68618  4.42225  2.77519  2.73123  3.46354  2.40513  3.72494  3.29354  2.67741  2.69355  4.24690  2.90347  2.73739  3.18146  2.89801  2.37887  2.77519  2.98518  4.58477  3.61503
          0.00629  5.46743  6.18978  0.61958  0.77255  0.59430  0.80285
    176   3.18861  3.81510  5.12171  4.50962  2.46498  4.35459  4.67746  2.90591  4.30067  1.30710  3.28054  4.50592  4.71674  4.04973  4.05829  3.52758  3.42057  2.73608  5.17127  1.39082    178 l - - -
          2.68618  4.42225  2.77519  2.73123  3.46354  2.40513  3.72494  3.29354  2.67741  2.69355  4.24690  2.90347  2.73739  3.18146  2.89801  2.37887  2.77519  2.98518  4.58477  3.61503
          0.00629  5.46743  6.18978  0.61958  0.77255  0.59430  0.80285
    177   2.69381  4.34601  3.64092  2.84786  2.95862  3.80166  3.79242  3.10161  2.15827  2.72916  3.92944  3.02299  4.06244  2.75976  2.17451  2.96613  3.03454  2.96108  4.81679  2.39976    179 k - - -
          2.68618  4.42225  2.77519  2.73123  3.46354  2.40513  3.72494  3.29354  2.67741  2.69355  4.24690  2.90347  2.73739  3.18146  2.89801  2.37887  2.77519  2.98518  4.58477  3.61503
          0.00629  5.46743  6.18978  0.61958  0.77255  0.54490  0.86726
    178   2.84993  5.61424  1.68728  1.65665  4.96024  3.08653  3.56649  4.29580  2.63782  3.81404  4.65471  2.32851  3.62230  3.00675  2.94271  2.74041  3.17946  4.00539  6.04632  4.42366    180 e - - -
          2.68618  4.42225  2.77519  2.73123  3.46354  2.40513  3.72494  3.29354  2.67741  2.69355  4.24690  2.90347  2.73739  3.18146  2.89801  2.37887  2.77519  2.98518  4.58477  3.61503
          0.01442  5.47433  4.59281  0.61958  0.77255  0.56595  0.83891
    179   2.78734  4.34824  4.42689  3.82578  2.10001  3.96786  3.81536  1.87156  3.88688  1.88472  3.61116  3.45248  4.11622  3.76175  3.69199  3.44678  2.95824  2.41172  4.96937  2.31724    181 i - - -
          2.68618  4.42225  2.77519  2.73123  3.46354  2.40513  3.72494  3.29354  2.67741  2.69355  4.24690  2.90347  2.73739  3.18146  2.89801  2.37887  2.77519  2.98518  4.58477  3.61503
          0.00853  5.46621  5.45697  0.61958  0.77255  0.56580  0.83911
    180   3.38413  0.24909  5.78968  5.66679  5.37647  3.75805  6.04914  4.32552  5.39420  4.03098  5.43756  5.00956  4.97747  5.58438  5.38209  3.64187  3.94326  3.26520  6.93145  5.74432    182 C - - -
          2.68618  4.42225  2.77519  2.73123  3.46354  2.40513  3.72494  3.29354  2.67741  2.69355  4.24690  2.90347  2.73739  3.18146  2.89801  2.37887  2.77519  2.98518  4.58477  3.61503
          0.00762  5.46864  5.69200  0.61958  0.77255  0.58939  0.80893
    181   3.03391  3.88059  3.16445  3.22957  2.64377  3.34340  3.98221  2.87430  3.59911  1.85434  2.75085  3.08591  4.24758  3.13458  3.36186  3.33706  3.08907  2.83579  2.59205  2.69808    183 l - - -
          2.68618  4.42225  2.77519  2.73123  3.46354  2.40513  3.72494  3.29354  2.67741  2.69355  4.24690  2.90347  2.73739  3.18146  2.89801  2.37887  2.77519  2.98518  4.58477  3.61503
          0.01552  5.46732  4.49364  0.61958  0.77255  0.58510  0.81430
    182   2.55797  4.95038  2.54833  2.53340  4.49678  3.28675  4.06475  3.02714  2.45597  3.74081  4.36560  3.31713  1.65715  2.69521  2.99692  2.55870  3.15814  3.21230  5.99309  4.23942    184 p - - -
          2.68618  4.42225  2.77519  2.73123  3.46354  2.40513  3.72494  3.29354  2.67741  2.69355  4.24690  2.90347  2.73739  3.18146  2.89801  2.37887  2.77519  2.98518  4.58477  3.61503
          0.21551  5.45645  1.66282  0.61958  0.77255  0.62575  0.76541
    183   2.60013  5.26779  2.43314  2.02659  3.68237  3.21880  3.61936  4.01038  2.05113  3.34109  4.29943  2.86750  3.99139  2.72835  2.29069  2.81928  2.98948  3.18380  5.33524  4.17784    185 e - - -
          2.68618  4.42225  2.77519  2.73123  3.46354  2.40513  3.72494  3.29354  2.67741  2.69355  4.24690  2.90347  2.73739  3.18146  2.89801  2.37887  2.77519  2.98518  4.58477  3.61503
          0.07033  5.24506  2.77035  0.61958  0.77255  1.17135  0.37099
    184   2.47321  4.34126  3.24294  2.18961  3.71112  3.64634  4.16880  2.80627  3.03234  1.66898  3.56152  3.45879  4.15794  3.18718  3.31474  2.78974  2.81601  2.50682  4.57058  3.80401    186 l - - -
          2.68618  4.42225  2.77519  2.73123  3.46354  2.40513  3.72494  3.29354  2.67741  2.69355  4.24690  2.90347  2.73739  3.18146  2.89801  2.37887  2.77519  2.98518  4.58477  3.61503
          0.11148  5.18310  2.30381  0.61958  0.77255  1.27485  0.32777
    185   2.51738  4.07676  3.29385  2.34956  3.63984  3.01702  4.01205  2.99746  2.64667  2.56496  3.11010  3.02037  3.09185  3.00220  3.08584  2.65510  2.64217  2.52959  5.48609  3.94650    187 e - - -
          2.68618  4.42225  2.77519  2.73123  3.46354  2.40513  3.72494  3.29354  2.67741  2.69355  4.24690  2.90347  2.73739  3.18146  2.89801  2.37887  2.77519  2.98518  4.58477  3.61503
          0.09714  5.08089  2.44922  0.61958  0.77255  1.40717  0.28082
    186   2.50529  5.10416  2.57331  2.20956  4.61609  2.77352  3.36941  3.85204  2.09774  3.33857  4.36438  2.69213  3.57583  2.71765  2.51727  2.57726  2.89847  3.42650  5.51566  4.05869    188 k - - -
          2.68535  4.42272  2.77574  2.73123  3.46435  2.40589  3.72480  3.29377  2.67649  2.69403  4.24747  2.90385  2.73802  3.18125  2.89672  2.37838  2.77559  2.98427  4.58569  3.61557
          1.24648  0.33900        *  1.23405  0.34406  0.00000        *
//
