HMMER3/f [3.2.1 | June 2018]
NAME  CRISPR-CAS_Cas2
LENG  92
ALPH  amino
RF    no
MM    no
CONS  yes
CS    no
MAP   yes
DATE  Fri Jun 18 18:43:51 2021
NSEQ  500
EFFN  6.221771
CKSUM 3230713654
STATS LOCAL MSV       -9.2458  0.71838
STATS LOCAL VITERBI   -9.7412  0.71838
STATS LOCAL FORWARD   -4.1568  0.71838
HMM          A        C        D        E        F        G        H        I        K        L        M        N        P        Q        R        S        T        V        W        Y   
            m->m     m->i     m->d     i->m     i->i     d->m     d->d
  COMPO   2.75096  4.14232  2.87886  2.66478  3.14074  3.18534  3.78860  2.72597  2.57845  2.42777  3.44151  3.18408  3.66905  2.94605  2.76904  2.73154  2.94501  2.57896  4.71505  3.19789
          2.68618  4.42225  2.77519  2.73123  3.46354  2.40513  3.72494  3.29354  2.67741  2.69355  4.24690  2.90347  2.73739  3.18146  2.89801  2.37887  2.77519  2.98518  4.58477  3.61503
          0.05252  5.53674  3.05277  0.61958  0.77255  0.00000        *
      1   3.48648  4.94061  5.14977  4.58523  3.98148  4.24230  5.00586  3.05156  3.97638  2.61040  0.50100  4.69482  4.98020  4.57992  4.37922  3.79080  3.75059  2.80180  5.61628  4.43863      1 M - - -
          2.68618  4.42225  2.77519  2.73123  3.46354  2.40513  3.72494  3.29354  2.67741  2.69355  4.24690  2.90347  2.73739  3.18146  2.89801  2.37887  2.77519  2.98518  4.58477  3.61503
          0.16398  5.49036  1.91652  0.61958  0.77255  0.67027  0.71656
      2   2.99235  4.56076  4.22939  3.82681  2.41210  4.06491  4.48119  2.87227  3.38367  1.99004  2.90256  3.68700  4.37532  3.79092  2.42343  3.21599  3.23349  2.73824  2.31316  2.19940      2 l - - -
          2.68618  4.42225  2.77519  2.73123  3.46354  2.40513  3.72494  3.29354  2.67741  2.69355  4.24690  2.90347  2.73739  3.18146  2.89801  2.37887  2.77519  2.98518  4.58477  3.61503
          0.00718  5.33564  6.05799  0.61958  0.77255  0.37551  1.16135
      3   2.82954  3.49065  5.15563  4.53967  3.19076  4.35365  3.96910  2.05056  4.32258  2.17276  2.91710  4.51886  4.71728  4.14351  4.32770  3.52303  2.97391  1.49046  3.78386  2.01186      3 v - - -
          2.68618  4.42225  2.77519  2.73123  3.46354  2.40513  3.72494  3.29354  2.67741  2.69355  4.24690  2.90347  2.73739  3.18146  2.89801  2.37887  2.77519  2.98518  4.58477  3.61503
          0.00613  5.49366  6.21601  0.61958  0.77255  0.60925  0.78473
      4   3.21028  4.70628  5.32064  4.70653  2.64040  4.52796  4.86082  1.63290  4.23675  1.10149  3.01539  4.69457  4.87236  4.60522  4.49319  3.84352  3.57486  1.99828  4.07514  4.15966      4 l - - -
          2.68618  4.42225  2.77519  2.73123  3.46354  2.40513  3.72494  3.29354  2.67741  2.69355  4.24690  2.90347  2.73739  3.18146  2.89801  2.37887  2.77519  2.98518  4.58477  3.61503
          0.00608  5.50209  6.22443  0.61958  0.77255  0.61566  0.77715
      5   2.85415  4.01568  5.18707  4.29576  3.50823  4.14925  4.75130  1.60984  3.75490  2.08053  3.45913  4.56983  4.77341  4.50383  4.38340  3.72497  3.38722  1.05404  5.24755  4.07024      5 v - - -
          2.68618  4.42225  2.77519  2.73123  3.46354  2.40513  3.72494  3.29354  2.67741  2.69355  4.24690  2.90347  2.73739  3.18146  2.89801  2.37887  2.77519  2.98518  4.58477  3.61503
          0.00606  5.50504  6.22739  0.61958  0.77255  0.56948  0.83429
      6   2.20016  2.85781  5.13869  4.52475  2.40220  4.04520  4.57686  2.44479  4.31406  2.37378  2.30686  4.51806  4.72609  4.44907  4.32933  2.48928  2.05321  2.08332  5.19445  4.01803      6 t - - -
          2.68618  4.42225  2.77519  2.73123  3.46354  2.40513  3.72494  3.29354  2.67741  2.69355  4.24690  2.90347  2.73739  3.18146  2.89801  2.37887  2.77519  2.98518  4.58477  3.61503
          0.00601  5.51266  6.23501  0.61958  0.77255  0.59438  0.80275
      7   5.27969  4.31628  6.28532  6.18115  1.33909  5.86804  3.98446  4.43099  5.94779  3.64753  5.45268  5.45353  6.12920  5.61741  5.74602  5.26184  5.47763  4.82328  4.66650  0.49568      7 Y - - -
          2.68618  4.42225  2.77519  2.73123  3.46354  2.40513  3.72494  3.29354  2.67741  2.69355  4.24690  2.90347  2.73739  3.18146  2.89801  2.37887  2.77519  2.98518  4.58477  3.61503
          0.00601  5.51266  6.23501  0.61958  0.77255  0.59438  0.80275
      8   3.99617  6.27103  0.31020  3.27897  4.10127  4.31842  4.87065  3.80121  3.68060  4.42577  5.45129  3.84345  4.95243  4.12061  4.54279  3.94347  4.30674  4.50010  6.56198  5.01105      8 D - - -
          2.68618  4.42225  2.77519  2.73123  3.46354  2.40513  3.72494  3.29354  2.67741  2.69355  4.24690  2.90347  2.73739  3.18146  2.89801  2.37887  2.77519  2.98518  4.58477  3.61503
          0.01408  5.51266  4.61035  0.61958  0.77255  0.58064  0.81994
      9   3.59068  5.03235  5.78029  5.21751  3.69982  5.08837  5.52597  1.12182  5.05571  1.50681  3.76320  5.25352  5.39170  5.20682  5.09887  4.23469  3.49898  1.31486  5.95152  4.77548      9 i - - -
          2.68618  4.42225  2.77519  2.73123  3.46354  2.40513  3.72494  3.29354  2.67741  2.69355  4.24690  2.90347  2.73739  3.18146  2.89801  2.37887  2.77519  2.98518  4.58477  3.61503
          0.14288  5.50646  2.04729  0.61958  0.77255  0.56081  0.84571
     10   2.51499  4.05014  3.27731  2.47897  4.80336  3.54579  3.90929  4.08696  2.64148  3.56836  4.34321  2.82500  1.69873  2.99397  2.77825  2.14192  2.72118  3.14880  5.93973  4.54778     10 p - - -
          2.68618  4.42225  2.77519  2.73123  3.46354  2.40513  3.72494  3.29354  2.67741  2.69355  4.24690  2.90347  2.73739  3.18146  2.89801  2.37887  2.77519  2.98518  4.58477  3.61503
          0.00833  5.37968  5.60269  0.61958  0.77255  1.00160  0.45775
     11   2.98670  4.54217  1.95195  2.40791  4.80965  3.83846  3.78526  4.00232  2.62227  3.58670  3.95262  2.71102  4.23122  3.03158  3.14163  2.50687  1.79330  2.48728  5.94333  4.55030     11 t - - -
          2.68544  4.42279  2.77535  2.73068  3.46401  2.40533  3.72542  3.29397  2.67569  2.69390  4.24737  2.90366  2.73759  3.18148  2.89806  2.37909  2.77552  2.98560  4.58480  3.61531
          2.01547  0.79052  0.88398  0.68685  0.69948  0.33583  1.25436
     12   2.75427  5.41890  2.50228  1.89117  4.76290  1.97870  3.77191  4.24845  2.48073  3.65978  4.22886  2.58006  4.07591  2.34909  3.04181  2.78185  2.92337  3.75216  5.85203  4.33678     14 e - - -
          2.68618  4.42225  2.77519  2.73123  3.46354  2.40513  3.72494  3.29354  2.67741  2.69355  4.24690  2.90347  2.73739  3.18146  2.89801  2.37887  2.77519  2.98518  4.58477  3.61503
          0.00936  5.07137  5.79371  0.61958  0.77255  0.18707  1.76835
     13   2.58495  5.63547  2.10388  2.36454  4.98134  3.80564  3.82812  4.02137  2.26113  3.94109  4.38785  2.63428  2.89800  2.75918  1.82529  2.85421  3.13056  3.33399  6.06768  4.65625     15 r - - -
          2.68618  4.42225  2.77519  2.73123  3.46354  2.40513  3.72494  3.29354  2.67741  2.69355  4.24690  2.90347  2.73739  3.18146  2.89801  2.37887  2.77519  2.98518  4.58477  3.61503
          0.00598  5.51747  6.23982  0.61958  0.77255  0.57380  0.82870
     14   2.80757  5.63351  3.20286  2.65946  4.97753  3.58972  3.80580  4.32675  1.13822  3.82406  4.29299  3.24153  4.22255  2.98029  1.79350  2.90590  3.14776  4.02367  6.06594  4.52595     16 k - - -
          2.68618  4.42225  2.77519  2.73123  3.46354  2.40513  3.72494  3.29354  2.67741  2.69355  4.24690  2.90347  2.73739  3.18146  2.89801  2.37887  2.77519  2.98518  4.58477  3.61503
          0.00598  5.51747  6.23982  0.61958  0.77255  0.57380  0.82870
     15   2.48014  5.08343  3.19231  2.43901  4.88629  3.91036  3.92187  3.23807  2.53788  3.54174  4.40942  2.89016  4.30314  3.00578  1.20645  3.01421  2.96320  3.20879  6.01801  4.30276     17 r - - -
          2.68618  4.42225  2.77519  2.73123  3.46354  2.40513  3.72494  3.29354  2.67741  2.69355  4.24690  2.90347  2.73739  3.18146  2.89801  2.37887  2.77519  2.98518  4.58477  3.61503
          0.00598  5.51747  6.23982  0.61958  0.77255  0.55276  0.85652
     16   2.19021  4.33372  4.63175  4.12095  3.69397  4.31673  4.51243  2.98988  4.05767  1.69211  3.55131  3.85657  4.68443  4.17413  1.75585  3.40533  3.19002  2.22706  3.80508  2.33886     18 l - - -
          2.68618  4.42225  2.77519  2.73123  3.46354  2.40513  3.72494  3.29354  2.67741  2.69355  4.24690  2.90347  2.73739  3.18146  2.89801  2.37887  2.77519  2.98518  4.58477  3.61503
          0.00597  5.52023  6.24258  0.61958  0.77255  0.56174  0.84447
     17   2.35229  5.62525  3.26035  2.60457  4.96600  3.30305  3.92686  4.28622  2.63551  3.47456  4.58786  2.32692  3.83899  2.81117  1.76540  2.51818  2.17771  3.42134  6.06053  3.93102     19 r - - -
          2.68618  4.42225  2.77519  2.73123  3.46354  2.40513  3.72494  3.29354  2.67741  2.69355  4.24690  2.90347  2.73739  3.18146  2.89801  2.37887  2.77519  2.98518  4.58477  3.61503
          0.00597  5.52023  6.24258  0.61958  0.77255  0.56174  0.84447
     18   2.90586  5.63134  3.23003  2.65145  4.97462  3.40045  3.55230  4.01218  1.35116  3.46589  4.58678  3.01587  4.29321  2.51194  1.77215  3.02126  3.11728  3.81600  5.59145  4.44710     20 k - - -
          2.68618  4.42225  2.77519  2.73123  3.46354  2.40513  3.72494  3.29354  2.67741  2.69355  4.24690  2.90347  2.73739  3.18146  2.89801  2.37887  2.77519  2.98518  4.58477  3.61503
          0.00597  5.52023  6.24258  0.61958  0.77255  0.55091  0.85903
     19   2.78460  4.45164  5.20154  4.58727  1.63119  4.40381  4.74037  2.12744  4.24274  2.14336  3.18629  4.56872  4.76532  4.50200  4.37842  3.71649  3.27568  1.34201  5.22953  3.47930     21 v - - -
          2.68618  4.42225  2.77519  2.73123  3.46354  2.40513  3.72494  3.29354  2.67741  2.69355  4.24690  2.90347  2.73739  3.18146  2.89801  2.37887  2.77519  2.98518  4.58477  3.61503
          0.00596  5.52164  6.24399  0.61958  0.77255  0.55551  0.85279
     20   1.79099  4.12152  3.72913  3.24795  2.76948  4.11340  2.90340  3.23213  2.99791  2.53810  3.90490  3.72234  4.49493  3.52618  1.78296  2.73797  3.36456  2.75873  5.52980  3.43600     22 r - - -
          2.68618  4.42225  2.77519  2.73123  3.46354  2.40513  3.72494  3.29354  2.67741  2.69355  4.24690  2.90347  2.73739  3.18146  2.89801  2.37887  2.77519  2.98518  4.58477  3.61503
          0.00596  5.52164  6.24399  0.61958  0.77255  0.55551  0.85279
     21   2.93084  5.63980  3.00676  2.60238  4.98579  3.72497  3.73949  4.40061  0.99172  3.89176  4.48996  2.80085  4.17934  2.84295  2.35977  3.03979  3.19573  3.93743  6.07137  4.54293     23 k - - -
          2.68618  4.42225  2.77519  2.73123  3.46354  2.40513  3.72494  3.29354  2.67741  2.69355  4.24690  2.90347  2.73739  3.18146  2.89801  2.37887  2.77519  2.98518  4.58477  3.61503
          0.00596  5.52164  6.24399  0.61958  0.77255  0.55551  0.85279
     22   2.52224  4.10712  3.83063  3.19007  2.52697  4.11433  4.01969  2.14219  3.04889  2.01651  3.49180  3.55931  4.62370  3.40875  3.37597  3.36344  2.42108  2.36225  4.89400  2.70089     24 l - - -
          2.68618  4.42225  2.77519  2.73123  3.46354  2.40513  3.72494  3.29354  2.67741  2.69355  4.24690  2.90347  2.73739  3.18146  2.89801  2.37887  2.77519  2.98518  4.58477  3.61503
          0.00596  5.52164  6.24399  0.61958  0.77255  0.54207  0.87118
     23   3.13089  1.91093  5.21108  4.59776  3.48300  4.28491  4.76412  2.76409  4.38655  0.88460  2.86801  4.58922  4.78781  4.51550  4.39754  3.63459  3.38575  2.68557  5.25171  3.94998     25 l - - -
          2.68618  4.42225  2.77519  2.73123  3.46354  2.40513  3.72494  3.29354  2.67741  2.69355  4.24690  2.90347  2.73739  3.18146  2.89801  2.37887  2.77519  2.98518  4.58477  3.61503
          0.00872  5.52340  5.36283  0.61958  0.77255  0.54772  0.86339
     24   3.00799  4.69386  3.38157  2.03565  4.84477  3.85661  3.82495  3.13367  1.73985  2.19225  3.97012  3.28832  4.31133  2.48929  2.45219  2.82318  3.09356  3.23393  5.99640  4.61071     26 k - - -
          2.68618  4.42225  2.77519  2.73123  3.46354  2.40513  3.72494  3.29354  2.67741  2.69355  4.24690  2.90347  2.73739  3.18146  2.89801  2.37887  2.77519  2.98518  4.58477  3.61503
          0.00597  5.52064  6.24299  0.61958  0.77255  0.55994  0.84687
     25   2.67542  5.42862  2.23809  2.60134  4.98451  2.33815  3.80616  4.47126  1.72034  3.82439  4.67869  2.39255  4.29180  2.74928  2.63112  2.41916  3.29527  4.02956  6.07029  4.46045     27 k - - -
          2.68618  4.42225  2.77519  2.73123  3.46354  2.40513  3.72494  3.29354  2.67741  2.69355  4.24690  2.90347  2.73739  3.18146  2.89801  2.37887  2.77519  2.98518  4.58477  3.61503
          0.00597  5.52064  6.24299  0.61958  0.77255  0.55994  0.84687
     26   3.02601  5.12191  2.40450  2.56205  2.77911  3.97768  3.05415  3.89394  2.86561  3.00572  3.87829  3.01780  4.36702  3.18590  3.22100  3.01586  3.18381  3.50225  4.02759  1.50801     28 y - - -
          2.68618  4.42225  2.77519  2.73123  3.46354  2.40513  3.72494  3.29354  2.67741  2.69355  4.24690  2.90347  2.73739  3.18146  2.89801  2.37887  2.77519  2.98518  4.58477  3.61503
          0.00597  5.52064  6.24299  0.61958  0.77255  0.55994  0.84687
     27   2.62335  4.64984  4.19514  3.62459  3.86421  0.92125  3.96026  3.25862  3.44543  2.01340  3.79929  3.90567  4.57082  3.84727  3.59682  3.33216  3.41676  3.10507  5.42898  4.20852     29 g - - -
          2.68618  4.42225  2.77519  2.73123  3.46354  2.40513  3.72494  3.29354  2.67741  2.69355  4.24690  2.90347  2.73739  3.18146  2.89801  2.37887  2.77519  2.98518  4.58477  3.61503
          0.00597  5.52064  6.24299  0.61958  0.77255  0.55994  0.84687
     28   2.98664  4.24507  3.05933  2.63505  1.94744  4.01730  3.46807  2.99642  2.89649  2.73497  4.14286  3.11800  3.95547  2.44012  3.16471  2.88840  2.61515  2.89792  5.07675  2.88548     30 f - - -
          2.68618  4.42225  2.77519  2.73123  3.46354  2.40513  3.72494  3.29354  2.67741  2.69355  4.24690  2.90347  2.73739  3.18146  2.89801  2.37887  2.77519  2.98518  4.58477  3.61503
          0.00597  5.52064  6.24299  0.61958  0.77255  0.47573  0.97135
     29   2.99233  5.30918  3.42413  3.01892  4.42679  3.52338  2.66306  3.94633  2.92633  3.33638  2.07802  3.45024  3.29764  3.28817  1.47083  3.08386  3.38145  3.63484  2.72577  4.49427     31 r - - -
          2.68618  4.42225  2.77519  2.73123  3.46354  2.40513  3.72494  3.29354  2.67741  2.69355  4.24690  2.90347  2.73739  3.18146  2.89801  2.37887  2.77519  2.98518  4.58477  3.61503
          0.00590  5.53197  6.25431  0.61958  0.77255  0.50122  0.93087
     30   2.96344  4.34382  4.90255  4.26242  2.76057  3.40340  4.13560  2.02848  4.12415  1.98230  2.85598  4.52862  4.73773  4.17630  4.34013  3.44674  2.78405  1.24205  5.20676  3.79287     32 v - - -
          2.68618  4.42225  2.77519  2.73123  3.46354  2.40513  3.72494  3.29354  2.67741  2.69355  4.24690  2.90347  2.73739  3.18146  2.89801  2.37887  2.77519  2.98518  4.58477  3.61503
          0.00590  5.53225  6.25460  0.61958  0.77255  0.50408  0.92650
     31   3.71126  6.54679  2.99575  3.01546  5.85673  4.27253  4.29557  5.37320  3.60788  4.46975  5.68419  3.49621  4.87745  0.36206  4.07965  3.87519  4.26692  4.94804  6.94883  5.48532     33 Q - - -
          2.68618  4.42225  2.77519  2.73123  3.46354  2.40513  3.72494  3.29354  2.67741  2.69355  4.24690  2.90347  2.73739  3.18146  2.89801  2.37887  2.77519  2.98518  4.58477  3.61503
          0.00590  5.53225  6.25460  0.61958  0.77255  0.50408  0.92650
     32   3.09776  5.12830  3.50647  2.52291  2.59403  3.84012  3.51747  4.08843  1.89219  2.95675  4.47007  2.20969  4.07179  3.29695  3.04355  3.01965  3.37333  3.74662  4.46766  1.88215     34 y - - -
          2.68618  4.42225  2.77519  2.73123  3.46354  2.40513  3.72494  3.29354  2.67741  2.69355  4.24690  2.90347  2.73739  3.18146  2.89801  2.37887  2.77519  2.98518  4.58477  3.61503
          0.00590  5.53225  6.25460  0.61958  0.77255  0.48304  0.95948
     33   3.67176  5.77321  3.69436  3.26401  6.04227  3.88675  5.28959  5.56951  4.37304  5.13613  5.96130  3.61305  4.26711  4.51337  4.84021  0.26258  4.15564  4.87897  7.28256  5.93016     35 S - - -
          2.68618  4.42225  2.77519  2.73123  3.46354  2.40513  3.72494  3.29354  2.67741  2.69355  4.24690  2.90347  2.73739  3.18146  2.89801  2.37887  2.77519  2.98518  4.58477  3.61503
          0.00588  5.53497  6.25732  0.61958  0.77255  0.49115  0.94655
     34   3.00093  4.10541  5.33484  4.73227  3.32782  4.56749  4.70043  2.05494  4.52985  2.73096  3.36092  4.72874  4.92117  4.67013  4.54890  3.81766  3.38666  0.66322  5.41142  4.23194     36 V - - -
          2.68618  4.42225  2.77519  2.73123  3.46354  2.40513  3.72494  3.29354  2.67741  2.69355  4.24690  2.90347  2.73739  3.18146  2.89801  2.37887  2.77519  2.98518  4.58477  3.61503
          0.00588  5.53497  6.25732  0.61958  0.77255  0.49115  0.94655
     35   5.60305  6.46517  6.40075  6.39374  0.57836  6.02992  3.78286  5.16659  6.15338  3.52740  5.67448  5.53579  6.27145  5.72965  5.89710  5.44075  5.78617  4.05402  4.38188  1.15293     37 F - - -
          2.68618  4.42225  2.77519  2.73123  3.46354  2.40513  3.72494  3.29354  2.67741  2.69355  4.24690  2.90347  2.73739  3.18146  2.89801  2.37887  2.77519  2.98518  4.58477  3.61503
          0.00588  5.53497  6.25732  0.61958  0.77255  0.49115  0.94655
     36   2.60790  3.54166  4.01614  1.29987  3.68677  3.96174  4.30792  2.91189  3.29868  2.43686  3.44757  3.66887  4.52493  3.23960  3.10108  2.86712  2.99195  2.58952  4.80547  3.58141     38 e - - -
          2.68618  4.42225  2.77519  2.73123  3.46354  2.40513  3.72494  3.29354  2.67741  2.69355  4.24690  2.90347  2.73739  3.18146  2.89801  2.37887  2.77519  2.98518  4.58477  3.61503
          0.00588  5.53497  6.25732  0.61958  0.77255  0.49115  0.94655
     37   2.63883  1.82375  4.41077  3.83311  3.50851  2.00965  4.53316  2.82979  2.72140  2.68133  3.67568  4.13152  4.62243  3.92628  2.09823  3.42548  3.36413  2.59826  5.08960  3.72779     39 c - - -
          2.68618  4.42225  2.77519  2.73123  3.46354  2.40513  3.72494  3.29354  2.67741  2.69355  4.24690  2.90347  2.73739  3.18146  2.89801  2.37887  2.77519  2.98518  4.58477  3.61503
          0.00588  5.53497  6.25732  0.61958  0.77255  0.49115  0.94655
     38   3.05052  4.81706  2.60786  1.94575  3.56222  3.76328  2.95121  3.03162  2.75834  2.89092  3.91403  2.64194  3.78330  2.97668  2.77919  2.77924  2.75603  3.19929  4.04216  3.07857     40 e - - -
          2.68618  4.42225  2.77519  2.73123  3.46354  2.40513  3.72494  3.29354  2.67741  2.69355  4.24690  2.90347  2.73739  3.18146  2.89801  2.37887  2.77519  2.98518  4.58477  3.61503
          0.00588  5.53497  6.25732  0.61958  0.77255  0.49115  0.94655
     39   2.73438  2.40141  5.16910  4.34119  3.29251  3.79189  4.53050  2.02337  4.14946  1.37810  3.30686  3.94236  4.49990  4.47150  4.34904  3.29360  3.10860  1.91924  4.34322  3.80545     41 l - - -
          2.68618  4.42225  2.77519  2.73123  3.46354  2.40513  3.72494  3.29354  2.67741  2.69355  4.24690  2.90347  2.73739  3.18146  2.89801  2.37887  2.77519  2.98518  4.58477  3.61503
          0.00588  5.53497  6.25732  0.61958  0.77255  0.49115  0.94655
     40   2.76962  4.76103  2.24163  2.66443  4.78755  3.67493  3.95897  4.06287  2.68966  3.28752  4.34721  2.57610  2.97992  3.03996  2.96619  2.00697  1.79455  3.64810  6.06211  4.65609     42 t - - -
          2.68618  4.42225  2.77519  2.73123  3.46354  2.40513  3.72494  3.29354  2.67741  2.69355  4.24690  2.90347  2.73739  3.18146  2.89801  2.37887  2.77519  2.98518  4.58477  3.61503
          0.00588  5.53497  6.25732  0.61958  0.77255  0.49115  0.94655
     41   2.50818  5.64423  2.92892  2.02149  4.59552  3.06016  3.78240  4.30682  2.31453  3.65075  4.42902  2.48775  2.48205  2.77431  3.02352  2.16091  2.70945  3.85234  5.15562  4.36458     43 e - - -
          2.68618  4.42225  2.77519  2.73123  3.46354  2.40513  3.72494  3.29354  2.67741  2.69355  4.24690  2.90347  2.73739  3.18146  2.89801  2.37887  2.77519  2.98518  4.58477  3.61503
          0.00588  5.53497  6.25732  0.61958  0.77255  0.49115  0.94655
     42   1.90476  5.63524  2.95041  2.54609  4.69869  2.84207  3.71374  4.09151  2.19338  3.23459  3.92514  2.88393  3.30835  2.85017  2.30701  2.53166  2.92993  3.34983  5.29054  4.21593     44 a - - -
          2.68618  4.42225  2.77519  2.73123  3.46354  2.40513  3.72494  3.29354  2.67741  2.69355  4.24690  2.90347  2.73739  3.18146  2.89801  2.37887  2.77519  2.98518  4.58477  3.61503
          0.00588  5.53497  6.25732  0.61958  0.77255  0.49115  0.94655
     43   2.84258  5.64514  2.62672  1.74078  4.99107  3.50615  3.86761  3.88426  2.10823  3.55014  4.68558  2.93306  4.29944  1.79497  2.84650  2.77126  2.84616  3.57357  6.07731  4.52642     45 e - - -
          2.68618  4.42225  2.77519  2.73123  3.46354  2.40513  3.72494  3.29354  2.67741  2.69355  4.24690  2.90347  2.73739  3.18146  2.89801  2.37887  2.77519  2.98518  4.58477  3.61503
          0.00588  5.53497  6.25732  0.61958  0.77255  0.49115  0.94655
     44   2.39360  4.01175  4.25270  4.08721  2.56923  4.03119  4.15589  2.62267  3.26690  1.65515  3.25471  3.02051  4.45024  3.82726  2.89743  2.79013  3.29452  2.70253  3.25401  2.69358     46 l - - -
          2.68618  4.42225  2.77519  2.73123  3.46354  2.40513  3.72494  3.29354  2.67741  2.69355  4.24690  2.90347  2.73739  3.18146  2.89801  2.37887  2.77519  2.98518  4.58477  3.61503
          0.00588  5.53497  6.25732  0.61958  0.77255  0.49115  0.94655
     45   1.90802  4.95456  2.81258  2.27353  4.36292  3.51270  3.87638  3.08784  2.31943  3.01147  3.80202  3.01356  4.14545  2.74080  2.71558  2.72455  2.79052  2.81694  6.02975  4.01618     47 a - - -
          2.68618  4.42225  2.77519  2.73123  3.46354  2.40513  3.72494  3.29354  2.67741  2.69355  4.24690  2.90347  2.73739  3.18146  2.89801  2.37887  2.77519  2.98518  4.58477  3.61503
          0.00588  5.53497  6.25732  0.61958  0.77255  0.49115  0.94655
     46   2.60643  5.64489  2.70547  1.81434  4.69954  3.64762  3.48243  3.83906  1.97423  3.38873  4.06971  2.61410  4.17993  2.55407  2.34084  2.73059  2.99360  3.64040  6.07712  4.66571     48 e - - -
          2.68618  4.42225  2.77519  2.73123  3.46354  2.40513  3.72494  3.29354  2.67741  2.69355  4.24690  2.90347  2.73739  3.18146  2.89801  2.37887  2.77519  2.98518  4.58477  3.61503
          0.00588  5.53497  6.25732  0.61958  0.77255  0.48241  0.96049
     47   3.07923  3.42831  4.57296  4.27763  3.23020  4.25537  2.57137  2.29176  4.31906  1.07594  2.92304  4.52655  4.73900  4.04401  4.19171  3.50923  3.22682  2.42912  4.96873  3.19020     49 l - - -
          2.68618  4.42225  2.77519  2.73123  3.46354  2.40513  3.72494  3.29354  2.67741  2.69355  4.24690  2.90347  2.73739  3.18146  2.89801  2.37887  2.77519  2.98518  4.58477  3.61503
          0.00587  5.53610  6.25844  0.61958  0.77255  0.48576  0.95510
     48   3.00025  4.95336  3.65741  2.47365  3.57992  3.91387  3.73697  2.46439  1.74229  2.64598  3.61391  3.56241  4.40945  2.81904  2.11951  3.01935  3.07445  2.72929  5.12276  4.08637     50 k - - -
          2.68618  4.42225  2.77519  2.73123  3.46354  2.40513  3.72494  3.29354  2.67741  2.69355  4.24690  2.90347  2.73739  3.18146  2.89801  2.37887  2.77519  2.98518  4.58477  3.61503
          0.00846  5.53610  5.40719  0.61958  0.77255  0.48576  0.95510
     49   2.21583  5.63842  2.91821  2.50837  4.23141  3.14846  3.20154  4.09179  2.01590  3.11011  4.30689  2.69210  4.29974  2.58792  2.43523  2.42670  2.73993  3.62170  5.28689  4.07125     51 k - - -
          2.68618  4.42225  2.77519  2.73123  3.46354  2.40513  3.72494  3.29354  2.67741  2.69355  4.24690  2.90347  2.73739  3.18146  2.89801  2.37887  2.77519  2.98518  4.58477  3.61503
          0.00589  5.53352  6.25587  0.61958  0.77255  0.49808  0.93573
     50   2.60577  5.02767  2.63294  1.97474  4.69291  3.37517  4.04297  3.59390  2.15325  3.48583  4.38494  2.98912  4.18721  2.55162  1.70532  2.89118  3.15527  3.81155  5.60655  4.40510     52 r - - -
          2.68618  4.42225  2.77519  2.73123  3.46354  2.40513  3.72494  3.29354  2.67741  2.69355  4.24690  2.90347  2.73739  3.18146  2.89801  2.37887  2.77519  2.98518  4.58477  3.61503
          0.01502  5.53352  4.51350  0.61958  0.77255  0.49808  0.93573
     51   2.88311  4.05686  5.17951  4.56401  3.32870  4.26475  4.42482  1.69550  4.34771  1.07960  3.35591  4.54461  4.74317  4.47762  4.35371  3.59887  3.29843  1.93104  4.94207  4.03002     53 l - - -
          2.68618  4.42225  2.77519  2.73123  3.46354  2.40513  3.72494  3.29354  2.67741  2.69355  4.24690  2.90347  2.73739  3.18146  2.89801  2.37887  2.77519  2.98518  4.58477  3.61503
          0.00594  5.52444  6.24679  0.61958  0.77255  0.54011  0.87391
     52   2.59808  4.78798  2.96176  1.90765  4.43415  3.44947  3.76208  3.89566  1.76308  2.89094  4.18834  2.92859  4.02274  2.86026  2.50372  2.49098  3.00301  3.59096  5.04901  4.52554     54 k - - -
          2.68618  4.42225  2.77519  2.73123  3.46354  2.40513  3.72494  3.29354  2.67741  2.69355  4.24690  2.90347  2.73739  3.18146  2.89801  2.37887  2.77519  2.98518  4.58477  3.61503
          0.00594  5.52444  6.24679  0.61958  0.77255  0.54011  0.87391
     53   2.46273  5.35428  2.47595  2.19115  4.68708  3.04011  3.74548  4.28543  1.76301  3.33438  4.05705  2.78249  3.86322  2.54240  2.58935  2.55836  3.08146  3.85278  5.72026  4.52419     55 k - - -
          2.68618  4.42225  2.77519  2.73123  3.46354  2.40513  3.72494  3.29354  2.67741  2.69355  4.24690  2.90347  2.73739  3.18146  2.89801  2.37887  2.77519  2.98518  4.58477  3.61503
          0.00594  5.52444  6.24679  0.61958  0.77255  0.54011  0.87391
     54   2.92371  4.06372  4.78332  3.19359  3.10285  4.08886  3.59274  1.70145  3.44546  1.82888  3.13511  2.95674  4.42083  3.65159  3.58755  3.18846  3.14621  2.14210  4.38513  3.21036     56 i - - -
          2.68618  4.42225  2.77519  2.73123  3.46354  2.40513  3.72494  3.29354  2.67741  2.69355  4.24690  2.90347  2.73739  3.18146  2.89801  2.37887  2.77519  2.98518  4.58477  3.61503
          0.01678  5.52444  4.36968  0.61958  0.77255  0.54011  0.87391
     55   2.83841  4.12834  5.14010  4.36625  3.42022  4.36268  4.27734  1.30625  3.73147  1.62883  2.69979  4.14599  4.72657  4.13469  4.05756  3.54672  2.97927  2.15446  4.75969  3.60640     57 i - - -
          2.68618  4.42225  2.77519  2.73123  3.46354  2.40513  3.72494  3.29354  2.67741  2.69355  4.24690  2.90347  2.73739  3.18146  2.89801  2.37887  2.77519  2.98518  4.58477  3.61503
          0.30926  5.51366  1.33949  0.61958  0.77255  0.58734  0.81149
     56   2.84016  5.47798  1.60894  2.25678  4.82215  3.47451  3.39053  3.66526  2.23849  3.67046  4.27806  2.18560  4.13690  2.89081  2.85743  2.85161  3.04166  3.58619  5.91117  4.50076     58 d - - -
          2.68618  4.42225  2.77519  2.73123  3.46354  2.40513  3.72494  3.29354  2.67741  2.69355  4.24690  2.90347  2.73739  3.18146  2.89801  2.37887  2.77519  2.98518  4.58477  3.61503
          0.07852  5.21253  2.65834  0.61958  0.77255  0.23675  1.55680
     57   2.72316  5.58733  2.91420  2.31426  4.92509  3.69021  3.33290  3.78748  2.22009  3.08009  4.13608  3.18745  1.46255  2.93630  3.07566  2.82474  3.04920  3.78695  6.02441  4.38667     59 p - - -
          2.68618  4.42225  2.77519  2.73123  3.46354  2.40513  3.72494  3.29354  2.67741  2.69355  4.24690  2.90347  2.73739  3.18146  2.89801  2.37887  2.77519  2.98518  4.58477  3.61503
          0.00632  5.46249  6.18483  0.61958  0.77255  0.49935  0.93376
     58   2.50907  5.29877  2.19045  1.93386  4.84693  3.35016  3.73720  4.05488  2.12442  3.87558  4.46749  2.78416  2.69601  2.87190  2.79031  2.50329  2.86775  3.74596  6.06186  4.65028     60 e - - -
          2.68618  4.42225  2.77519  2.73123  3.46354  2.40513  3.72494  3.29354  2.67741  2.69355  4.24690  2.90347  2.73739  3.18146  2.89801  2.37887  2.77519  2.98518  4.58477  3.61503
          0.02566  5.50603  3.85036  0.61958  0.77255  0.61920  0.77300
     59   2.74412  4.76457  2.90633  1.48943  4.56365  3.16560  3.39164  4.23918  2.23950  3.24317  4.42217  3.03728  4.27445  2.63512  2.92960  2.74592  2.56796  3.41865  6.04617  3.66019     61 e - - -
          2.68618  4.42225  2.77519  2.73123  3.46354  2.40513  3.72494  3.29354  2.67741  2.69355  4.24690  2.90347  2.73739  3.18146  2.89801  2.37887  2.77519  2.98518  4.58477  3.61503
          0.00617  5.48654  6.20889  0.61958  0.77255  0.51516  0.90982
     60   3.89271  6.68712  0.61452  3.04571  6.05681  1.50052  4.86505  4.86532  3.68764  5.07760  5.94926  3.55802  4.62722  4.04156  4.64498  3.60951  4.36961  5.13594  7.23433  5.66348     62 D - - -
          2.68618  4.42225  2.77519  2.73123  3.46354  2.40513  3.72494  3.29354  2.67741  2.69355  4.24690  2.90347  2.73739  3.18146  2.89801  2.37887  2.77519  2.98518  4.58477  3.61503
          0.00601  5.51266  6.23501  0.61958  0.77255  0.59159  0.80619
     61   2.90657  5.38939  2.85467  2.62198  3.95514  3.77534  3.19882  4.17202  2.36439  3.29870  4.53261  2.76350  4.28903  2.72379  2.55205  1.36591  2.86665  3.83029  6.05829  4.26049     63 s - - -
          2.68618  4.42225  2.77519  2.73123  3.46354  2.40513  3.72494  3.29354  2.67741  2.69355  4.24690  2.90347  2.73739  3.18146  2.89801  2.37887  2.77519  2.98518  4.58477  3.61503
          0.00601  5.51266  6.23501  0.61958  0.77255  0.59159  0.80619
     62   3.17602  4.26189  5.25892  4.64984  3.57912  4.11507  4.81857  1.54348  4.43991  1.80413  3.70535  4.63704  4.83071  4.57384  4.45107  3.65820  3.51560  1.07377  4.66053  4.12864     64 v - - -
          2.68618  4.42225  2.77519  2.73123  3.46354  2.40513  3.72494  3.29354  2.67741  2.69355  4.24690  2.90347  2.73739  3.18146  2.89801  2.37887  2.77519  2.98518  4.58477  3.61503
          0.00601  5.51266  6.23501  0.61958  0.77255  0.59159  0.80619
     63   2.96712  3.58570  4.02165  3.83088  3.23814  3.36754  3.61009  2.37666  3.70579  2.21461  3.48405  3.91332  4.62445  3.33749  1.46548  3.21657  2.97016  2.59857  4.54408  2.98652     65 r - - -
          2.68618  4.42225  2.77519  2.73123  3.46354  2.40513  3.72494  3.29354  2.67741  2.69355  4.24690  2.90347  2.73739  3.18146  2.89801  2.37887  2.77519  2.98518  4.58477  3.61503
          0.00601  5.51266  6.23501  0.61958  0.77255  0.59159  0.80619
     64   2.81325  3.78854  5.16954  4.19909  2.08274  4.36595  4.70004  1.26721  4.33596  2.07280  3.11585  4.53175  4.72954  4.27122  4.34045  3.47908  3.30409  2.11144  4.51588  3.23789     66 i - - -
          2.68618  4.42225  2.77519  2.73123  3.46354  2.40513  3.72494  3.29354  2.67741  2.69355  4.24690  2.90347  2.73739  3.18146  2.89801  2.37887  2.77519  2.98518  4.58477  3.61503
          0.00601  5.51266  6.23501  0.61958  0.77255  0.59159  0.80619
     65   3.07022  3.82846  5.16977  4.30099  2.27687  4.36679  4.70078  2.33736  4.33642  1.75863  3.00116  4.53238  4.73029  4.46568  4.34110  3.60405  3.16161  2.31794  4.62719  1.44980     67 y - - -
          2.68618  4.42225  2.77519  2.73123  3.46354  2.40513  3.72494  3.29354  2.67741  2.69355  4.24690  2.90347  2.73739  3.18146  2.89801  2.37887  2.77519  2.98518  4.58477  3.61503
          0.00601  5.51266  6.23501  0.61958  0.77255  0.59159  0.80619
     66   2.91221  4.05188  2.99937  2.58064  3.31029  3.86695  3.61863  3.36020  2.18864  3.45428  3.98908  3.02243  2.52805  2.63364  2.45944  2.65674  2.48562  3.26024  4.64602  3.37220     68 k - - -
          2.68618  4.42225  2.77519  2.73123  3.46354  2.40513  3.72494  3.29354  2.67741  2.69355  4.24690  2.90347  2.73739  3.18146  2.89801  2.37887  2.77519  2.98518  4.58477  3.61503
          0.01091  5.51266  4.98927  0.61958  0.77255  0.59159  0.80619
     67   2.98749  4.15758  5.15498  4.53968  2.95672  4.19627  4.69486  1.71916  4.32469  1.30478  3.00048  4.21574  4.09061  3.99059  4.33314  3.19042  3.04528  1.90177  4.75222  4.01289     69 l - - -
          2.68618  4.42225  2.77519  2.73123  3.46354  2.40513  3.72494  3.29354  2.67741  2.69355  4.24690  2.90347  2.73739  3.18146  2.89801  2.37887  2.77519  2.98518  4.58477  3.61503
          0.02983  5.50780  3.67548  0.61958  0.77255  0.60315  0.79205
     68   2.95133  2.59882  2.86122  2.62429  4.63243  2.31493  3.79117  4.13072  2.73704  3.60204  4.22835  3.02416  3.22327  3.09506  2.63339  2.51972  1.77987  3.94779  6.01331  4.30410     70 t - - -
          2.68618  4.42225  2.77519  2.73123  3.46354  2.40513  3.72494  3.29354  2.67741  2.69355  4.24690  2.90347  2.73739  3.18146  2.89801  2.37887  2.77519  2.98518  4.58477  3.61503
          0.00820  5.48534  5.51600  0.61958  0.77255  0.69969  0.68665
     69   2.61397  5.61719  2.02407  1.94519  4.83285  3.17949  3.86780  4.16431  2.42738  3.63769  4.17519  2.43311  2.92421  2.88772  2.82959  2.52283  2.83471  3.78533  6.04936  4.43643     71 e - - -
          2.68618  4.42225  2.77519  2.73123  3.46354  2.40513  3.72494  3.29354  2.67741  2.69355  4.24690  2.90347  2.73739  3.18146  2.89801  2.37887  2.77519  2.98518  4.58477  3.61503
          0.00711  5.48333  5.83468  0.61958  0.77255  0.70709  0.67939
     70   2.74159  4.86641  2.74086  2.33619  4.82455  3.15894  3.19846  3.91508  1.73914  3.66320  4.65660  2.42722  3.40310  2.95320  2.39800  2.56371  2.89645  3.60992  6.04843  4.00309     72 k - - -
          2.68618  4.42225  2.77519  2.73123  3.46354  2.40513  3.72494  3.29354  2.67741  2.69355  4.24690  2.90347  2.73739  3.18146  2.89801  2.37887  2.77519  2.98518  4.58477  3.61503
          0.00620  5.48242  6.20477  0.61958  0.77255  0.60411  0.79090
     71   2.76793  2.79836  2.73156  2.49471  4.68052  3.11234  3.72627  4.15029  2.45633  3.68346  4.23029  2.92477  4.11936  1.73265  2.75275  2.66893  2.99115  3.79751  3.56408  3.54705     73 q - - -
          2.68618  4.42225  2.77519  2.73123  3.46354  2.40513  3.72494  3.29354  2.67741  2.69355  4.24690  2.90347  2.73739  3.18146  2.89801  2.37887  2.77519  2.98518  4.58477  3.61503
          0.00934  5.49742  5.25936  0.61958  0.77255  0.65371  0.73420
     72   2.83406  4.68166  3.16132  2.51403  2.35192  3.57722  3.75986  3.40719  2.42734  2.58631  3.94547  3.04768  4.13478  2.84064  2.98309  2.86112  3.24679  2.89494  2.99264  2.62943     74 f - - -
          2.68618  4.42225  2.77519  2.73123  3.46354  2.40513  3.72494  3.29354  2.67741  2.69355  4.24690  2.90347  2.73739  3.18146  2.89801  2.37887  2.77519  2.98518  4.58477  3.61503
          0.01114  5.49420  4.96623  0.61958  0.77255  0.66621  0.72083
     73   2.39034  5.22459  2.92659  2.40365  3.83667  2.67370  3.58791  3.51120  2.35430  2.92087  3.91205  2.80719  3.62845  2.69233  2.57701  2.49264  2.94014  2.93525  4.98963  4.13537     75 k - - -
          2.68618  4.42225  2.77519  2.73123  3.46354  2.40513  3.72494  3.29354  2.67741  2.69355  4.24690  2.90347  2.73739  3.18146  2.89801  2.37887  2.77519  2.98518  4.58477  3.61503
          0.00616  5.48922  6.21156  0.61958  0.77255  0.66520  0.72190
     74   2.73292  5.39961  2.74275  2.35779  4.57422  3.07759  3.34741  4.01663  1.88861  3.27666  3.58795  2.49819  4.17801  2.72440  2.25842  2.45961  2.99245  3.93753  5.24133  4.06983     76 k - - -
          2.68618  4.42225  2.77519  2.73123  3.46354  2.40513  3.72494  3.29354  2.67741  2.69355  4.24690  2.90347  2.73739  3.18146  2.89801  2.37887  2.77519  2.98518  4.58477  3.61503
          0.00732  5.49192  5.75161  0.61958  0.77255  0.67498  0.71165
     75   2.59822  4.36731  3.60815  2.93871  3.69249  3.93798  4.07473  2.19347  2.56042  2.81507  2.21709  3.73827  4.19234  3.52726  2.68910  2.96654  2.62940  2.01640  5.47608  4.09270     77 v - - -
          2.68618  4.42225  2.77519  2.73123  3.46354  2.40513  3.72494  3.29354  2.67741  2.69355  4.24690  2.90347  2.73739  3.18146  2.89801  2.37887  2.77519  2.98518  4.58477  3.61503
          0.00615  5.49074  6.21309  0.61958  0.77255  0.67946  0.70703
     76   2.92094  5.04808  2.91467  1.56630  3.88427  3.75130  3.65581  2.89428  2.33626  2.83726  3.70393  3.27559  4.18985  2.71705  2.72276  3.00078  3.09429  2.89453  4.76070  3.57977     78 e - - -
          2.68618  4.42225  2.77519  2.73123  3.46354  2.40513  3.72494  3.29354  2.67741  2.69355  4.24690  2.90347  2.73739  3.18146  2.89801  2.37887  2.77519  2.98518  4.58477  3.61503
          0.00615  5.49074  6.21309  0.61958  0.77255  0.67946  0.70703
     77   2.94192  3.87872  3.77156  3.24016  3.13638  2.82381  2.75772  2.14942  3.24428  2.34869  3.58900  3.44734  4.39423  3.74263  3.02323  2.86059  2.48015  2.16320  5.01725  3.20888     79 i - - -
          2.68618  4.42225  2.77519  2.73123  3.46354  2.40513  3.72494  3.29354  2.67741  2.69355  4.24690  2.90347  2.73739  3.18146  2.89801  2.37887  2.77519  2.98518  4.58477  3.61503
          0.00615  5.49074  6.21309  0.61958  0.77255  0.67946  0.70703
     78   3.06599  4.39514  4.42033  4.04137  2.33807  4.11935  3.89193  1.69326  3.58920  1.64286  3.42153  4.12519  4.70381  3.87427  3.89480  3.28483  3.29904  2.18505  3.93631  2.68893     80 l - - -
          2.68618  4.42225  2.77519  2.73123  3.46354  2.40513  3.72494  3.29354  2.67741  2.69355  4.24690  2.90347  2.73739  3.18146  2.89801  2.37887  2.77519  2.98518  4.58477  3.61503
          0.00865  5.49074  5.40653  0.61958  0.77255  0.64278  0.74619
     79   2.74703  4.54245  3.64877  2.99390  3.69643  1.26631  3.91065  3.05363  3.18101  2.82106  4.01909  3.34691  4.18663  3.28225  3.31707  2.71963  2.88765  2.62627  5.05019  3.45420     81 g - - -
          2.68618  4.42225  2.77519  2.73123  3.46354  2.40513  3.72494  3.29354  2.67741  2.69355  4.24690  2.90347  2.73739  3.18146  2.89801  2.37887  2.77519  2.98518  4.58477  3.61503
          0.00613  5.49324  6.21559  0.61958  0.77255  0.66990  0.71695
     80   2.32048  4.57690  3.23444  2.81051  4.07055  1.92604  3.97899  3.13850  2.38351  2.88010  4.05940  2.99658  3.99523  2.72819  2.91554  2.66676  2.84704  2.83937  5.30174  3.78716     82 g - - -
          2.68618  4.42225  2.77519  2.73123  3.46354  2.40513  3.72494  3.29354  2.67741  2.69355  4.24690  2.90347  2.73739  3.18146  2.89801  2.37887  2.77519  2.98518  4.58477  3.61503
          0.05428  5.49324  3.02179  0.61958  0.77255  0.65147  0.73663
     81   2.44084  5.02437  2.68361  1.97188  4.64146  2.46224  3.81219  4.10015  2.00419  3.69162  4.49786  2.78129  3.53052  2.81672  2.82027  2.47056  2.93182  3.57479  6.02997  4.16491     83 e - - -
          2.68618  4.42225  2.77519  2.73123  3.46354  2.40513  3.72494  3.29354  2.67741  2.69355  4.24690  2.90347  2.73739  3.18146  2.89801  2.37887  2.77519  2.98518  4.58477  3.61503
          0.00642  5.44800  6.17034  0.61958  0.77255  0.82684  0.57524
     82   2.75266  5.19429  2.72900  2.40251  3.64224  3.59220  3.72236  3.34509  1.79779  3.06821  4.22606  2.94898  2.83392  2.75430  2.59714  2.71295  2.88251  3.16949  5.28972  4.11918     84 k - - -
          2.68618  4.42225  2.77519  2.73123  3.46354  2.40513  3.72494  3.29354  2.67741  2.69355  4.24690  2.90347  2.73739  3.18146  2.89801  2.37887  2.77519  2.98518  4.58477  3.61503
          0.02623  5.44800  3.83601  0.61958  0.77255  0.56867  0.83535
     83   2.42483  4.99025  2.51679  2.28593  4.33718  2.97838  3.52838  3.93284  2.32543  3.18934  4.22929  2.84173  2.88078  2.73889  2.83778  2.31586  2.96238  3.17029  5.25012  3.87838     85 e - - -
          2.68618  4.42225  2.77519  2.73123  3.46354  2.40513  3.72494  3.29354  2.67741  2.69355  4.24690  2.90347  2.73739  3.18146  2.89801  2.37887  2.77519  2.98518  4.58477  3.61503
          0.00772  5.46934  5.66074  0.61958  0.77255  0.70450  0.68193
     84   2.53047  5.29822  3.09554  2.32737  3.54408  3.48578  3.98343  3.22660  2.22131  2.99751  4.23419  3.06124  2.69877  2.78010  2.80914  2.56359  2.60527  2.91268  5.98052  3.27834     86 k - - -
          2.68618  4.42225  2.77519  2.73123  3.46354  2.40513  3.72494  3.29354  2.67741  2.69355  4.24690  2.90347  2.73739  3.18146  2.89801  2.37887  2.77519  2.98518  4.58477  3.61503
          0.28823  5.47521  1.40154  0.61958  0.77255  0.73630  0.65178
     85   2.67223  5.18039  1.99421  1.99023  4.51022  3.40597  3.74946  3.97563  2.29700  3.63106  4.40326  2.83021  3.01682  2.40798  3.00130  2.61227  2.86080  3.55300  5.50551  4.14984     87 e - - -
          2.68618  4.42225  2.77519  2.73123  3.46354  2.40513  3.72494  3.29354  2.67741  2.69355  4.24690  2.90347  2.73739  3.18146  2.89801  2.37887  2.77519  2.98518  4.58477  3.61503
          0.10825  5.19525  2.33253  0.61958  0.77255  0.91065  0.51461
     86   2.69650  4.93651  2.50378  2.19434  3.74372  3.30342  3.78932  3.78627  2.56705  3.01338  4.08802  2.93026  2.18432  2.81279  3.02644  2.60062  2.58251  3.26139  5.85613  3.99940     88 p - - -
          2.68618  4.42225  2.77519  2.73123  3.46354  2.40513  3.72494  3.29354  2.67741  2.69355  4.24690  2.90347  2.73739  3.18146  2.89801  2.37887  2.77519  2.98518  4.58477  3.61503
          0.01749  5.20211  4.43720  0.61958  0.77255  0.45065  1.01394
     87   2.78483  4.83568  2.51826  1.80476  4.59917  3.14355  3.52530  3.96520  2.43991  3.46157  4.34353  2.68861  3.14798  2.32222  2.77677  2.64546  2.65427  3.60749  6.01807  4.60682     89 e - - -
          2.68618  4.42225  2.77519  2.73123  3.46354  2.40513  3.72494  3.29354  2.67741  2.69355  4.24690  2.90347  2.73739  3.18146  2.89801  2.37887  2.77519  2.98518  4.58477  3.61503
          0.01676  5.42516  4.40514  0.61958  0.77255  0.55823  0.84915
     88   2.66859  4.70869  2.17984  2.20162  4.76818  2.61133  3.65039  3.92391  2.60052  3.59963  4.65070  2.86719  3.45570  2.01579  2.56664  2.50512  3.12854  3.76568  6.04252  4.63118     90 q - - -
          2.68618  4.42225  2.77519  2.73123  3.46354  2.40513  3.72494  3.29354  2.67741  2.69355  4.24690  2.90347  2.73739  3.18146  2.89801  2.37887  2.77519  2.98518  4.58477  3.61503
          0.00627  5.47118  6.19352  0.61958  0.77255  0.75041  0.63899
     89   2.71999  4.12027  3.62915  3.61723  2.45230  3.83030  3.87200  2.53636  3.53249  1.75046  3.29383  3.17253  2.61012  3.75681  3.85262  2.96528  2.82783  2.44921  4.39937  3.05033     91 l - - -
          2.68618  4.42225  2.77519  2.73123  3.46354  2.40513  3.72494  3.29354  2.67741  2.69355  4.24690  2.90347  2.73739  3.18146  2.89801  2.37887  2.77519  2.98518  4.58477  3.61503
          0.01953  5.47118  4.19057  0.61958  0.77255  0.75041  0.63899
     90   2.93348  4.36177  4.41669  2.78112  2.45406  3.89517  4.46705  1.93067  3.84327  1.65552  3.17111  4.39838  4.48007  3.61706  3.96517  3.27635  2.75239  2.11613  4.29961  3.27727     92 l - - -
          2.68618  4.42225  2.77519  2.73123  3.46354  2.40513  3.72494  3.29354  2.67741  2.69355  4.24690  2.90347  2.73739  3.18146  2.89801  2.37887  2.77519  2.98518  4.58477  3.61503
          0.00845  5.45799  5.48490  0.61958  0.77255  0.76422  0.62680
     91   2.92244  4.45986  4.86322  4.16578  2.49960  3.97110  4.42615  1.42554  4.02344  1.59789  3.19986  4.49024  4.69411  4.15539  4.10415  3.57900  3.29124  2.01077  4.72709  3.30505     93 i - - -
          2.68618  4.42225  2.77519  2.73123  3.46354  2.40513  3.72494  3.29354  2.67741  2.69355  4.24690  2.90347  2.73739  3.18146  2.89801  2.37887  2.77519  2.98518  4.58477  3.61503
          0.15561  5.45899  1.96720  0.61958  0.77255  0.78755  0.60689
     92   2.99299  4.32618  4.57135  4.21968  1.75920  4.17228  4.57639  2.00240  4.20341  1.53886  3.47677  4.40364  4.60692  3.99385  4.21370  3.50904  3.26061  1.94135  4.35005  3.26822     94 l - - -
          2.68618  4.42225  2.77519  2.73123  3.46354  2.40513  3.72494  3.29354  2.67741  2.69355  4.24690  2.90347  2.73739  3.18146  2.89801  2.37887  2.77519  2.98518  4.58477  3.61503
          0.00496  5.30834        *  0.61958  0.77255  0.00000        *
//
