HMMER3/f [3.2.1 | June 2018]
NAME  CRISPR-CAS_Csm3
LENG  205
ALPH  amino
RF    no
MM    no
CONS  yes
CS    no
MAP   yes
DATE  Fri Jun 18 18:44:04 2021
NSEQ  500
EFFN  9.044647
CKSUM 930293960
STATS LOCAL MSV      -10.2920  0.70505
STATS LOCAL VITERBI  -11.4542  0.70505
STATS LOCAL FORWARD   -4.8501  0.70505
HMM          A        C        D        E        F        G        H        I        K        L        M        N        P        Q        R        S        T        V        W        Y   
            m->m     m->i     m->d     i->m     i->i     d->m     d->d
  COMPO   2.58434  4.45386  2.93928  2.62403  3.27477  2.55580  3.83326  2.80161  2.62445  2.38856  3.81711  3.17029  3.43597  3.16462  2.78929  2.65847  2.81814  2.77841  4.85605  3.65367
          2.68618  4.42225  2.77519  2.73123  3.46354  2.40513  3.72494  3.29354  2.67741  2.69355  4.24690  2.90347  2.73739  3.18146  2.89801  2.37887  2.77519  2.98518  4.58477  3.61503
          0.44310  5.84817  1.03543  0.61958  0.77255  0.00000        *
      1   2.60180  5.50129  2.87910  2.47866  3.97258  3.70131  3.13118  3.25295  2.01149  3.33226  2.73619  3.00695  3.24746  2.99187  2.52292  2.61925  2.85854  2.98564  4.98704  4.17987      1 k - - -
          2.68618  4.42225  2.77519  2.73123  3.46354  2.40513  3.72494  3.29354  2.67741  2.69355  4.24690  2.90347  2.73739  3.18146  2.89801  2.37887  2.77519  2.98518  4.58477  3.61503
          0.01947  5.41172  4.21194  0.61958  0.77255  1.49121  0.25502
      2   2.17006  5.58551  3.03531  2.60735  4.73512  3.45896  3.50417  3.84009  1.74084  3.68878  4.02931  2.41409  3.65821  2.55065  2.55524  2.63254  2.80268  3.50105  6.01867  4.25136      2 k - - -
          2.68618  4.42225  2.77519  2.73123  3.46354  2.40513  3.72494  3.29354  2.67741  2.69355  4.24690  2.90347  2.73739  3.18146  2.89801  2.37887  2.77519  2.98518  4.58477  3.61503
          0.00653  5.43041  6.15276  0.61958  0.77255  0.34452  1.23292
      3   3.35671  4.73251  5.31389  4.69898  1.59376  4.52529  4.39727  2.54576  4.04746  1.58860  1.64162  4.05024  4.88906  4.39430  4.19833  3.64587  3.25593  2.76902  4.49532  3.46048      3 l - - -
          2.68618  4.42225  2.77519  2.73123  3.46354  2.40513  3.72494  3.29354  2.67741  2.69355  4.24690  2.90347  2.73739  3.18146  2.89801  2.37887  2.77519  2.98518  4.58477  3.61503
          0.08188  5.76056  2.58410  0.61958  0.77255  0.52624  0.89361
      4   3.02584  5.14513  3.73214  3.03735  3.99193  3.93196  3.95062  2.27391  2.31094  2.61908  3.05559  3.36878  4.15409  3.39581  3.22937  2.75472  2.51088  1.72641  5.39176  3.12650      4 v - - -
          2.68618  4.42225  2.77519  2.73123  3.46354  2.40513  3.72494  3.29354  2.67741  2.69355  4.24690  2.90347  2.73739  3.18146  2.89801  2.37887  2.77519  2.98518  4.58477  3.61503
          0.23618  5.74051  1.57432  0.61958  0.77255  0.90731  0.51686
      5   2.71174  5.06940  2.31283  2.39846  4.28792  2.25169  3.42663  4.02830  2.18367  3.84085  4.52031  2.04261  4.14504  2.91117  2.94259  2.61203  3.03345  3.70652  6.07047  3.81086      5 n - - -
          2.68618  4.42225  2.77519  2.73123  3.46354  2.40513  3.72494  3.29354  2.67741  2.69355  4.24690  2.90347  2.73739  3.18146  2.89801  2.37887  2.77519  2.98518  4.58477  3.61503
          0.01654  5.52538  4.38865  0.61958  0.77255  0.43452  1.04293
      6   2.99086  4.28505  3.16020  2.64683  4.24291  3.12083  3.69509  2.96553  1.76979  3.19256  4.14234  2.98402  4.12618  2.99896  1.77486  2.89022  2.74223  3.73381  6.16890  3.56001      6 k - - -
          2.68618  4.42225  2.77519  2.73123  3.46354  2.40513  3.72494  3.29354  2.67741  2.69355  4.24690  2.90347  2.73739  3.18146  2.89801  2.37887  2.77519  2.98518  4.58477  3.61503
          0.00791  5.74600  5.36359  0.61958  0.77255  0.95907  0.48329
      7   3.17594  3.67621  4.93858  4.17336  2.84387  4.07036  3.60168  1.79868  3.40218  1.59623  3.53513  3.72892  4.87331  3.96502  4.12720  3.65792  3.42072  2.33164  3.69714  2.04013      7 l - - -
          2.68618  4.42225  2.77519  2.73123  3.46354  2.40513  3.72494  3.29354  2.67741  2.69355  4.24690  2.90347  2.73739  3.18146  2.89801  2.37887  2.77519  2.98518  4.58477  3.61503
          0.01279  5.74690  4.65447  0.61958  0.77255  0.51931  0.90369
      8   2.92147  4.69967  3.43748  2.37868  3.60338  4.04659  3.51200  2.55136  2.14108  2.74630  4.21932  3.46143  3.82554  2.97861  2.24777  2.77154  2.40718  2.79488  4.88070  3.43381      8 k - - -
          2.68618  4.42225  2.77519  2.73123  3.46354  2.40513  3.72494  3.29354  2.67741  2.69355  4.24690  2.90347  2.73739  3.18146  2.89801  2.37887  2.77519  2.98518  4.58477  3.61503
          0.00451  5.80030  6.52265  0.61958  0.77255  0.73416  0.65375
      9   2.67927  4.62832  5.40004  4.78574  3.00176  4.59932  4.93640  1.07104  4.56988  1.51441  3.57579  4.55444  4.96026  4.69886  4.57489  3.91237  3.58251  2.20968  5.42362  3.17056      9 i - - -
          2.68618  4.42225  2.77519  2.73123  3.46354  2.40513  3.72494  3.29354  2.67741  2.69355  4.24690  2.90347  2.73739  3.18146  2.89801  2.37887  2.77519  2.98518  4.58477  3.61503
          0.20729  5.80443  1.69171  0.61958  0.77255  0.54963  0.86076
     10   2.94987  5.01611  2.72191  1.93565  4.43198  3.61136  3.53331  4.05805  2.07578  3.61541  4.23138  3.06912  3.92067  2.82022  2.32595  2.31388  2.17426  3.79394  5.00748  4.31906     10 e - - -
          2.68618  4.42225  2.77519  2.73123  3.46354  2.40513  3.72494  3.29354  2.67741  2.69355  4.24690  2.90347  2.73739  3.18146  2.89801  2.37887  2.77519  2.98518  4.58477  3.61503
          0.00535  5.62962  6.35197  0.61958  0.77255  1.30815  0.31515
     11   2.37972  3.03529  5.23156  4.61652  2.85487  1.58683  4.77414  2.23991  4.40225  1.84967  3.57024  4.60188  4.80441  4.53420  4.41180  3.49483  3.36038  2.15360  5.26901  3.16988     11 g - - -
          2.68618  4.42225  2.77519  2.73123  3.46354  2.40513  3.72494  3.29354  2.67741  2.69355  4.24690  2.90347  2.73739  3.18146  2.89801  2.37887  2.77519  2.98518  4.58477  3.61503
          0.00534  5.63192  6.35427  0.61958  0.77255  0.26741  1.44969
     12   3.04651  5.08461  3.14247  2.17811  4.78567  4.08040  3.81592  3.42717  1.93135  3.46157  4.55166  2.88988  4.24324  2.85082  2.48087  2.63224  1.76390  2.96891  4.69141  4.82975     12 t - - -
          2.68618  4.42225  2.77519  2.73123  3.46354  2.40513  3.72494  3.29354  2.67741  2.69355  4.24690  2.90347  2.73739  3.18146  2.89801  2.37887  2.77519  2.98518  4.58477  3.61503
          0.00438  5.82843  6.55078  0.61958  0.77255  0.63158  0.75875
     13   3.30854  5.21111  5.86007  5.25028  3.19859  5.09036  5.42108  1.07707  5.04706  1.04788  3.19452  5.26013  5.38993  5.11783  5.03446  4.41535  4.10194  2.44459  4.35139  4.68250     13 l - - -
          2.68618  4.42225  2.77519  2.73123  3.46354  2.40513  3.72494  3.29354  2.67741  2.69355  4.24690  2.90347  2.73739  3.18146  2.89801  2.37887  2.77519  2.98518  4.58477  3.61503
          0.00437  5.83051  6.55286  0.61958  0.77255  0.63158  0.75875
     14   3.17166  5.54010  3.21405  1.63884  4.99929  4.08133  3.25414  2.98290  2.12090  3.63897  4.47327  3.18147  4.47467  2.92502  2.63035  3.01045  1.87170  2.89294  6.23960  4.59425     14 e - - -
          2.68618  4.42225  2.77519  2.73123  3.46354  2.40513  3.72494  3.29354  2.67741  2.69355  4.24690  2.90347  2.73739  3.18146  2.89801  2.37887  2.77519  2.98518  4.58477  3.61503
          0.00437  5.83051  6.55286  0.61958  0.77255  0.57629  0.82549
     15   1.99548  3.23853  5.36649  4.75155  2.67490  4.57736  4.91066  2.72904  4.53771  1.40556  3.37523  4.09814  3.41726  4.67003  4.54796  3.47002  2.12634  2.03452  5.40615  4.23006     15 l - - -
          2.68618  4.42225  2.77519  2.73123  3.46354  2.40513  3.72494  3.29354  2.67741  2.69355  4.24690  2.90347  2.73739  3.18146  2.89801  2.37887  2.77519  2.98518  4.58477  3.61503
          0.00435  5.83590  6.55825  0.61958  0.77255  0.58014  0.82058
     16   3.16506  4.76592  2.81656  2.08978  3.83533  3.96568  3.96172  3.42376  2.01251  1.76159  4.16248  3.36357  4.26400  2.59494  3.05418  3.24051  2.91239  2.65401  6.15145  4.12839     16 l - - -
          2.68618  4.42225  2.77519  2.73123  3.46354  2.40513  3.72494  3.29354  2.67741  2.69355  4.24690  2.90347  2.73739  3.18146  2.89801  2.37887  2.77519  2.98518  4.58477  3.61503
          0.00434  5.83788  6.56023  0.61958  0.77255  0.58932  0.80901
     17   2.99133  5.81164  3.36156  2.94843  5.14281  3.12172  4.32103  4.61593  2.89197  4.02004  4.86690  3.49266  4.26881  3.16304  3.52620  1.34695  1.18864  4.19713  6.26388  4.86335     17 t - - -
          2.68618  4.42225  2.77519  2.73123  3.46354  2.40513  3.72494  3.29354  2.67741  2.69355  4.24690  2.90347  2.73739  3.18146  2.89801  2.37887  2.77519  2.98518  4.58477  3.61503
          0.00434  5.83788  6.56023  0.61958  0.77255  0.58932  0.80901
     18   2.40707  5.79146  2.45711  2.77967  4.86098  1.91547  4.28718  4.47582  3.02999  4.09010  4.83703  3.31165  1.29623  3.29250  3.41171  2.95896  3.49903  4.04827  6.23421  3.71622     18 p - - -
          2.68618  4.42225  2.77519  2.73123  3.46354  2.40513  3.72494  3.29354  2.67741  2.69355  4.24690  2.90347  2.73739  3.18146  2.89801  2.37887  2.77519  2.98518  4.58477  3.61503
          0.00434  5.83788  6.56023  0.61958  0.77255  0.57601  0.82584
     19   2.81705  4.78483  5.38182  4.76595  3.09680  3.88273  4.66339  2.39176  4.54917  0.97422  3.20745  4.74583  4.94471  4.36942  4.55479  3.67585  2.58247  2.44907  2.76798  3.36758     19 l - - -
          2.68618  4.42225  2.77519  2.73123  3.46354  2.40513  3.72494  3.29354  2.67741  2.69355  4.24690  2.90347  2.73739  3.18146  2.89801  2.37887  2.77519  2.98518  4.58477  3.61503
          0.00433  5.83915  6.56149  0.61958  0.77255  0.58186  0.81838
     20   2.63714  3.40642  5.12931  4.35515  2.66102  3.94414  1.37255  2.69785  3.93571  2.04169  3.52044  4.43877  4.91226  4.44326  2.82663  3.35297  3.00821  2.75109  5.43879  3.10485     20 h - - -
          2.68618  4.42225  2.77519  2.73123  3.46354  2.40513  3.72494  3.29354  2.67741  2.69355  4.24690  2.90347  2.73739  3.18146  2.89801  2.37887  2.77519  2.98518  4.58477  3.61503
          0.00433  5.83915  6.56149  0.61958  0.77255  0.58186  0.81838
     21   3.19737  3.68711  5.42864  4.81569  2.87347  4.63150  4.97121  0.91058  4.60129  2.29613  3.87240  4.79710  4.54948  4.73275  4.60842  3.21358  3.21859  1.72163  5.46064  4.28405     21 i - - -
          2.68618  4.42225  2.77519  2.73123  3.46354  2.40513  3.72494  3.29354  2.67741  2.69355  4.24690  2.90347  2.73739  3.18146  2.89801  2.37887  2.77519  2.98518  4.58477  3.61503
          0.01464  5.83915  4.45450  0.61958  0.77255  0.58186  0.81838
     22   2.69026  5.76247  3.52961  3.02626  4.89056  0.96529  4.15334  4.55418  2.49995  3.97764  4.58791  3.57000  3.55350  3.20808  2.55736  2.45045  3.29973  4.14094  5.60937  4.81343     22 g - - -
          2.68618  4.42225  2.77519  2.73123  3.46354  2.40513  3.72494  3.29354  2.67741  2.69355  4.24690  2.90347  2.73739  3.18146  2.89801  2.37887  2.77519  2.98518  4.58477  3.61503
          0.03942  5.82888  3.33238  0.61958  0.77255  0.58999  0.80818
     23   2.08308  4.64158  2.70649  2.82404  5.11032  2.04778  4.15645  4.58966  2.93959  3.87265  4.38287  2.75337  4.22149  3.28274  2.91278  1.56943  2.52545  3.84426  5.37562  4.80794     23 s - - -
          2.68618  4.42225  2.77519  2.73123  3.46354  2.40513  3.72494  3.29354  2.67741  2.69355  4.24690  2.90347  2.73739  3.18146  2.89801  2.37887  2.77519  2.98518  4.58477  3.61503
          0.03787  5.79911  3.37765  0.61958  0.77255  0.48361  0.95856
     24   2.79502  5.71911  3.26670  2.87605  4.83362  0.89618  4.17383  4.19047  3.02366  4.01073  4.62575  3.05622  4.13664  3.29843  3.42090  2.22334  3.12839  3.78024  6.17393  4.78453     24 g - - -
          2.68618  4.42225  2.77519  2.73123  3.46354  2.40513  3.72494  3.29354  2.67741  2.69355  4.24690  2.90347  2.73739  3.18146  2.89801  2.37887  2.77519  2.98518  4.58477  3.61503
          0.40983  5.80177  1.09898  0.61958  0.77255  0.66095  0.72641
     25   2.70051  5.57879  2.35847  2.20868  4.54383  3.15866  3.43454  3.79590  2.00715  3.19629  4.29041  2.57448  4.16080  2.77726  2.65759  2.31778  3.02851  3.34417  5.55586  4.03457     25 k - - -
          2.68618  4.42225  2.77519  2.73123  3.46354  2.40513  3.72494  3.29354  2.67741  2.69355  4.24690  2.90347  2.73739  3.18146  2.89801  2.37887  2.77519  2.98518  4.58477  3.61503
          0.00959  5.41681  5.27861  0.61958  0.77255  1.53534  0.24256
     26   2.46563  5.57907  2.17010  1.96307  4.34276  2.82989  4.04468  3.88955  2.50561  3.43351  4.08531  2.88770  3.69101  2.98810  3.14303  2.26277  2.56104  3.25105  6.01500  3.94654     26 e - - -
          2.68618  4.42225  2.77519  2.73123  3.46354  2.40513  3.72494  3.29354  2.67741  2.69355  4.24690  2.90347  2.73739  3.18146  2.89801  2.37887  2.77519  2.98518  4.58477  3.61503
          0.06805  5.43843  2.78967  0.61958  0.77255  1.66611  0.20946
     27   2.47805  5.07248  2.43856  2.04485  3.17498  2.79737  3.94463  3.99428  2.41755  3.43480  4.41851  2.79221  3.70108  2.89558  3.02018  2.35425  2.51651  3.35199  5.98082  4.14252     27 e - - -
          2.68618  4.42225  2.77519  2.73123  3.46354  2.40513  3.72494  3.29354  2.67741  2.69355  4.24690  2.90347  2.73739  3.18146  2.89801  2.37887  2.77519  2.98518  4.58477  3.61503
          0.13433  5.37727  2.11133  0.61958  0.77255  1.74276  0.19242
     28   2.26768  4.39991  3.64855  3.07514  2.60638  3.63143  4.34706  2.38201  3.34789  1.96105  2.62342  3.39160  3.74459  3.49988  3.51748  2.65360  3.03656  2.44440  5.20757  3.50255     28 l - - -
          2.68618  4.42225  2.77519  2.73123  3.46354  2.40513  3.72494  3.29354  2.67741  2.69355  4.24690  2.90347  2.73739  3.18146  2.89801  2.37887  2.77519  2.98518  4.58477  3.61503
          0.35116  5.25076  1.23482  0.61958  0.77255  0.41047  1.08868
     29   2.16982  5.02356  2.24298  1.98030  4.07973  2.87323  3.37089  3.69725  2.54988  3.33123  4.40877  3.09668  3.70236  2.83693  2.75069  2.55407  2.99673  3.27435  4.90771  4.49519     29 e - - -
          2.68618  4.42225  2.77519  2.73123  3.46354  2.40513  3.72494  3.29354  2.67741  2.69355  4.24690  2.90347  2.73739  3.18146  2.89801  2.37887  2.77519  2.98518  4.58477  3.61503
          0.01820  5.49354  4.27445  0.61958  0.77255  1.37227  0.29240
     30   2.74754  5.20659  2.77096  2.67191  4.58153  2.14104  3.62488  1.78264  2.64813  3.59266  4.56864  2.96436  2.53353  3.12149  3.22804  2.83493  3.10002  3.40376  5.97726  4.33049     30 i - - -
          2.68618  4.42225  2.77519  2.73123  3.46354  2.40513  3.72494  3.29354  2.67741  2.69355  4.24690  2.90347  2.73739  3.18146  2.89801  2.37887  2.77519  2.98518  4.58477  3.61503
          0.03899  5.51332  3.37526  0.61958  0.77255  1.20685  0.35544
     31   2.22594  5.57415  3.00825  2.59469  4.39644  1.42332  3.87004  3.78856  2.57139  3.25260  4.46441  3.11278  3.74135  3.18597  3.20280  2.44739  2.89200  3.44731  6.02463  4.23783     31 g - - -
          2.68618  4.42225  2.77519  2.73123  3.46354  2.40513  3.72494  3.29354  2.67741  2.69355  4.24690  2.90347  2.73739  3.18146  2.89801  2.37887  2.77519  2.98518  4.58477  3.61503
          0.01169  5.53536  4.86930  0.61958  0.77255  0.49518  0.94022
     32   2.36549  5.38352  2.68650  2.49475  3.86709  1.87799  3.95170  3.05693  2.56030  2.56599  4.54054  3.00342  3.82534  3.00287  3.13183  2.79769  2.85793  3.36779  4.99221  3.83039     32 g - - -
          2.68618  4.42225  2.77519  2.73123  3.46354  2.40513  3.72494  3.29354  2.67741  2.69355  4.24690  2.90347  2.73739  3.18146  2.89801  2.37887  2.77519  2.98518  4.58477  3.61503
          0.00708  5.73597  5.56441  0.61958  0.77255  0.75519  0.63473
     33   2.33883  4.76385  3.68065  2.87298  3.62377  3.42320  4.00949  2.19179  2.65126  2.50114  3.74490  3.29420  3.25449  3.31037  3.34776  2.74423  2.53225  1.97819  5.47357  4.24806     33 v - - -
          2.68618  4.42225  2.77519  2.73123  3.46354  2.40513  3.72494  3.29354  2.67741  2.69355  4.24690  2.90347  2.73739  3.18146  2.89801  2.37887  2.77519  2.98518  4.58477  3.61503
          0.00463  5.77369  6.49604  0.61958  0.77255  0.79979  0.59679
     34   3.20484  5.80622  0.79337  2.63579  5.14982  3.74018  3.48963  4.47048  2.85789  4.02346  4.84780  2.81938  4.14288  3.13540  3.20709  2.93258  3.47797  3.71925  6.23919  4.82736     34 d - - -
          2.68618  4.42225  2.77519  2.73123  3.46354  2.40513  3.72494  3.29354  2.67741  2.69355  4.24690  2.90347  2.73739  3.18146  2.89801  2.37887  2.77519  2.98518  4.58477  3.61503
          0.01071  5.78700  4.88132  0.61958  0.77255  0.87055  0.54253
     35   2.24077  5.45485  3.53264  2.79652  4.64202  3.79943  3.64862  2.98973  2.28710  2.42249  3.07126  2.19781  4.34597  2.88827  3.01999  2.12006  2.86620  3.27469  6.12345  4.74599     35 s - - -
          2.68618  4.42225  2.77519  2.73123  3.46354  2.40513  3.72494  3.29354  2.67741  2.69355  4.24690  2.90347  2.73739  3.18146  2.89801  2.37887  2.77519  2.98518  4.58477  3.61503
          0.01605  5.78089  4.35583  0.61958  0.77255  0.79309  0.60229
     36   2.57190  5.02778  2.78477  2.40379  5.05709  3.85772  4.02706  4.00071  2.84228  2.73546  4.36752  3.36688  1.44652  2.96632  3.19295  2.68020  2.44079  3.59273  6.17993  4.02710     36 p - - -
          2.68618  4.42225  2.77519  2.73123  3.46354  2.40513  3.72494  3.29354  2.67741  2.69355  4.24690  2.90347  2.73739  3.18146  2.89801  2.37887  2.77519  2.98518  4.58477  3.61503
          0.10881  5.78038  2.30247  0.61958  0.77255  0.65192  0.73615
     37   3.00943  4.21396  4.94657  4.22384  2.54523  4.49416  4.82811  1.74705  4.19554  2.02787  3.67938  4.65627  4.64229  4.38884  4.46611  3.73328  3.32928  1.05895  5.32203  4.14598     37 v - - -
          2.68618  4.42225  2.77519  2.73123  3.46354  2.40513  3.72494  3.29354  2.67741  2.69355  4.24690  2.90347  2.73739  3.18146  2.89801  2.37887  2.77519  2.98518  4.58477  3.61503
          0.00495  5.70714  6.42949  0.61958  0.77255  1.07417  0.41791
     38   2.49704  4.51063  4.56007  3.54184  3.65858  4.47009  4.48165  1.60742  4.18465  1.90827  3.38026  4.56856  4.58795  3.09489  3.69236  3.50207  3.31405  1.53357  5.01728  3.19196     38 v - - -
          2.68618  4.42225  2.77519  2.73123  3.46354  2.40513  3.72494  3.29354  2.67741  2.69355  4.24690  2.90347  2.73739  3.18146  2.89801  2.37887  2.77519  2.98518  4.58477  3.61503
          0.00991  5.71569  5.02557  0.61958  0.77255  0.36455  1.18584
     39   3.14771  5.74849  3.58220  2.79985  4.16123  3.97022  3.09810  3.83393  1.53730  3.30092  4.32317  3.40556  3.87512  2.97011  1.41586  3.03510  3.09545  3.22910  6.19795  4.13275     39 r - - -
          2.68618  4.42225  2.77519  2.73123  3.46354  2.40513  3.72494  3.29354  2.67741  2.69355  4.24690  2.90347  2.73739  3.18146  2.89801  2.37887  2.77519  2.98518  4.58477  3.61503
          0.02188  5.82599  3.97955  0.61958  0.77255  0.45545  1.00557
     40   3.05807  5.81424  0.95465  2.59144  5.15690  3.31946  3.18613  4.32458  2.96498  4.00966  4.65026  2.32618  4.47663  3.33127  3.33221  3.04825  2.88904  3.95422  6.24832  4.63211     40 d - - -
          2.68618  4.42225  2.77519  2.73123  3.46354  2.40513  3.72494  3.29354  2.67741  2.69355  4.24690  2.90347  2.73739  3.18146  2.89801  2.37887  2.77519  2.98518  4.58477  3.61503
          0.21746  5.83360  1.64760  0.61958  0.77255  0.58067  0.81990
     41   2.15207  5.12234  2.94551  2.40523  3.89735  2.92006  3.44869  4.16765  2.38340  3.85636  4.29044  3.09045  1.91028  3.14946  2.78530  2.60245  3.22411  3.25047  4.44932  3.73132     41 p - - -
          2.68618  4.42225  2.77519  2.73123  3.46354  2.40513  3.72494  3.29354  2.67741  2.69355  4.24690  2.90347  2.73739  3.18146  2.89801  2.37887  2.77519  2.98518  4.58477  3.61503
          0.03063  5.62942  3.62783  0.61958  0.77255  1.24558  0.33936
     42   2.81397  5.67943  2.45761  2.57402  3.81124  3.63349  3.14806  4.06780  2.65993  3.16083  4.59455  2.22221  4.15135  2.84929  2.79783  2.54468  1.87689  3.86518  6.11465  3.07844     42 t - - -
          2.68618  4.42225  2.77519  2.73123  3.46354  2.40513  3.72494  3.29354  2.67741  2.69355  4.24690  2.90347  2.73739  3.18146  2.89801  2.37887  2.77519  2.98518  4.58477  3.61503
          0.01063  5.61727  4.97063  0.61958  0.77255  0.22529  1.60089
     43   3.20521  5.82216  2.88832  2.79748  4.91062  1.13535  3.82542  4.65377  2.38766  3.83544  4.74336  2.35085  3.98897  2.86498  2.85133  2.70176  3.45752  4.10841  5.33358  4.67980     43 g - - -
          2.68618  4.42225  2.77519  2.73123  3.46354  2.40513  3.72494  3.29354  2.67741  2.69355  4.24690  2.90347  2.73739  3.18146  2.89801  2.37887  2.77519  2.98518  4.58477  3.61503
          0.00433  5.83976  6.56211  0.61958  0.77255  0.57085  0.83251
     44   3.02564  5.07650  3.47435  2.30172  3.22480  4.06746  3.86090  3.24040  2.32390  1.91808  3.74997  2.89693  4.38445  2.53085  2.24454  3.03945  2.83601  3.05120  5.34492  4.07699     44 l - - -
          2.68618  4.42225  2.77519  2.73123  3.46354  2.40513  3.72494  3.29354  2.67741  2.69355  4.24690  2.90347  2.73739  3.18146  2.89801  2.37887  2.77519  2.98518  4.58477  3.61503
          0.00432  5.84364  6.56599  0.61958  0.77255  0.53910  0.87533
     45   2.97179  4.63163  3.93730  4.45948  3.43612  4.53986  4.56560  2.89267  4.17765  2.40276  3.95869  4.59102  0.76291  4.49797  4.42797  3.72443  3.54347  2.61894  5.45791  3.10800     45 p - - -
          2.68618  4.42225  2.77519  2.73123  3.46354  2.40513  3.72494  3.29354  2.67741  2.69355  4.24690  2.90347  2.73739  3.18146  2.89801  2.37887  2.77519  2.98518  4.58477  3.61503
          0.00429  5.84839  6.57074  0.61958  0.77255  0.54448  0.86785
     46   2.78820  4.13384  5.38455  4.61349  2.22424  4.58794  4.17780  2.41722  4.12892  2.35203  2.91397  4.75119  4.95162  4.56296  3.99251  3.62360  3.36357  2.24387  5.04090  1.20008     46 y - - -
          2.68618  4.42225  2.77519  2.73123  3.46354  2.40513  3.72494  3.29354  2.67741  2.69355  4.24690  2.90347  2.73739  3.18146  2.89801  2.37887  2.77519  2.98518  4.58477  3.61503
          0.00429  5.84986  6.57220  0.61958  0.77255  0.55104  0.85885
     47   4.35132  5.60458  6.38983  5.82712  3.49094  5.73112  6.12594  0.61952  5.67704  1.63865  4.09461  5.90131  5.93950  5.71932  5.67961  5.09729  4.58190  1.96315  6.37504  3.92015     47 I - - -
          2.68618  4.42225  2.77519  2.73123  3.46354  2.40513  3.72494  3.29354  2.67741  2.69355  4.24690  2.90347  2.73739  3.18146  2.89801  2.37887  2.77519  2.98518  4.58477  3.61503
          0.00429  5.84986  6.57220  0.61958  0.77255  0.55104  0.85885
     48   3.10503  5.59389  3.76786  3.16317  4.84344  3.99219  4.13406  4.26109  2.90730  3.48542  4.18412  3.65255  0.68047  3.32933  2.99792  3.08881  3.40492  3.93255  5.49960  4.75148     48 P - - -
          2.68618  4.42225  2.77519  2.73123  3.46354  2.40513  3.72494  3.29354  2.67741  2.69355  4.24690  2.90347  2.73739  3.18146  2.89801  2.37887  2.77519  2.98518  4.58477  3.61503
          0.00572  5.85693  5.86346  0.61958  0.77255  0.55104  0.85885
     49   1.85378  5.72441  4.37066  4.37509  6.30660  0.37305  5.94323  5.81391  5.12640  5.44860  6.22656  4.76382  3.71168  4.90195  5.46879  3.23396  4.28738  5.00869  7.61020  6.40822     49 G - - -
          2.68618  4.42225  2.77519  2.73123  3.46354  2.40513  3.72494  3.29354  2.67741  2.69355  4.24690  2.90347  2.73739  3.18146  2.89801  2.37887  2.77519  2.98518  4.58477  3.61503
          0.00426  5.85548  6.57783  0.61958  0.77255  0.56004  0.84673
     50   3.01704  5.83189  3.74337  3.19237  5.25473  3.94386  4.42130  4.71949  2.15270  4.21397  4.96989  3.45100  4.60902  3.52878  2.76229  0.94313  1.87081  4.28961  6.35017  4.97444     50 s - - -
          2.68618  4.42225  2.77519  2.73123  3.46354  2.40513  3.72494  3.29354  2.67741  2.69355  4.24690  2.90347  2.73739  3.18146  2.89801  2.37887  2.77519  2.98518  4.58477  3.61503
          0.00426  5.85548  6.57783  0.61958  0.77255  0.56004  0.84673
     51   3.10170  5.63047  3.68096  3.00809  4.89764  3.63774  3.84920  4.19879  3.11858  3.60198  4.40892  3.65386  4.53685  3.01888  3.05097  0.88390  2.02037  3.38854  6.11351  4.75609     51 s - - -
          2.68618  4.42225  2.77519  2.73123  3.46354  2.40513  3.72494  3.29354  2.67741  2.69355  4.24690  2.90347  2.73739  3.18146  2.89801  2.37887  2.77519  2.98518  4.58477  3.61503
          0.00426  5.85548  6.57783  0.61958  0.77255  0.56004  0.84673
     52   3.78084  5.12865  5.76038  5.14733  2.52914  4.39975  5.30387  1.51252  4.93846  0.81121  3.51392  5.14659  5.29525  5.02220  4.92844  4.29850  4.00833  2.54831  3.97480  4.57594     52 l - - -
          2.68618  4.42225  2.77519  2.73123  3.46354  2.40513  3.72494  3.29354  2.67741  2.69355  4.24690  2.90347  2.73739  3.18146  2.89801  2.37887  2.77519  2.98518  4.58477  3.61503
          0.00426  5.85548  6.57783  0.61958  0.77255  0.56004  0.84673
     53   2.15264  5.81898  3.67717  3.07209  5.14932  3.93586  4.33927  4.18128  0.88664  4.11023  4.59321  3.46399  4.55758  3.44610  2.02875  3.24164  3.15886  3.87549  6.25598  4.87770     53 k - - -
          2.68618  4.42225  2.77519  2.73123  3.46354  2.40513  3.72494  3.29354  2.67741  2.69355  4.24690  2.90347  2.73739  3.18146  2.89801  2.37887  2.77519  2.98518  4.58477  3.61503
          0.00426  5.85548  6.57783  0.61958  0.77255  0.56004  0.84673
     54   4.79716  6.55840  5.84673  5.92555  7.05074  0.05004  6.98253  6.98074  6.36186  6.47665  7.39654  4.99817  6.02987  6.50819  6.42754  4.99830  5.37002  6.11331  7.93095  7.21129     54 G - - -
          2.68618  4.42225  2.77519  2.73123  3.46354  2.40513  3.72494  3.29354  2.67741  2.69355  4.24690  2.90347  2.73739  3.18146  2.89801  2.37887  2.77519  2.98518  4.58477  3.61503
          0.00426  5.85548  6.57783  0.61958  0.77255  0.56004  0.84673
     55   1.94204  3.30355  4.67296  3.71982  4.04710  4.46928  4.01654  2.93900  1.83034  2.04431  2.55526  3.72192  4.35145  4.25120  3.40744  3.38471  3.30468  1.99336  5.22502  3.80643     55 k - - -
          2.68618  4.42225  2.77519  2.73123  3.46354  2.40513  3.72494  3.29354  2.67741  2.69355  4.24690  2.90347  2.73739  3.18146  2.89801  2.37887  2.77519  2.98518  4.58477  3.61503
          0.00426  5.85548  6.57783  0.61958  0.77255  0.56004  0.84673
     56   3.52266  4.96700  5.58655  4.97207  2.97363  4.79123  5.12374  1.90308  4.75844  0.91850  2.26477  4.95926  5.13335  4.86694  4.75594  3.98377  3.68212  2.11445  3.85967  4.42014     56 l - - -
          2.68618  4.42225  2.77519  2.73123  3.46354  2.40513  3.72494  3.29354  2.67741  2.69355  4.24690  2.90347  2.73739  3.18146  2.89801  2.37887  2.77519  2.98518  4.58477  3.61503
          0.01138  5.85548  4.77337  0.61958  0.77255  0.56004  0.84673
     57   3.04922  5.72210  3.98058  3.38541  4.99331  4.03516  4.22358  3.96080  2.79730  3.67053  4.79482  3.87925  4.72826  3.54553  0.54857  3.04632  3.76498  3.86454  6.17936  4.26577     57 R - - -
          2.68618  4.42225  2.77519  2.73123  3.46354  2.40513  3.72494  3.29354  2.67741  2.69355  4.24690  2.90347  2.73739  3.18146  2.89801  2.37887  2.77519  2.98518  4.58477  3.61503
          0.00429  5.84839  6.57074  0.61958  0.77255  0.60261  0.79271
     58   2.24281  4.76294  2.74260  2.12436  4.15281  3.48893  2.62306  4.65396  2.84464  4.12944  4.50028  2.75547  4.48378  3.02465  3.27356  1.51514  2.59558  4.14193  5.40223  4.45818     58 s - - -
          2.68618  4.42225  2.77519  2.73123  3.46354  2.40513  3.72494  3.29354  2.67741  2.69355  4.24690  2.90347  2.73739  3.18146  2.89801  2.37887  2.77519  2.98518  4.58477  3.61503
          0.00429  5.84839  6.57074  0.61958  0.77255  0.60261  0.79271
     59   1.96974  4.80336  4.45265  2.87584  3.51315  3.62113  3.04224  2.82268  3.36747  1.56242  3.58696  3.70866  4.78741  3.41768  3.42171  2.76034  3.14802  2.51970  4.15825  3.03330     59 l - - -
          2.68618  4.42225  2.77519  2.73123  3.46354  2.40513  3.72494  3.29354  2.67741  2.69355  4.24690  2.90347  2.73739  3.18146  2.89801  2.37887  2.77519  2.98518  4.58477  3.61503
          0.00698  5.84839  5.50309  0.61958  0.77255  0.60261  0.79271
     60   1.97511  2.88191  5.38948  4.77325  2.62574  4.36922  3.95127  2.70304  4.55534  1.36614  2.98480  4.75064  4.94783  4.68422  4.55917  3.58598  3.17090  2.06827  4.78518  2.73503     60 l - - -
          2.68618  4.42225  2.77519  2.73123  3.46354  2.40513  3.72494  3.29354  2.67741  2.69355  4.24690  2.90347  2.73739  3.18146  2.89801  2.37887  2.77519  2.98518  4.58477  3.61503
          0.01109  5.84281  4.81219  0.61958  0.77255  0.61815  0.77423
     61   2.51256  5.36370  2.91471  0.93808  4.68471  3.69410  3.94078  4.33303  2.64906  3.64054  4.43441  3.39326  4.09552  2.89735  2.78171  2.98487  3.33993  3.87038  5.69319  4.15920     61 e - - -
          2.68618  4.42225  2.77519  2.73123  3.46354  2.40513  3.72494  3.29354  2.67741  2.69355  4.24690  2.90347  2.73739  3.18146  2.89801  2.37887  2.77519  2.98518  4.58477  3.61503
          0.00729  5.83606  5.43900  0.61958  0.77255  0.63731  0.75229
     62   2.41815  5.38960  3.12076  2.41401  4.50973  3.66921  4.01229  2.65977  2.15203  3.11431  3.78466  2.85263  4.18494  2.73928  2.07755  2.76208  2.67652  3.63732  3.59697  4.11155     62 r - - -
          2.68618  4.42225  2.77519  2.73123  3.46354  2.40513  3.72494  3.29354  2.67741  2.69355  4.24690  2.90347  2.73739  3.18146  2.89801  2.37887  2.77519  2.98518  4.58477  3.61503
          0.06021  5.83492  2.89113  0.61958  0.77255  0.63523  0.75463
     63   2.20285  4.69001  4.32349  3.68653  3.06667  4.31185  4.16017  1.83365  3.13703  1.72278  3.35952  3.70788  4.82928  3.52350  3.22318  3.22100  3.23479  2.04674  4.94943  3.42682     63 l - - -
          2.68618  4.42225  2.77519  2.73123  3.46354  2.40513  3.72494  3.29354  2.67741  2.69355  4.24690  2.90347  2.73739  3.18146  2.89801  2.37887  2.77519  2.98518  4.58477  3.61503
          0.03204  5.78205  3.55953  0.61958  0.77255  0.71039  0.67620
     64   2.21419  4.24194  3.49688  2.65788  3.78386  3.56822  3.31184  3.21420  2.97395  2.14938  3.95275  3.52151  4.42613  3.33195  3.21976  2.06593  2.30948  2.70765  5.40806  3.05416     64 s - - -
          2.68618  4.42225  2.77519  2.73123  3.46354  2.40513  3.72494  3.29354  2.67741  2.69355  4.24690  2.90347  2.73739  3.18146  2.89801  2.37887  2.77519  2.98518  4.58477  3.61503
          0.04194  5.77403  3.27119  0.61958  0.77255  0.75786  0.63237
     65   2.81526  4.68337  2.75697  2.46594  3.40267  2.03836  3.40982  4.18718  2.50995  3.46922  4.61548  2.23995  4.05609  2.97877  2.22287  2.73651  3.21840  3.88534  5.09162  3.38321     65 g - - -
          2.68618  4.42225  2.77519  2.73123  3.46354  2.40513  3.72494  3.29354  2.67741  2.69355  4.24690  2.90347  2.73739  3.18146  2.89801  2.37887  2.77519  2.98518  4.58477  3.61503
          0.01979  5.75624  4.10848  0.61958  0.77255  0.93274  0.50001
     66   2.49675  4.84935  3.09319  2.56636  4.07357  2.31361  3.99332  3.76279  2.42759  2.83546  3.49442  3.01721  3.95894  2.98909  3.24231  1.80106  2.61773  3.30038  4.78423  4.42215     66 s - - -
          2.68618  4.42225  2.77519  2.73123  3.46354  2.40513  3.72494  3.29354  2.67741  2.69355  4.24690  2.90347  2.73739  3.18146  2.89801  2.37887  2.77519  2.98518  4.58477  3.61503
          0.18835  5.74803  1.78090  0.61958  0.77255  1.02531  0.44423
     67   2.64495  4.72613  3.50015  3.72003  2.72240  3.61706  4.04765  2.61917  3.32265  1.47844  2.62933  3.78301  3.47053  3.64565  3.64665  3.26517  3.10903  2.16400  4.89147  3.34173     67 l - - -
          2.68618  4.42225  2.77519  2.73123  3.46354  2.40513  3.72494  3.29354  2.67741  2.69355  4.24690  2.90347  2.73739  3.18146  2.89801  2.37887  2.77519  2.98518  4.58477  3.61503
          0.07589  5.56538  2.66994  0.61958  0.77255  0.94603  0.49148
     68   2.82161  5.33213  2.05457  2.29209  4.37766  2.26371  3.92049  3.53555  2.37929  3.34656  4.42215  2.74516  3.24624  2.92141  3.14912  2.60210  2.90511  3.44012  4.18701  3.68443     68 d - - -
          2.68625  4.42044  2.77568  2.73163  3.46335  2.40325  3.72510  3.29412  2.67774  2.69394  4.24665  2.90380  2.73789  3.18171  2.89839  2.37927  2.77558  2.98543  4.57993  3.61343
          1.08594  0.56991  2.33469  0.46652  0.98666  0.73362  0.65425
     69   2.94955  5.31751  2.48973  2.40521  4.00578  2.99394  3.79062  4.40468  1.45178  3.61743  4.51097  2.88463  3.97081  2.85176  2.48582  2.70916  3.06300  3.87843  3.36170  4.60235     71 k - - -
          2.68618  4.42225  2.77519  2.73123  3.46354  2.40513  3.72494  3.29354  2.67741  2.69355  4.24690  2.90347  2.73739  3.18146  2.89801  2.37887  2.77519  2.98518  4.58477  3.61503
          0.27119  5.61456  1.45294  0.61958  0.77255  1.30484  0.31638
     70   2.79834  5.22719  1.95106  1.81115  4.41641  3.31543  3.61470  4.13214  2.23707  3.64535  4.34220  2.72147  3.52275  2.67342  2.91069  2.56041  2.90011  3.84052  5.98645  4.14555     72 e - - -
          2.68618  4.42225  2.77519  2.73123  3.46354  2.40513  3.72494  3.29354  2.67741  2.69355  4.24690  2.90347  2.73739  3.18146  2.89801  2.37887  2.77519  2.98518  4.58477  3.61503
          0.10989  5.36275  2.30884  0.61958  0.77255  1.63090  0.21785
     71   2.45877  5.03206  2.19712  1.94466  4.05249  3.47267  3.96637  3.70879  2.07980  3.03914  4.54788  2.85739  3.46445  2.73890  2.92130  2.63187  2.84506  3.82163  5.40805  4.21101     73 e - - -
          2.68618  4.42225  2.77519  2.73123  3.46354  2.40513  3.72494  3.29354  2.67741  2.69355  4.24690  2.90347  2.73739  3.18146  2.89801  2.37887  2.77519  2.98518  4.58477  3.61503
          0.13106  5.28538  2.13899  0.61958  0.77255  0.41959  1.07095
     72   2.61545  4.87774  1.86233  1.75434  4.88287  3.07726  3.65447  4.24330  2.38667  3.64687  4.59637  2.73925  3.69097  2.78407  2.80790  2.73437  2.89389  3.85247  6.12862  4.30209     74 e - - -
          2.68618  4.42225  2.77519  2.73123  3.46354  2.40513  3.72494  3.29354  2.67741  2.69355  4.24690  2.90347  2.73739  3.18146  2.89801  2.37887  2.77519  2.98518  4.58477  3.61503
          0.38665  5.62644  1.14862  0.61958  0.77255  0.71650  0.67033
     73   2.83859  1.61236  2.05513  2.32280  4.55422  3.78392  3.86172  4.24748  2.61892  3.66840  4.57231  3.13142  3.86778  3.01570  3.11281  2.35027  2.95070  3.90855  5.97011  4.56961     75 c - - -
          2.68618  4.42225  2.77519  2.73123  3.46354  2.40513  3.72494  3.29354  2.67741  2.69355  4.24690  2.90347  2.73739  3.18146  2.89801  2.37887  2.77519  2.98518  4.58477  3.61503
          0.01148  5.38975  4.98277  0.61958  0.77255  0.56823  0.83592
     74   2.77191  4.59702  3.44130  2.70365  2.89148  4.01048  4.18048  2.36586  2.84803  2.07133  3.50870  3.84196  2.09029  3.40097  3.31891  3.11714  2.95897  2.63715  3.79343  3.61835     76 l - - -
          2.68618  4.42225  2.77519  2.73123  3.46354  2.40513  3.72494  3.29354  2.67741  2.69355  4.24690  2.90347  2.73739  3.18146  2.89801  2.37887  2.77519  2.98518  4.58477  3.61503
          0.01691  5.67035  4.31820  0.61958  0.77255  0.67322  0.71348
     75   1.67917  4.13772  4.88248  3.71544  3.13085  4.50112  4.47525  1.72766  4.40387  2.20944  3.60903  4.62968  4.04558  4.38044  3.98776  3.11240  2.77718  1.68273  5.35412  4.07254     77 a - - -
          2.68618  4.42225  2.77519  2.73123  3.46354  2.40513  3.72494  3.29354  2.67741  2.69355  4.24690  2.90347  2.73739  3.18146  2.89801  2.37887  2.77519  2.98518  4.58477  3.61503
          0.00477  5.74348  6.46582  0.61958  0.77255  0.98326  0.46855
     76   2.78256  1.86279  2.30106  2.12277  4.73419  3.59164  3.83772  3.69449  2.53797  3.26814  4.77983  2.77465  4.42880  3.14950  2.92829  2.59565  2.84956  3.35185  5.54711  4.36329     78 c - - -
          2.68618  4.42225  2.77519  2.73123  3.46354  2.40513  3.72494  3.29354  2.67741  2.69355  4.24690  2.90347  2.73739  3.18146  2.89801  2.37887  2.77519  2.98518  4.58477  3.61503
          0.00474  5.74909  6.47143  0.61958  0.77255  0.37965  1.15234
     77   2.52001  4.35182  3.07281  2.57088  4.30107  3.67810  3.48659  4.19930  2.12761  3.16390  4.85062  3.24206  4.28400  2.33514  1.64583  2.67792  2.86590  3.44128  5.09761  3.73117     79 r - - -
          2.68618  4.42225  2.77519  2.73123  3.46354  2.40513  3.72494  3.29354  2.67741  2.69355  4.24690  2.90347  2.73739  3.18146  2.89801  2.37887  2.77519  2.98518  4.58477  3.61503
          0.00434  5.83700  6.55935  0.61958  0.77255  0.55217  0.85731
     78   3.29723  4.02711  5.07047  4.52278  3.19459  4.58537  4.91955  1.81843  4.35382  1.00344  3.06542  4.75183  4.76071  4.51772  4.40218  3.65875  3.19420  2.01238  4.17575  3.68808     80 l - - -
          2.68618  4.42225  2.77519  2.73123  3.46354  2.40513  3.72494  3.29354  2.67741  2.69355  4.24690  2.90347  2.73739  3.18146  2.89801  2.37887  2.77519  2.98518  4.58477  3.61503
          0.00431  5.84437  6.56672  0.61958  0.77255  0.56204  0.84407
     79   5.02032  6.18015  6.39706  6.12269  0.24870  4.83412  4.91824  4.67471  5.89477  3.22691  4.13549  5.61865  6.15146  5.71401  5.76662  5.22700  4.85962  4.57682  3.29574  2.95674     81 F - - -
          2.68618  4.42225  2.77519  2.73123  3.46354  2.40513  3.72494  3.29354  2.67741  2.69355  4.24690  2.90347  2.73739  3.18146  2.89801  2.37887  2.77519  2.98518  4.58477  3.61503
          0.00430  5.84654  6.56888  0.61958  0.77255  0.54145  0.87204
     80   3.56082  6.40289  3.69546  3.48047  6.04958  0.25344  5.24101  5.51085  4.00008  5.06374  5.94681  4.02738  5.22566  4.03955  4.34214  3.90354  4.55502  5.07527  7.24443  4.85789     82 G - - -
          2.68618  4.42225  2.77519  2.73123  3.46354  2.40513  3.72494  3.29354  2.67741  2.69355  4.24690  2.90347  2.73739  3.18146  2.89801  2.37887  2.77519  2.98518  4.58477  3.61503
          0.01703  5.84943  4.26847  0.61958  0.77255  0.55431  0.85442
     81   2.57885  4.80549  3.07071  2.63024  3.24384  3.16013  3.52403  3.72210  2.57257  3.71951  4.48793  2.58523  3.86722  3.13965  3.08509  1.72724  2.64081  2.93900  3.75973  3.21957     83 s - - -
          2.68618  4.42225  2.77519  2.73123  3.46354  2.40513  3.72494  3.29354  2.67741  2.69355  4.24690  2.90347  2.73739  3.18146  2.89801  2.37887  2.77519  2.98518  4.58477  3.61503
          0.07034  5.83674  2.73332  0.61958  0.77255  0.62904  0.76165
     82   2.29182  5.73295  3.28115  2.44305  4.70321  3.13443  3.52602  3.27969  2.66674  3.24436  4.21633  3.31804  2.66341  2.55307  3.17881  2.24425  2.25125  2.52781  5.68582  4.77835     84 s - - -
          2.68618  4.42225  2.77519  2.73123  3.46354  2.40513  3.72494  3.29354  2.67741  2.69355  4.24690  2.90347  2.73739  3.18146  2.89801  2.37887  2.77519  2.98518  4.58477  3.61503
          0.15780  5.76856  1.94594  0.61958  0.77255  0.86949  0.54329
     83   2.49937  5.69316  2.56456  2.44196  4.49905  1.97926  3.68452  3.79663  2.08906  3.73034  4.73380  2.82989  3.00355  3.01907  2.88571  2.41377  2.88295  3.82334  4.88376  4.71480     85 g - - -
          2.68618  4.42225  2.77519  2.73123  3.46354  2.40513  3.72494  3.29354  2.67741  2.69355  4.24690  2.90347  2.73739  3.18146  2.89801  2.37887  2.77519  2.98518  4.58477  3.61503
          0.07276  5.62420  2.70955  0.61958  0.77255  1.17014  0.37153
     84   2.61632  5.11778  2.30639  2.13879  4.84326  2.33363  4.00732  4.12927  2.26128  3.84219  4.50049  2.67731  3.78643  2.57771  2.85986  2.23533  2.83364  3.89426  6.10365  4.22282     86 e - - -
          2.68618  4.42225  2.77519  2.73123  3.46354  2.40513  3.72494  3.29354  2.67741  2.69355  4.24690  2.90347  2.73739  3.18146  2.89801  2.37887  2.77519  2.98518  4.58477  3.61503
          0.19468  5.58228  1.75368  0.61958  0.77255  0.95688  0.48465
     85   2.62781  5.61507  2.33336  1.97192  4.05982  2.76686  3.72516  4.30528  2.08309  3.23270  4.40922  2.42601  3.62831  2.78015  3.00325  2.71805  2.82224  3.76347  5.07995  4.37560     87 e - - -
          2.68618  4.42225  2.77519  2.73123  3.46354  2.40513  3.72494  3.29354  2.67741  2.69355  4.24690  2.90347  2.73739  3.18146  2.89801  2.37887  2.77519  2.98518  4.58477  3.61503
          0.05073  5.48220  3.09437  0.61958  0.77255  1.04512  0.43332
     86   2.67423  4.76616  2.31054  1.93985  4.49859  3.19008  3.76125  4.25917  2.12003  3.16540  3.51345  2.64390  3.53730  2.69327  2.63283  2.72039  2.96775  3.73287  4.88056  4.66719     88 e - - -
          2.68618  4.42225  2.77519  2.73123  3.46354  2.40513  3.72494  3.29354  2.67741  2.69355  4.24690  2.90347  2.73739  3.18146  2.89801  2.37887  2.77519  2.98518  4.58477  3.61503
          0.02588  5.53985  3.83387  0.61958  0.77255  0.54058  0.87325
     87   2.08296  5.11702  3.10777  2.63867  4.15392  2.04992  4.06398  3.19137  2.75026  3.08197  4.40281  2.63372  3.25879  2.94253  3.22685  2.36349  2.76862  3.26633  4.12124  4.22321     89 g - - -
          2.68618  4.42225  2.77519  2.73123  3.46354  2.40513  3.72494  3.29354  2.67741  2.69355  4.24690  2.90347  2.73739  3.18146  2.89801  2.37887  2.77519  2.98518  4.58477  3.61503
          0.02214  5.71510  3.98463  0.61958  0.77255  0.45236  1.01095
     88   3.04789  4.33206  3.57902  2.79500  2.96457  2.71580  3.53213  2.84865  2.73472  2.21892  3.66833  3.17426  4.29402  2.83374  2.74717  2.94616  2.66658  2.91884  3.32767  2.88162     90 l - - -
          2.68618  4.42225  2.77519  2.73123  3.46354  2.40513  3.72494  3.29354  2.67741  2.69355  4.24690  2.90347  2.73739  3.18146  2.89801  2.37887  2.77519  2.98518  4.58477  3.61503
          0.00453  5.79598  6.51833  0.61958  0.77255  0.62361  0.76789
     89   1.98730  5.79659  3.17008  2.82291  4.37561  2.94460  4.03651  3.59476  2.25380  3.77599  3.69733  3.33894  1.94870  2.26154  2.50463  2.86939  3.19825  3.80393  6.23216  4.62671     91 p - - -
          2.68618  4.42225  2.77519  2.73123  3.46354  2.40513  3.72494  3.29354  2.67741  2.69355  4.24690  2.90347  2.73739  3.18146  2.89801  2.37887  2.77519  2.98518  4.58477  3.61503
          0.00622  5.81729  5.73576  0.61958  0.77255  0.55561  0.85267
     90   2.34283  5.70688  3.44291  3.03852  5.02696  1.50886  4.32673  4.37962  2.97036  4.01505  4.78366  3.61777  4.25705  3.34041  3.46826  1.36007  2.38383  3.77344  6.19176  4.81221     92 s - - -
          2.68618  4.42225  2.77519  2.73123  3.46354  2.40513  3.72494  3.29354  2.67741  2.69355  4.24690  2.90347  2.73739  3.18146  2.89801  2.37887  2.77519  2.98518  4.58477  3.61503
          0.00436  5.83264  6.55499  0.61958  0.77255  0.62064  0.77133
     91   2.73700  4.20132  3.68355  3.00046  4.57708  4.04364  3.39244  3.55600  2.33724  2.75438  4.11840  3.45449  3.92199  3.01652  1.07792  2.81012  3.35075  3.63017  5.07221  4.59153     93 r - - -
          2.68618  4.42225  2.77519  2.73123  3.46354  2.40513  3.72494  3.29354  2.67741  2.69355  4.24690  2.90347  2.73739  3.18146  2.89801  2.37887  2.77519  2.98518  4.58477  3.61503
          0.00436  5.83440  6.55674  0.61958  0.77255  0.56107  0.84536
     92   2.76142  4.11125  5.39740  4.78147  3.26522  4.47603  4.92649  1.79634  4.56360  1.16129  3.25200  4.75848  4.95466  4.69228  4.56711  3.71995  3.31619  1.58761  4.82307  4.24016     94 l - - -
          2.68618  4.42225  2.77519  2.73123  3.46354  2.40513  3.72494  3.29354  2.67741  2.69355  4.24690  2.90347  2.73739  3.18146  2.89801  2.37887  2.77519  2.98518  4.58477  3.61503
          0.00588  5.84105  5.82260  0.61958  0.77255  0.59088  0.80708
     93   2.94024  4.87186  3.54213  3.10185  2.88958  3.80197  3.01162  2.01772  2.94881  2.79375  3.91165  3.50134  4.62179  2.70517  2.09149  2.46269  3.11248  2.83397  5.39688  3.02593     95 i - - -
          2.68618  4.42225  2.77519  2.73123  3.46354  2.40513  3.72494  3.29354  2.67741  2.69355  4.24690  2.90347  2.73739  3.18146  2.89801  2.37887  2.77519  2.98518  4.58477  3.61503
          0.00433  5.83950  6.56185  0.61958  0.77255  0.54175  0.87162
     94   3.44247  4.54429  5.55754  4.94983  1.17050  4.76995  5.11419  1.91868  4.74037  2.55163  3.93838  4.93622  5.12070  4.86749  4.74767  4.08763  3.74379  1.28229  5.20279  4.14097     96 f - - -
          2.68618  4.42225  2.77519  2.73123  3.46354  2.40513  3.72494  3.29354  2.67741  2.69355  4.24690  2.90347  2.73739  3.18146  2.89801  2.37887  2.77519  2.98518  4.58477  3.61503
          0.00694  5.84513  5.51696  0.61958  0.77255  0.55018  0.86002
     95   2.66772  4.31499  2.71219  2.40067  3.96943  2.49712  3.61573  4.64306  2.90529  3.69838  4.85865  3.00701  4.09522  3.14312  2.02137  1.72990  2.66376  4.03870  4.84973  3.86166     97 s - - -
          2.68618  4.42225  2.77519  2.73123  3.46354  2.40513  3.72494  3.29354  2.67741  2.69355  4.24690  2.90347  2.73739  3.18146  2.89801  2.37887  2.77519  2.98518  4.58477  3.61503
          0.01148  5.84406  4.76527  0.61958  0.77255  0.57297  0.82977
     96   3.05931  5.39238  0.89279  2.67266  4.71781  3.74890  3.51449  4.62485  3.01190  4.10763  4.66436  2.44967  3.43869  3.24275  3.50362  2.77239  3.37466  4.19224  4.31242  4.60463     98 d - - -
          2.68618  4.42225  2.77519  2.73123  3.46354  2.40513  3.72494  3.29354  2.67741  2.69355  4.24690  2.90347  2.73739  3.18146  2.89801  2.37887  2.77519  2.98518  4.58477  3.61503
          0.01835  5.83692  4.18196  0.61958  0.77255  0.54174  0.87163
     97   1.03483  3.06649  5.29609  4.68578  3.17366  2.94391  4.89645  2.98930  4.48663  1.99420  3.14008  4.46901  4.67907  4.63159  4.52061  3.01377  2.83264  2.62208  5.41236  4.23468     99 a - - -
          2.68618  4.42225  2.77519  2.73123  3.46354  2.40513  3.72494  3.29354  2.67741  2.69355  4.24690  2.90347  2.73739  3.18146  2.89801  2.37887  2.77519  2.98518  4.58477  3.61503
          0.00958  5.83308  5.01974  0.61958  0.77255  0.62489  0.76640
     98   2.95947  3.91928  3.54254  2.79000  2.45798  3.98935  2.98382  2.91840  2.60427  2.45936  4.03657  3.38053  3.64995  3.01166  2.81923  3.02924  2.71766  2.49098  5.88906  2.48614    100 f - - -
          2.68618  4.42225  2.77519  2.73123  3.46354  2.40513  3.72494  3.29354  2.67741  2.69355  4.24690  2.90347  2.73739  3.18146  2.89801  2.37887  2.77519  2.98518  4.58477  3.61503
          0.03230  5.83054  3.54577  0.61958  0.77255  0.52944  0.88901
     99   2.80072  2.89920  5.00285  4.59882  2.88152  3.84334  4.89731  2.26443  4.52903  1.07031  3.31071  4.72691  2.78486  4.65973  4.33855  3.31507  3.46281  2.31455  5.12892  3.77882    101 l - - -
          2.68618  4.42225  2.77519  2.73123  3.46354  2.40513  3.72494  3.29354  2.67741  2.69355  4.24690  2.90347  2.73739  3.18146  2.89801  2.37887  2.77519  2.98518  4.58477  3.61503
          0.14157  5.81486  2.04780  0.61958  0.77255  0.63411  0.75589
    100   2.53953  4.68625  2.58753  2.37374  4.78205  3.59536  3.62935  3.18727  2.72112  2.90653  3.99711  2.89873  2.83468  2.94714  3.19544  2.27947  2.14782  2.78773  6.12648  4.51309    102 t - - -
          2.68618  4.42225  2.77519  2.73123  3.46354  2.40513  3.72494  3.29354  2.67741  2.69355  4.24690  2.90347  2.73739  3.18146  2.89801  2.37887  2.77519  2.98518  4.58477  3.61503
          0.07943  5.69026  2.61754  0.61958  0.77255  0.59367  0.80362
    101   2.71536  5.74482  1.88901  1.76520  4.88588  3.08172  3.93321  4.36118  2.28198  3.81255  4.46233  2.49974  3.21940  2.75801  3.11525  2.58984  3.01094  3.87405  6.17677  4.62936    103 e - - -
          2.68618  4.42225  2.77519  2.73123  3.46354  2.40513  3.72494  3.29354  2.67741  2.69355  4.24690  2.90347  2.73739  3.18146  2.89801  2.37887  2.77519  2.98518  4.58477  3.61503
          0.04507  5.70884  3.20019  0.61958  0.77255  1.01858  0.44802
    102   2.47139  5.72832  2.08648  1.81290  5.07393  2.92513  4.03319  3.79970  2.34907  3.79626  4.34373  2.70732  3.27715  2.85636  3.16355  2.44009  2.91295  3.44698  5.32470  4.44981    104 e - - -
          2.68618  4.42225  2.77519  2.73123  3.46354  2.40513  3.72494  3.29354  2.67741  2.69355  4.24690  2.90347  2.73739  3.18146  2.89801  2.37887  2.77519  2.98518  4.58477  3.61503
          0.09625  5.68337  2.42632  0.61958  0.77255  1.18277  0.36590
    103   2.63379  4.97760  2.67713  2.30934  4.46732  2.74822  3.92213  3.43851  2.39950  2.62492  4.41461  2.83575  3.72416  2.87974  3.15413  2.04840  2.76418  3.14633  3.81692  4.43361    105 s - - -
          2.68618  4.42225  2.77519  2.73123  3.46354  2.40513  3.72494  3.29354  2.67741  2.69355  4.24690  2.90347  2.73739  3.18146  2.89801  2.37887  2.77519  2.98518  4.58477  3.61503
          0.28521  5.59639  1.40883  0.61958  0.77255  1.12686  0.39163
    104   2.47543  5.04492  2.88432  2.20976  4.49266  3.08702  3.86219  3.57478  2.01902  3.40571  4.59170  2.86043  3.91339  2.46040  2.12409  2.71948  3.12165  2.98498  5.98462  4.09683    106 k - - -
          2.68618  4.42225  2.77519  2.73123  3.46354  2.40513  3.72494  3.29354  2.67741  2.69355  4.24690  2.90347  2.73739  3.18146  2.89801  2.37887  2.77519  2.98518  4.58477  3.61503
          0.00694  5.37032  6.09267  0.61958  0.77255  1.71952  0.19742
    105   2.47905  4.97348  2.45704  1.98679  4.65313  3.50704  3.88065  4.08815  2.18247  2.92438  4.48060  2.77517  3.83712  2.46533  2.81342  2.54631  2.57905  3.58585  5.32709  4.13147    107 e - - -
          2.68618  4.42225  2.77519  2.73123  3.46354  2.40513  3.72494  3.29354  2.67741  2.69355  4.24690  2.90347  2.73739  3.18146  2.89801  2.37887  2.77519  2.98518  4.58477  3.61503
          0.00689  5.37630  6.09865  0.61958  0.77255  0.74084  0.64762
    106   2.25628  5.65686  2.74780  2.31718  4.17524  3.75349  3.87586  3.64803  2.11311  2.96266  4.14003  2.92734  2.63378  2.81577  2.57664  2.74851  3.13459  2.96300  4.44749  3.77437    108 k - - -
          2.68615  4.42242  2.77471  2.73076  3.46360  2.40518  3.72502  3.29363  2.67745  2.69359  4.24691  2.90341  2.73757  3.18152  2.89801  2.37900  2.77526  2.98536  4.58494  3.61520
          0.63486  1.45907  1.43744  0.06804  2.72145  0.54537  0.86662
    107   2.54218  4.91371  2.47070  2.35165  4.72721  2.57918  3.70508  3.83982  2.15549  2.61678  4.67107  3.00607  3.32074  2.60588  2.93771  2.71406  2.85443  3.55631  3.69931  4.15941    110 k - - -
          2.68618  4.42225  2.77519  2.73123  3.46354  2.40513  3.72494  3.29354  2.67741  2.69355  4.24690  2.90347  2.73739  3.18146  2.89801  2.37887  2.77519  2.98518  4.58477  3.61503
          0.13854  5.53000  2.07619  0.61958  0.77255  1.00674  0.45477
    108   2.60012  5.61328  2.17937  2.23823  3.74802  3.12924  3.71145  3.79340  2.41049  2.74624  3.73319  2.67078  3.41618  2.66649  2.91580  2.49785  2.79849  3.71516  5.43516  4.37205    111 d - - -
          2.68618  4.42225  2.77519  2.73123  3.46354  2.40513  3.72494  3.29354  2.67741  2.69355  4.24690  2.90347  2.73739  3.18146  2.89801  2.37887  2.77519  2.98518  4.58477  3.61503
          0.00942  5.49693  5.24454  0.61958  0.77255  1.51418  0.24845
    109   2.37664  5.26148  2.92978  2.42075  3.50466  3.12285  3.52007  3.56354  2.65846  2.92240  4.23233  2.97842  2.71598  2.83998  3.04790  2.35423  2.61109  2.87893  5.99316  3.23723    112 s - - -
          2.68618  4.42225  2.77519  2.73123  3.46354  2.40513  3.72494  3.29354  2.67741  2.69355  4.24690  2.90347  2.73739  3.18146  2.89801  2.37887  2.77519  2.98518  4.58477  3.61503
          0.03906  5.50478  3.37442  0.61958  0.77255  0.26292  1.46449
    110   2.91926  4.65620  3.78828  3.56052  2.62996  3.76201  4.72126  2.12846  2.99804  1.80188  3.09520  3.80676  3.14404  3.20952  3.61820  3.03231  3.17526  2.29898  4.44291  2.69655    113 l - - -
          2.68618  4.42225  2.77519  2.73123  3.46354  2.40513  3.72494  3.29354  2.67741  2.69355  4.24690  2.90347  2.73739  3.18146  2.89801  2.37887  2.77519  2.98518  4.58477  3.61503
          0.00456  5.78921  6.51156  0.61958  0.77255  0.78182  0.61170
    111   2.86517  4.62121  5.03188  3.84557  3.14024  4.03244  4.86133  2.57890  4.28908  1.42602  3.58318  4.65480  4.10039  4.40533  4.29114  2.94885  1.48195  2.44636  5.39405  2.87907    114 l - - -
          2.68618  4.42225  2.77519  2.73123  3.46354  2.40513  3.72494  3.29354  2.67741  2.69355  4.24690  2.90347  2.73739  3.18146  2.89801  2.37887  2.77519  2.98518  4.58477  3.61503
          0.02907  5.79757  3.66462  0.61958  0.77255  0.50925  0.91866
    112   2.71745  5.80213  2.83997  1.35321  3.93900  3.08149  4.03415  3.94517  2.65338  3.74723  4.63904  3.23682  3.94575  2.61475  2.88857  2.30286  2.67739  3.23888  6.23505  4.53945    115 e - - -
          2.68618  4.42225  2.77519  2.73123  3.46354  2.40513  3.72494  3.29354  2.67741  2.69355  4.24690  2.90347  2.73739  3.18146  2.89801  2.37887  2.77519  2.98518  4.58477  3.61503
          0.24365  5.81008  1.54534  0.61958  0.77255  0.51379  0.91186
    113   2.71972  4.66433  4.03599  2.92302  3.84542  4.08701  4.00267  1.71234  3.20394  2.32553  3.34972  3.58724  4.10900  3.66987  3.63187  2.95453  2.50838  1.75793  4.11025  3.70560    116 i - - -
          2.68618  4.42225  2.77519  2.73123  3.46354  2.40513  3.72494  3.29354  2.67741  2.69355  4.24690  2.90347  2.73739  3.18146  2.89801  2.37887  2.77519  2.98518  4.58477  3.61503
          0.00547  5.60728  6.32963  0.61958  0.77255  0.28543  1.39308
    114   3.31696  5.74781  3.53117  3.00516  4.60230  4.10203  3.68214  3.76568  1.33895  3.55998  4.79690  3.33873  4.29066  3.20796  1.20823  3.06996  3.43793  3.52968  5.60729  4.80833    117 r - - -
          2.68618  4.42225  2.77519  2.73123  3.46354  2.40513  3.72494  3.29354  2.67741  2.69355  4.24690  2.90347  2.73739  3.18146  2.89801  2.37887  2.77519  2.98518  4.58477  3.61503
          0.00440  5.82476  6.54710  0.61958  0.77255  0.69586  0.69045
    115   2.54901  5.37728  2.16051  2.85888  2.96303  3.81187  3.55548  4.00148  3.01993  3.59817  4.24338  3.09785  2.04830  2.73643  3.11088  2.55225  2.54833  3.37796  4.06657  3.15535    118 p - - -
          2.68618  4.42225  2.77519  2.73123  3.46354  2.40513  3.72494  3.29354  2.67741  2.69355  4.24690  2.90347  2.73739  3.18146  2.89801  2.37887  2.77519  2.98518  4.58477  3.61503
          0.00817  5.82476  5.26311  0.61958  0.77255  0.69586  0.69045
    116   3.00010  5.80688  3.33237  1.69050  4.29289  1.74631  3.13999  4.43915  2.82099  4.11229  4.66810  3.27162  3.89002  2.52481  2.89642  2.23631  2.66903  4.19768  5.60483  4.60219    119 e - - -
          2.68618  4.42225  2.77519  2.73123  3.46354  2.40513  3.72494  3.29354  2.67741  2.69355  4.24690  2.90347  2.73739  3.18146  2.89801  2.37887  2.77519  2.98518  4.58477  3.61503
          0.23723  5.81524  1.56922  0.61958  0.77255  0.69462  0.69168
    117   2.98083  4.78456  4.45209  3.64898  3.90198  4.17795  4.57752  2.36023  3.79180  2.88579  3.89946  1.88330  4.48410  4.04991  3.87919  3.48190  1.85921  1.36003  5.39258  4.18793    120 v - - -
          2.68618  4.42225  2.77519  2.73123  3.46354  2.40513  3.72494  3.29354  2.67741  2.69355  4.24690  2.90347  2.73739  3.18146  2.89801  2.37887  2.77519  2.98518  4.58477  3.61503
          0.00559  5.58613  6.30848  0.61958  0.77255  0.44793  1.01874
    118   1.64564  4.30615  3.55242  2.90414  4.52163  2.86789  3.97591  4.19578  2.27488  3.87788  4.60992  3.25902  4.27770  2.85529  2.44423  2.17957  2.25573  3.45158  5.78365  3.65295    121 a - - -
          2.68618  4.42225  2.77519  2.73123  3.46354  2.40513  3.72494  3.29354  2.67741  2.69355  4.24690  2.90347  2.73739  3.18146  2.89801  2.37887  2.77519  2.98518  4.58477  3.61503
          0.02173  5.76988  3.99683  0.61958  0.77255  0.46198  0.99435
    119   3.27601  4.76953  4.81312  4.71407  3.52220  4.15949  4.51091  0.73916  4.27714  1.85574  3.50161  4.54453  4.92104  4.47642  4.33725  3.73105  3.54977  2.46900  5.39094  3.99897    122 i - - -
          2.68618  4.42225  2.77519  2.73123  3.46354  2.40513  3.72494  3.29354  2.67741  2.69355  4.24690  2.90347  2.73739  3.18146  2.89801  2.37887  2.77519  2.98518  4.58477  3.61503
          0.00891  5.81053  5.13678  0.61958  0.77255  0.69922  0.68711
    120   2.98976  5.80730  1.25674  2.48115  5.15300  3.33886  3.79653  4.63957  2.74892  4.00566  4.84787  1.85804  4.46113  3.13231  3.14988  2.75604  2.80636  3.60744  6.23952  4.82794    123 d - - -
          2.68618  4.42225  2.77519  2.73123  3.46354  2.40513  3.72494  3.29354  2.67741  2.69355  4.24690  2.90347  2.73739  3.18146  2.89801  2.37887  2.77519  2.98518  4.58477  3.61503
          0.07606  5.81002  2.65580  0.61958  0.77255  0.59582  0.80098
    121   3.00036  5.37243  2.85431  2.54767  4.85823  3.69005  3.28369  4.60398  2.26617  4.02264  4.53408  2.94918  3.16135  2.96030  1.12350  2.85582  3.31844  3.94360  6.20363  4.57278    124 r - - -
          2.68618  4.42225  2.77519  2.73123  3.46354  2.40513  3.72494  3.29354  2.67741  2.69355  4.24690  2.90347  2.73739  3.18146  2.89801  2.37887  2.77519  2.98518  4.58477  3.61503
          0.03049  5.75493  3.61706  0.61958  0.77255  0.42913  1.05289
    122   2.90646  5.31788  2.56507  2.40259  3.94654  4.00011  4.08412  2.18245  2.17905  2.33418  4.56676  3.15908  4.12968  3.02932  2.50771  3.19104  3.17923  2.48288  5.48668  3.62625    125 k - - -
          2.68618  4.42225  2.77519  2.73123  3.46354  2.40513  3.72494  3.29354  2.67741  2.69355  4.24690  2.90347  2.73739  3.18146  2.89801  2.37887  2.77519  2.98518  4.58477  3.61503
          0.01892  5.80287  4.15284  0.61958  0.77255  0.48849  0.95076
    123   2.83228  5.78450  3.03796  2.98386  4.07617  2.98475  4.26658  4.41853  2.36786  3.56625  4.50478  2.94758  4.29286  3.22325  1.94818  2.40360  1.41692  4.07651  5.26094  4.66572    126 t - - -
          2.68618  4.42225  2.77519  2.73123  3.46354  2.40513  3.72494  3.29354  2.67741  2.69355  4.24690  2.90347  2.73739  3.18146  2.89801  2.37887  2.77519  2.98518  4.58477  3.61503
          0.00686  5.82096  5.55441  0.61958  0.77255  0.54956  0.86086
    124   2.35191  4.82048  3.54172  2.85392  5.01123  0.97992  4.07464  4.32470  2.87279  3.77616  4.53968  3.50168  4.49717  3.25589  2.52261  2.59954  3.31287  3.66917  6.17039  4.66619    127 g - - -
          2.68618  4.42225  2.77519  2.73123  3.46354  2.40513  3.72494  3.29354  2.67741  2.69355  4.24690  2.90347  2.73739  3.18146  2.89801  2.37887  2.77519  2.98518  4.58477  3.61503
          0.00436  5.83246  6.55481  0.61958  0.77255  0.59504  0.80193
    125   1.98066  5.18374  3.62702  3.09705  4.56293  3.61578  3.88930  2.87072  2.70152  3.56069  4.43219  3.57521  4.57143  3.33603  2.19508  2.63360  1.75317  2.43544  4.30365  3.46159    128 t - - -
          2.68618  4.42225  2.77519  2.73123  3.46354  2.40513  3.72494  3.29354  2.67741  2.69355  4.24690  2.90347  2.73739  3.18146  2.89801  2.37887  2.77519  2.98518  4.58477  3.61503
          0.28550  5.83516  1.40470  0.61958  0.77255  0.55376  0.85516
    126   0.64449  5.11632  4.25957  3.73836  4.58629  3.50393  4.73768  3.96855  3.52596  3.65935  4.52313  3.91639  3.92265  4.01444  3.88169  2.79960  2.86510  2.41007  5.98569  4.74598    129 A - - -
          2.68618  4.42225  2.77519  2.73123  3.46354  2.40513  3.72494  3.29354  2.67741  2.69355  4.24690  2.90347  2.73739  3.18146  2.89801  2.37887  2.77519  2.98518  4.58477  3.61503
          0.22192  5.56233  1.63384  0.61958  0.77255  0.20772  1.67362
    127   2.20769  5.27684  2.98190  1.92484  4.50829  3.83877  3.99710  3.76775  1.36532  3.61323  4.75919  3.27265  4.37960  2.78120  2.76572  2.78038  3.27031  3.37257  6.15182  4.44607    130 k - - -
          2.68618  4.42225  2.77519  2.73123  3.46354  2.40513  3.72494  3.29354  2.67741  2.69355  4.24690  2.90347  2.73739  3.18146  2.89801  2.37887  2.77519  2.98518  4.58477  3.61503
          0.03979  5.67489  3.33617  0.61958  0.77255  0.30657  1.33168
    128   2.90204  5.39728  2.01081  1.99130  5.14453  3.08460  3.22543  4.34966  2.29582  4.00586  4.31852  2.00394  3.48853  2.87087  3.01527  2.74255  2.85241  3.52198  6.23018  4.70228    131 e - - -
          2.68618  4.42225  2.77519  2.73123  3.46354  2.40513  3.72494  3.29354  2.67741  2.69355  4.24690  2.90347  2.73739  3.18146  2.89801  2.37887  2.77519  2.98518  4.58477  3.61503
          0.02296  5.79776  3.92899  0.61958  0.77255  0.75019  0.63918
    129   2.89449  5.78829  3.02874  2.69687  4.87427  1.93191  3.10428  4.22862  2.15258  3.78350  4.56018  2.77213  1.94328  2.74065  2.90229  2.83913  2.95403  3.98723  6.22051  4.80908    132 g - - -
          2.68618  4.42225  2.77519  2.73123  3.46354  2.40513  3.72494  3.29354  2.67741  2.69355  4.24690  2.90347  2.73739  3.18146  2.89801  2.37887  2.77519  2.98518  4.58477  3.61503
          0.26248  5.78309  1.47938  0.61958  0.77255  0.39768  1.11437
    130   2.30337  4.77829  3.39516  2.84168  3.60522  2.68224  3.63581  3.28535  2.27602  3.36012  3.51245  2.81794  3.50515  2.67479  2.98386  1.91817  2.93989  3.00408  6.01302  4.41385    133 s - - -
          2.68618  4.42225  2.77519  2.73123  3.46354  2.40513  3.72494  3.29354  2.67741  2.69355  4.24690  2.90347  2.73739  3.18146  2.89801  2.37887  2.77519  2.98518  4.58477  3.61503
          0.03271  5.59800  3.55860  0.61958  0.77255  1.31794  0.31155
    131   3.06527  4.51379  3.44596  2.93934  4.11550  3.31871  3.55623  3.56364  1.74805  1.35340  4.42341  3.31735  3.54180  3.28799  2.81238  3.04514  3.21664  3.36643  5.85812  4.12825    134 l - - -
          2.68618  4.42225  2.77519  2.73123  3.46354  2.40513  3.72494  3.29354  2.67741  2.69355  4.24690  2.90347  2.73739  3.18146  2.89801  2.37887  2.77519  2.98518  4.58477  3.61503
          0.00562  5.58089  6.30324  0.61958  0.77255  0.20333  1.69287
    132   3.24206  4.99906  4.44555  3.80661  1.99274  4.40511  3.81856  2.73227  3.45539  3.10909  3.67427  4.14995  4.65858  3.71117  1.34039  2.92893  2.66696  3.07705  5.59388  2.31368    135 r - - -
          2.68618  4.42225  2.77519  2.73123  3.46354  2.40513  3.72494  3.29354  2.67741  2.69355  4.24690  2.90347  2.73739  3.18146  2.89801  2.37887  2.77519  2.98518  4.58477  3.61503
          0.00434  5.83882  6.56116  0.61958  0.77255  0.57044  0.83304
    133   2.91648  5.30551  1.90761  2.71221  3.08426  3.71174  3.64937  3.61180  2.59637  3.58594  4.46165  2.78257  3.24024  2.18463  2.86569  2.39478  2.58431  3.57531  5.07879  4.03374    136 d - - -
          2.68618  4.42225  2.77519  2.73123  3.46354  2.40513  3.72494  3.29354  2.67741  2.69355  4.24690  2.90347  2.73739  3.18146  2.89801  2.37887  2.77519  2.98518  4.58477  3.61503
          0.01157  5.83882  4.75671  0.61958  0.77255  0.57044  0.83304
    134   2.94925  4.06855  4.22020  3.02009  2.74843  3.91928  4.22894  1.85971  3.62079  2.09961  2.78603  3.96801  4.49236  3.43740  2.87742  3.17668  2.79091  2.36809  5.13923  2.51599    137 i - - -
          2.68618  4.42225  2.77519  2.73123  3.46354  2.40513  3.72494  3.29354  2.67741  2.69355  4.24690  2.90347  2.73739  3.18146  2.89801  2.37887  2.77519  2.98518  4.58477  3.61503
          0.00437  5.83161  6.55396  0.61958  0.77255  0.61258  0.78078
    135   2.99442  5.15611  3.30297  0.91693  5.15849  3.55540  3.91029  4.18655  2.71436  3.82731  4.49330  3.40269  4.47338  2.46241  2.38483  3.16691  3.11949  4.02930  6.24753  4.52461    138 e - - -
          2.68618  4.42225  2.77519  2.73123  3.46354  2.40513  3.72494  3.29354  2.67741  2.69355  4.24690  2.90347  2.73739  3.18146  2.89801  2.37887  2.77519  2.98518  4.58477  3.61503
          0.01000  5.83161  4.95965  0.61958  0.77255  0.53920  0.87518
    136   2.53597  3.86489  5.18393  4.14645  3.13392  4.55078  4.46096  2.70133  4.40385  2.63494  3.33956  4.35894  2.62370  3.93587  1.83488  3.63156  2.84498  1.43340  3.87313  4.02525    139 v - - -
          2.68618  4.42225  2.77519  2.73123  3.46354  2.40513  3.72494  3.29354  2.67741  2.69355  4.24690  2.90347  2.73739  3.18146  2.89801  2.37887  2.77519  2.98518  4.58477  3.61503
          0.00436  5.83325  6.55560  0.61958  0.77255  0.60317  0.79202
    137   2.42657  3.99485  5.37355  4.42560  3.51076  3.90689  4.91017  1.96191  4.54212  1.83512  3.59880  4.73989  4.74653  4.42049  4.42037  3.32252  3.21004  1.07947  4.89907  4.13648    140 v - - -
          2.68618  4.42225  2.77519  2.73123  3.46354  2.40513  3.72494  3.29354  2.67741  2.69355  4.24690  2.90347  2.73739  3.18146  2.89801  2.37887  2.77519  2.98518  4.58477  3.61503
          0.00708  5.83325  5.49082  0.61958  0.77255  0.60317  0.79202
    138   2.69652  4.84452  2.90446  2.49664  4.34881  3.42433  4.27894  3.06083  2.34754  3.38011  4.55067  2.83751  1.65451  3.16255  2.75898  2.91251  2.92028  2.81342  6.21234  4.17021    141 p - - -
          2.68618  4.42225  2.77519  2.73123  3.46354  2.40513  3.72494  3.29354  2.67741  2.69355  4.24690  2.90347  2.73739  3.18146  2.89801  2.37887  2.77519  2.98518  4.58477  3.61503
          0.00437  5.83054  6.55289  0.61958  0.77255  0.59054  0.80749
    139   1.60890  5.25113  3.36147  2.47179  5.15760  3.32083  4.04350  4.43651  2.05064  3.83523  4.52572  3.45700  2.09279  3.07427  2.32203  2.71596  3.20667  3.70784  6.24757  4.51509    142 a - - -
          2.68618  4.42225  2.77519  2.73123  3.46354  2.40513  3.72494  3.29354  2.67741  2.69355  4.24690  2.90347  2.73739  3.18146  2.89801  2.37887  2.77519  2.98518  4.58477  3.61503
          0.05894  5.83325  2.91304  0.61958  0.77255  0.60317  0.79202
    140   3.07523  5.23739  2.71230  2.56702  4.89603  0.86649  4.11338  4.58970  2.79441  3.93309  4.72441  2.86853  4.33174  3.27049  3.34403  2.92753  3.31353  4.08298  6.20767  4.67309    143 g - - -
          2.68618  4.42225  2.77519  2.73123  3.46354  2.40513  3.72494  3.29354  2.67741  2.69355  4.24690  2.90347  2.73739  3.18146  2.89801  2.37887  2.77519  2.98518  4.58477  3.61503
          0.05458  5.77891  2.99516  0.61958  0.77255  0.86946  0.54331
    141   1.80020  4.42126  3.96039  3.16238  4.22143  3.65047  4.01520  3.30501  3.08274  2.45271  3.85869  3.45791  4.36413  2.98794  3.58322  2.22586  1.83483  2.38249  5.71425  3.60016    144 a - - -
          2.68618  4.42225  2.77519  2.73123  3.46354  2.40513  3.72494  3.29354  2.67741  2.69355  4.24690  2.90347  2.73739  3.18146  2.89801  2.37887  2.77519  2.98518  4.58477  3.61503
          0.00484  5.72917  6.45152  0.61958  0.77255  0.30034  1.34925
    142   3.00569  5.00604  3.20720  1.87754  4.98157  3.77484  3.92347  3.18005  2.14428  3.64709  4.18213  3.45620  4.06689  2.85050  2.09839  2.72177  2.34895  2.46066  5.22307  3.93372    145 e - - -
          2.68618  4.42225  2.77519  2.73123  3.46354  2.40513  3.72494  3.29354  2.67741  2.69355  4.24690  2.90347  2.73739  3.18146  2.89801  2.37887  2.77519  2.98518  4.58477  3.61503
          0.00433  5.84111  6.56346  0.61958  0.77255  0.55656  0.85139
    143   3.39412  4.91258  5.45679  4.85655  0.58992  3.50192  4.94381  3.19612  4.64729  2.10752  3.89799  4.83549  5.05710  4.76886  4.65973  4.01207  3.64344  3.08916  4.79102  3.42043    146 F - - -
          2.68618  4.42225  2.77519  2.73123  3.46354  2.40513  3.72494  3.29354  2.67741  2.69355  4.24690  2.90347  2.73739  3.18146  2.89801  2.37887  2.77519  2.98518  4.58477  3.61503
          0.00940  5.84111  5.04366  0.61958  0.77255  0.53461  0.88164
    144   2.89027  4.34635  2.41945  2.00699  4.72154  3.29472  3.88692  3.79565  2.15314  3.65465  4.46641  2.78575  3.55264  2.90783  2.59136  2.54840  2.28647  3.48186  6.25316  3.40104    147 e - - -
          2.68618  4.42225  2.77519  2.73123  3.46354  2.40513  3.72494  3.29354  2.67741  2.69355  4.24690  2.90347  2.73739  3.18146  2.89801  2.37887  2.77519  2.98518  4.58477  3.61503
          0.00876  5.83816  5.14803  0.61958  0.77255  0.52220  0.89946
    145   2.34399  4.13945  5.29703  4.39865  1.49409  1.83273  4.38656  2.97713  4.48823  2.11969  3.68079  4.52095  4.93439  4.45781  4.52315  3.06100  2.59909  2.55178  4.77909  3.99246    148 f - - -
          2.68618  4.42225  2.77519  2.73123  3.46354  2.40513  3.72494  3.29354  2.67741  2.69355  4.24690  2.90347  2.73739  3.18146  2.89801  2.37887  2.77519  2.98518  4.58477  3.61503
          0.00434  5.83882  6.56116  0.61958  0.77255  0.57044  0.83304
    146   2.80657  4.64296  2.67537  1.70002  4.64800  3.89877  3.61166  4.18235  2.37854  3.80628  4.69116  2.95027  4.15549  2.65494  2.20944  2.44062  2.47460  3.66848  5.32822  3.42811    149 e - - -
          2.68618  4.42225  2.77519  2.73123  3.46354  2.40513  3.72494  3.29354  2.67741  2.69355  4.24690  2.90347  2.73739  3.18146  2.89801  2.37887  2.77519  2.98518  4.58477  3.61503
          0.00434  5.83882  6.56116  0.61958  0.77255  0.57044  0.83304
    147   2.93952  4.17406  4.93922  4.82463  3.03206  4.63784  4.97611  1.13634  4.60914  1.44238  2.60543  4.80455  4.99782  4.73782  4.61399  3.89835  3.69111  2.18918  5.46184  4.16961    150 i - - -
          2.68618  4.42225  2.77519  2.73123  3.46354  2.40513  3.72494  3.29354  2.67741  2.69355  4.24690  2.90347  2.73739  3.18146  2.89801  2.37887  2.77519  2.98518  4.58477  3.61503
          0.00653  5.83882  5.62702  0.61958  0.77255  0.54634  0.86528
    148   2.95986  5.11929  2.66990  2.02355  4.20452  3.72611  3.02984  2.72324  2.95515  2.94841  4.57799  2.94325  4.50135  2.89135  2.60383  2.60769  2.56428  2.34396  5.29228  3.57398    151 e - - -
          2.68618  4.42225  2.77519  2.73123  3.46354  2.40513  3.72494  3.29354  2.67741  2.69355  4.24690  2.90347  2.73739  3.18146  2.89801  2.37887  2.77519  2.98518  4.58477  3.61503
          0.00434  5.83893  6.56128  0.61958  0.77255  0.56975  0.83394
    149   3.07416  3.19362  5.38852  4.61324  1.85025  3.89337  4.51323  2.19587  4.55387  1.58242  3.47125  4.74871  4.94533  4.68243  4.33027  3.80434  3.50405  2.05313  4.04173  2.16341    152 l - - -
          2.68618  4.42225  2.77519  2.73123  3.46354  2.40513  3.72494  3.29354  2.67741  2.69355  4.24690  2.90347  2.73739  3.18146  2.89801  2.37887  2.77519  2.98518  4.58477  3.61503
          0.00617  5.83893  5.73295  0.61958  0.77255  0.56975  0.83394
    150   3.10436  5.38226  2.32547  1.81552  4.35940  3.88592  3.19688  3.51989  2.27168  2.93515  4.04947  2.62424  3.12480  2.78655  2.77100  2.76537  2.82870  3.64105  4.51626  4.36716    153 e - - -
          2.68618  4.42225  2.77519  2.73123  3.46354  2.40513  3.72494  3.29354  2.67741  2.69355  4.24690  2.90347  2.73739  3.18146  2.89801  2.37887  2.77519  2.98518  4.58477  3.61503
          0.10255  5.83711  2.35862  0.61958  0.77255  0.55868  0.84854
    151   2.77794  5.03060  2.77158  2.76951  4.44424  3.08091  4.09861  2.90760  2.88898  2.89751  4.58909  1.57716  3.26274  3.04972  3.12193  2.90819  3.00497  2.33890  6.08669  4.06801    154 n - - -
          2.68618  4.42225  2.77519  2.73123  3.46354  2.40513  3.72494  3.29354  2.67741  2.69355  4.24690  2.90347  2.73739  3.18146  2.89801  2.37887  2.77519  2.98518  4.58477  3.61503
          0.05820  5.74166  2.93123  0.61958  0.77255  0.76120  0.62944
    152   2.73616  4.53496  3.50512  2.76016  2.40928  3.81206  4.37333  2.93162  3.45153  1.40111  3.64914  4.07343  3.07827  3.76178  3.17643  3.27154  3.09792  2.74554  4.27505  2.81438    155 l - - -
          2.68618  4.42225  2.77519  2.73123  3.46354  2.40513  3.72494  3.29354  2.67741  2.69355  4.24690  2.90347  2.73739  3.18146  2.89801  2.37887  2.77519  2.98518  4.58477  3.61503
          0.00910  5.71925  5.15458  0.61958  0.77255  0.74927  0.64001
    153   2.72249  5.18990  1.98152  1.79507  4.50689  3.66074  3.94843  4.31912  2.41441  3.86560  4.64023  2.70236  4.09640  2.84488  3.00233  2.25733  2.25838  3.91790  6.20492  4.35602    156 e - - -
          2.68618  4.42225  2.77519  2.73123  3.46354  2.40513  3.72494  3.29354  2.67741  2.69355  4.24690  2.90347  2.73739  3.18146  2.89801  2.37887  2.77519  2.98518  4.58477  3.61503
          0.13259  5.75698  2.11182  0.61958  0.77255  0.83598  0.56819
    154   2.56397  5.14657  2.15609  1.96597  4.57971  2.86902  4.06050  3.66645  2.20791  2.97689  4.02750  2.88912  2.74409  2.88982  3.12390  2.66018  3.06545  3.71691  6.13500  4.57383    157 e - - -
          2.68618  4.42225  2.77519  2.73123  3.46354  2.40513  3.72494  3.29354  2.67741  2.69355  4.24690  2.90347  2.73739  3.18146  2.89801  2.37887  2.77519  2.98518  4.58477  3.61503
          0.00527  5.64450  6.36685  0.61958  0.77255  0.51976  0.90303
    155   2.27860  5.04139  1.82474  1.93791  3.91413  3.35351  3.63047  3.64123  2.48406  3.86540  4.20709  2.84570  3.97537  2.87935  3.20021  2.84235  3.26308  3.09734  3.63621  4.06968    158 d - - -
          2.68618  4.42225  2.77519  2.73123  3.46354  2.40513  3.72494  3.29354  2.67741  2.69355  4.24690  2.90347  2.73739  3.18146  2.89801  2.37887  2.77519  2.98518  4.58477  3.61503
          0.02738  5.76981  3.73448  0.61958  0.77255  0.43557  1.04099
    156   2.86769  5.80340  1.80333  1.30593  4.91690  3.65983  3.68756  4.19526  2.68328  3.85931  4.61913  2.96710  4.16662  2.19163  3.38711  3.11461  3.14757  3.99074  6.23557  4.44415    159 e - - -
          2.68618  4.42225  2.77519  2.73123  3.46354  2.40513  3.72494  3.29354  2.67741  2.69355  4.24690  2.90347  2.73739  3.18146  2.89801  2.37887  2.77519  2.98518  4.58477  3.61503
          0.55613  5.80752  0.85903  0.61958  0.77255  0.62503  0.76625
    157   2.67906  4.23960  2.61439  1.64661  4.16407  3.59186  3.96981  3.53652  2.15512  3.31743  3.71880  3.05006  3.85271  2.57422  2.80421  2.72343  2.84834  3.36634  5.40661  4.15884    160 e - - -
          2.68618  4.42225  2.77519  2.73123  3.46354  2.40513  3.72494  3.29354  2.67741  2.69355  4.24690  2.90347  2.73739  3.18146  2.89801  2.37887  2.77519  2.98518  4.58477  3.61503
          0.13340  5.27944  2.12202  0.61958  0.77255  0.22824  1.58931
    158   2.90449  4.75679  4.68990  3.51725  2.66765  3.94623  4.75813  2.49786  2.89316  1.02316  2.95435  4.25813  4.81222  3.78941  3.37496  3.57639  3.34393  2.51752  4.88500  3.88215    161 l - - -
          2.68618  4.42225  2.77519  2.73123  3.46354  2.40513  3.72494  3.29354  2.67741  2.69355  4.24690  2.90347  2.73739  3.18146  2.89801  2.37887  2.77519  2.98518  4.58477  3.61503
          0.01697  5.71552  4.30237  0.61958  0.77255  0.48842  0.95086
    159   2.23075  5.49290  2.64286  2.17953  4.96109  1.78345  4.04839  4.37449  2.22448  3.76594  4.47953  2.89972  3.64677  2.70425  3.05495  2.54592  3.00651  3.85258  6.22521  4.58143    162 g - - -
          2.68618  4.42225  2.77519  2.73123  3.46354  2.40513  3.72494  3.29354  2.67741  2.69355  4.24690  2.90347  2.73739  3.18146  2.89801  2.37887  2.77519  2.98518  4.58477  3.61503
          0.06670  5.79035  2.78929  0.61958  0.77255  0.70613  0.68033
    160   2.02030  4.17024  4.32117  3.86519  3.11340  3.60525  4.62120  2.54118  3.65157  1.37071  3.15348  3.24749  4.84074  4.23873  3.70029  3.54216  2.53343  2.41975  3.75446  3.56634    163 l - - -
          2.68618  4.42225  2.77519  2.73123  3.46354  2.40513  3.72494  3.29354  2.67741  2.69355  4.24690  2.90347  2.73739  3.18146  2.89801  2.37887  2.77519  2.98518  4.58477  3.61503
          0.00708  5.74113  5.56156  0.61958  0.77255  0.36946  1.17477
    161   3.45292  5.06146  5.69113  5.07801  2.87133  4.90547  5.23618  1.95655  4.86816  0.74131  3.33256  5.07410  5.23057  4.96076  4.86121  4.22475  3.71222  2.18997  3.39328  4.51888    164 l - - -
          2.68618  4.42225  2.77519  2.73123  3.46354  2.40513  3.72494  3.29354  2.67741  2.69355  4.24690  2.90347  2.73739  3.18146  2.89801  2.37887  2.77519  2.98518  4.58477  3.61503
          0.00650  5.82894  5.64498  0.61958  0.77255  0.62768  0.76321
    162   2.03746  3.80718  3.24821  2.73523  3.11577  3.22336  4.21386  3.05565  2.54081  1.66239  3.73814  3.43362  4.34777  3.08583  3.39044  2.94895  3.31424  2.87167  4.27103  3.84176    165 l - - -
          2.68618  4.42225  2.77519  2.73123  3.46354  2.40513  3.72494  3.29354  2.67741  2.69355  4.24690  2.90347  2.73739  3.18146  2.89801  2.37887  2.77519  2.98518  4.58477  3.61503
          0.00842  5.82683  5.21490  0.61958  0.77255  0.61770  0.77476
    163   2.16410  4.74363  2.82322  2.29566  3.31130  3.91471  3.92611  3.13596  2.37783  2.50873  4.25729  3.07529  4.23591  2.66506  2.95383  2.69027  2.78492  3.40012  3.23960  3.73259    166 a - - -
          2.68618  4.42225  2.77519  2.73123  3.46354  2.40513  3.72494  3.29354  2.67741  2.69355  4.24690  2.90347  2.73739  3.18146  2.89801  2.37887  2.77519  2.98518  4.58477  3.61503
          0.00440  5.82492  6.54727  0.61958  0.77255  0.64991  0.73834
    164   1.47338  3.43378  5.24146  4.63420  3.73232  1.79889  4.88140  2.57791  4.33681  2.05357  3.60584  4.57593  4.91911  4.45582  4.36864  2.62120  3.15735  2.24407  5.41265  4.23375    167 a - - -
          2.68618  4.42225  2.77519  2.73123  3.46354  2.40513  3.72494  3.29354  2.67741  2.69355  4.24690  2.90347  2.73739  3.18146  2.89801  2.37887  2.77519  2.98518  4.58477  3.61503
          0.00440  5.82492  6.54727  0.61958  0.77255  0.64991  0.73834
    165   2.77341  3.79570  5.37171  4.75586  2.90148  4.17978  4.90512  2.33936  4.30825  0.82755  2.64177  4.54152  4.93485  4.45928  4.38085  3.64637  3.34165  2.50438  5.39689  4.11468    168 l - - -
          2.68618  4.42225  2.77519  2.73123  3.46354  2.40513  3.72494  3.29354  2.67741  2.69355  4.24690  2.90347  2.73739  3.18146  2.89801  2.37887  2.77519  2.98518  4.58477  3.61503
          0.18446  5.82492  1.79881  0.61958  0.77255  0.64991  0.73834
    166   2.47603  5.25535  2.97037  2.28158  4.65841  3.33816  3.36970  4.24417  1.80307  3.18308  4.44192  3.01768  4.17171  2.63755  2.03603  2.52884  2.89572  3.73912  5.03834  4.27946    169 k - - -
          2.68618  4.42225  2.77519  2.73123  3.46354  2.40513  3.72494  3.29354  2.67741  2.69355  4.24690  2.90347  2.73739  3.18146  2.89801  2.37887  2.77519  2.98518  4.58477  3.61503
          0.03526  5.64572  3.47014  0.61958  0.77255  0.28481  1.39496
    167   2.28751  4.45814  2.68989  2.93895  3.49639  2.75845  3.63631  3.22295  3.06738  1.61686  3.33272  2.92482  4.22473  3.21359  3.48322  2.82777  2.89305  3.22241  4.83314  3.73603    170 l - - -
          2.68618  4.42225  2.77519  2.73123  3.46354  2.40513  3.72494  3.29354  2.67741  2.69355  4.24690  2.90347  2.73739  3.18146  2.89801  2.37887  2.77519  2.98518  4.58477  3.61503
          0.00450  5.80155  6.52390  0.61958  0.77255  0.76868  0.62292
    168   3.32691  4.19139  5.36005  4.74392  2.75758  4.55602  4.89012  2.01312  4.22823  0.88686  3.19669  4.52511  4.91957  3.69989  4.53061  3.79047  3.43869  2.24737  3.80255  4.08739    171 l - - -
          2.68618  4.42225  2.77519  2.73123  3.46354  2.40513  3.72494  3.29354  2.67741  2.69355  4.24690  2.90347  2.73739  3.18146  2.89801  2.37887  2.77519  2.98518  4.58477  3.61503
          0.02934  5.80155  3.65389  0.61958  0.77255  0.53239  0.88479
    169   2.80594  4.93258  2.86965  1.59544  4.67831  3.25195  3.54888  4.52568  2.20737  3.61201  4.72465  2.73691  3.41000  2.51360  2.41876  2.52286  2.96265  3.83307  5.78996  4.20404    172 e - - -
          2.68626  4.42257  2.77428  2.73115  3.46363  2.40539  3.72509  3.29382  2.67736  2.69330  4.24622  2.90323  2.73761  3.18112  2.89830  2.37906  2.77545  2.98542  4.58497  3.61470
          0.98965  1.05280  1.27534  0.03906  3.26225  0.70433  0.68209
    170   2.74018  5.61743  1.50721  2.18326  4.75799  3.44884  3.07424  4.08574  2.49674  3.70869  4.65798  2.61969  3.73479  2.93929  3.09742  2.49031  2.86258  3.77529  6.04985  4.02897    174 d - - -
          2.68618  4.42225  2.77519  2.73123  3.46354  2.40513  3.72494  3.29354  2.67741  2.69355  4.24690  2.90347  2.73739  3.18146  2.89801  2.37887  2.77519  2.98518  4.58477  3.61503
          0.01420  5.48549  4.60971  0.61958  0.77255  0.18188  1.79397
    171   2.28569  4.78552  3.58284  2.99953  4.59852  2.74536  3.28617  4.18827  2.22826  3.76115  4.79925  3.19774  3.78307  2.94542  1.74717  2.53022  3.06496  3.88897  4.41349  2.33368    175 r - - -
          2.68618  4.42225  2.77519  2.73123  3.46354  2.40513  3.72494  3.29354  2.67741  2.69355  4.24690  2.90347  2.73739  3.18146  2.89801  2.37887  2.77519  2.98518  4.58477  3.61503
          0.00438  5.82847  6.55081  0.61958  0.77255  0.55250  0.85687
    172   3.34630  4.60491  5.51566  4.90145  2.80480  4.48869  5.05272  1.59797  4.68693  0.85507  3.41567  4.88534  5.06768  4.80405  4.68750  4.03276  3.76680  2.30226  4.55019  4.35523    176 l - - -
          2.68618  4.42225  2.77519  2.73123  3.46354  2.40513  3.72494  3.29354  2.67741  2.69355  4.24690  2.90347  2.73739  3.18146  2.89801  2.37887  2.77519  2.98518  4.58477  3.61503
          0.00435  5.83615  6.55850  0.61958  0.77255  0.58628  0.81282
    173   3.69517  5.61468  5.64334  5.70280  6.44920  0.12940  6.50848  6.04095  5.86684  5.73451  6.48306  5.22677  5.26624  5.94794  5.88267  3.55575  4.29397  4.32729  7.77979  6.72225    177 G - - -
          2.68618  4.42225  2.77519  2.73123  3.46354  2.40513  3.72494  3.29354  2.67741  2.69355  4.24690  2.90347  2.73739  3.18146  2.89801  2.37887  2.77519  2.98518  4.58477  3.61503
          0.00435  5.83615  6.55850  0.61958  0.77255  0.58628  0.81282
    174   2.00069  5.20496  4.05305  3.44595  3.57638  1.25436  3.98275  3.62787  3.32335  2.89231  2.77622  3.82734  4.66683  3.35800  3.36946  2.39894  3.12571  3.43992  5.76841  3.59234    178 g - - -
          2.68618  4.42225  2.77519  2.73123  3.46354  2.40513  3.72494  3.29354  2.67741  2.69355  4.24690  2.90347  2.73739  3.18146  2.89801  2.37887  2.77519  2.98518  4.58477  3.61503
          0.00435  5.83615  6.55850  0.61958  0.77255  0.58628  0.81282
    175   2.32787  4.91700  3.35525  2.96572  3.97052  1.61036  3.14166  4.20756  2.16763  3.49682  3.64477  2.68339  4.48649  3.14164  3.07105  2.07778  3.54239  3.81740  6.21424  4.28339    179 g - - -
          2.68618  4.42225  2.77519  2.73123  3.46354  2.40513  3.72494  3.29354  2.67741  2.69355  4.24690  2.90347  2.73739  3.18146  2.89801  2.37887  2.77519  2.98518  4.58477  3.61503
          0.00435  5.83615  6.55850  0.61958  0.77255  0.58628  0.81282
    176   3.25614  5.80604  3.58518  2.92667  5.14266  2.00024  4.15996  4.23166  1.41050  3.91160  4.84978  3.51760  4.49306  3.17747  1.84231  2.82376  2.36197  3.52183  6.24196  4.84110    180 k - - -
          2.68618  4.42225  2.77519  2.73123  3.46354  2.40513  3.72494  3.29354  2.67741  2.69355  4.24690  2.90347  2.73739  3.18146  2.89801  2.37887  2.77519  2.98518  4.58477  3.61503
          0.00435  5.83615  6.55850  0.61958  0.77255  0.58628  0.81282
    177   2.81368  5.78841  3.57252  3.01666  4.81980  3.38318  3.85646  4.59670  2.89462  4.08814  4.64406  2.40641  2.19329  3.37901  2.49422  1.33841  2.34395  4.17199  6.22949  4.50731    181 s - - -
          2.68618  4.42225  2.77519  2.73123  3.46354  2.40513  3.72494  3.29354  2.67741  2.69355  4.24690  2.90347  2.73739  3.18146  2.89801  2.37887  2.77519  2.98518  4.58477  3.61503
          0.00435  5.83615  6.55850  0.61958  0.77255  0.58628  0.81282
    178   2.76015  5.63155  3.36354  2.96996  4.21202  3.91450  4.04062  3.21551  2.57486  2.51363  4.42966  3.10263  4.51903  3.36757  1.03050  2.93498  3.33630  3.85389  6.11099  3.63355    182 r - - -
          2.68618  4.42225  2.77519  2.73123  3.46354  2.40513  3.72494  3.29354  2.67741  2.69355  4.24690  2.90347  2.73739  3.18146  2.89801  2.37887  2.77519  2.98518  4.58477  3.61503
          0.00435  5.83615  6.55850  0.61958  0.77255  0.58628  0.81282
    179   3.56608  4.71260  4.74341  4.07704  4.62718  0.23252  5.54232  4.80586  4.66570  4.50429  5.38395  4.25286  5.13905  4.93653  4.93191  3.88583  4.14788  4.38449  6.65254  4.33979    183 G - - -
          2.68618  4.42225  2.77519  2.73123  3.46354  2.40513  3.72494  3.29354  2.67741  2.69355  4.24690  2.90347  2.73739  3.18146  2.89801  2.37887  2.77519  2.98518  4.58477  3.61503
          0.00435  5.83615  6.55850  0.61958  0.77255  0.58628  0.81282
    180   2.85936  4.52173  5.21905  4.61356  1.91955  4.55760  4.26330  3.07242  3.55541  1.50568  2.87009  3.72433  4.76094  4.42931  3.51491  2.98928  3.63754  3.05305  4.20277  1.72232    184 l - - -
          2.68618  4.42225  2.77519  2.73123  3.46354  2.40513  3.72494  3.29354  2.67741  2.69355  4.24690  2.90347  2.73739  3.18146  2.89801  2.37887  2.77519  2.98518  4.58477  3.61503
          0.00435  5.83615  6.55850  0.61958  0.77255  0.58628  0.81282
    181   3.69496  5.72205  5.71960  5.77791  6.48653  0.11183  6.57906  6.04887  5.92939  5.75688  6.55657  5.33240  5.36446  6.03382  5.94353  4.03215  4.41368  4.35587  7.78223  6.75739    185 G - - -
          2.68618  4.42225  2.77519  2.73123  3.46354  2.40513  3.72494  3.29354  2.67741  2.69355  4.24690  2.90347  2.73739  3.18146  2.89801  2.37887  2.77519  2.98518  4.58477  3.61503
          0.01154  5.83615  4.76119  0.61958  0.77255  0.58628  0.81282
    182   2.79522  5.44667  3.49776  2.60323  4.75650  3.95666  3.19573  4.37334  1.82032  3.56109  4.66587  3.26995  4.47370  2.51120  1.69099  2.26040  2.82139  3.36126  3.69612  4.51329    186 r - - -
          2.68618  4.42225  2.77519  2.73123  3.46354  2.40513  3.72494  3.29354  2.67741  2.69355  4.24690  2.90347  2.73739  3.18146  2.89801  2.37887  2.77519  2.98518  4.58477  3.61503
          0.00438  5.82899  6.55133  0.61958  0.77255  0.62742  0.76350
    183   3.00224  2.33772  5.39326  4.77770  3.02998  4.38336  4.92378  1.75190  4.56019  2.41872  3.10423  4.75504  4.95111  4.68927  4.56406  3.76298  3.30208  1.08272  5.03515  4.23727    187 v - - -
          2.68618  4.42225  2.77519  2.73123  3.46354  2.40513  3.72494  3.29354  2.67741  2.69355  4.24690  2.90347  2.73739  3.18146  2.89801  2.37887  2.77519  2.98518  4.58477  3.61503
          0.00597  5.82899  5.80638  0.61958  0.77255  0.62742  0.76350
    184   2.74146  4.72986  3.23099  2.08548  4.77145  3.70455  3.53383  4.13447  1.71598  3.66458  4.68702  3.24798  4.47035  2.56733  1.92718  2.54788  2.56593  3.53240  5.68191  4.63579    188 k - - -
          2.68618  4.42225  2.77519  2.73123  3.46354  2.40513  3.72494  3.29354  2.67741  2.69355  4.24690  2.90347  2.73739  3.18146  2.89801  2.37887  2.77519  2.98518  4.58477  3.61503
          0.00680  5.82741  5.56380  0.61958  0.77255  0.63624  0.75349
    185   3.19136  2.98117  4.71388  4.26454  1.84852  4.01839  4.90560  1.71932  4.31850  1.67239  3.54914  4.73717  4.51137  4.67056  4.54591  3.53103  3.31448  1.90311  3.85248  4.04394    189 l - - -
          2.68618  4.42225  2.77519  2.73123  3.46354  2.40513  3.72494  3.29354  2.67741  2.69355  4.24690  2.90347  2.73739  3.18146  2.89801  2.37887  2.77519  2.98518  4.58477  3.61503
          0.01745  5.82500  4.24411  0.61958  0.77255  0.63303  0.75711
    186   2.80842  5.09108  2.68472  1.86363  4.94429  3.81762  3.62486  3.30449  2.08989  3.22074  4.66050  2.95081  4.37755  2.71517  2.83805  2.26695  2.39423  3.06242  6.23660  4.46992    190 e - - -
          2.68618  4.42225  2.77519  2.73123  3.46354  2.40513  3.72494  3.29354  2.67741  2.69355  4.24690  2.90347  2.73739  3.18146  2.89801  2.37887  2.77519  2.98518  4.58477  3.61503
          0.19910  5.81361  1.72852  0.61958  0.77255  0.68958  0.69673
    187   2.76482  5.27417  2.30793  2.32872  4.03473  3.12650  3.71049  2.70930  2.59761  2.91412  4.22013  2.55223  3.30068  3.00872  3.10779  2.52676  2.94637  2.53671  6.07928  4.11606    191 d - - -
          2.68618  4.42225  2.77519  2.73123  3.46354  2.40513  3.72494  3.29354  2.67741  2.69355  4.24690  2.90347  2.73739  3.18146  2.89801  2.37887  2.77519  2.98518  4.58477  3.61503
          0.31451  5.62227  1.32337  0.61958  0.77255  0.39698  1.11581
    188   2.95525  4.27205  3.25623  3.37131  2.85245  3.88447  4.12864  2.00231  3.39530  1.55406  3.39387  3.42498  4.09134  3.64075  3.96761  3.31604  2.83567  2.21078  3.34507  3.96584    192 l - - -
          2.68618  4.42225  2.77519  2.73123  3.46354  2.40513  3.72494  3.29354  2.67741  2.69355  4.24690  2.90347  2.73739  3.18146  2.89801  2.37887  2.77519  2.98518  4.58477  3.61503
          0.05534  5.53917  2.99751  0.61958  0.77255  0.47257  0.97657
    189   2.85994  5.13382  2.64365  1.94150  5.09013  3.21957  3.37437  4.41386  1.76648  3.79065  4.64200  2.96824  4.11733  2.38899  2.62287  2.45544  2.60196  3.92383  5.59631  4.49317    193 k - - -
          2.68618  4.42225  2.77519  2.73123  3.46354  2.40513  3.72494  3.29354  2.67741  2.69355  4.24690  2.90347  2.73739  3.18146  2.89801  2.37887  2.77519  2.98518  4.58477  3.61503
          0.34886  5.70713  1.23380  0.61958  0.77255  0.60123  0.79437
    190   2.31075  3.77848  4.79883  3.89990  2.91635  4.33326  4.66630  1.85047  3.79029  1.60490  3.13465  4.49249  4.41247  4.42431  4.09410  3.36651  2.90438  1.83723  4.29177  3.36883    194 l - - -
          2.68618  4.42225  2.77519  2.73123  3.46354  2.40513  3.72494  3.29354  2.67741  2.69355  4.24690  2.90347  2.73739  3.18146  2.89801  2.37887  2.77519  2.98518  4.58477  3.61503
          0.05989  5.46419  2.92074  0.61958  0.77255  1.57013  0.23322
    191   2.71936  4.86025  2.43358  2.09531  3.68464  3.64379  3.41661  3.71654  2.30664  3.37342  4.22219  2.83484  3.75477  2.74061  2.57050  2.54728  2.77492  3.02091  4.50750  3.35095    195 e - - -
          2.68618  4.42225  2.77519  2.73123  3.46354  2.40513  3.72494  3.29354  2.67741  2.69355  4.24690  2.90347  2.73739  3.18146  2.89801  2.37887  2.77519  2.98518  4.58477  3.61503
          0.04120  5.41920  3.32615  0.61958  0.77255  1.68696  0.20467
    192   2.72617  4.16482  3.32968  2.46922  3.42399  2.96332  4.07466  2.64864  2.76056  1.93215  3.79579  3.14947  3.89068  3.18348  3.08975  2.99123  2.93481  2.46542  3.76363  3.37525    196 l - - -
          2.68618  4.42225  2.77519  2.73123  3.46354  2.40513  3.72494  3.29354  2.67741  2.69355  4.24690  2.90347  2.73739  3.18146  2.89801  2.37887  2.77519  2.98518  4.58477  3.61503
          0.04393  5.38484  3.25982  0.61958  0.77255  0.54426  0.86815
    193   2.93349  4.43238  3.43579  2.70300  2.45500  3.87416  4.01295  3.17123  2.44157  2.78232  3.82037  3.42424  4.16205  2.81828  2.66198  3.13948  3.09355  2.52770  4.88775  1.93449    197 y - - -
          2.68618  4.42225  2.77519  2.73123  3.46354  2.40513  3.72494  3.29354  2.67741  2.69355  4.24690  2.90347  2.73739  3.18146  2.89801  2.37887  2.77519  2.98518  4.58477  3.61503
          0.10723  5.64811  2.32116  0.61958  0.77255  0.83617  0.56805
    194   2.81357  5.68738  1.66356  2.28703  4.11808  3.23134  3.90793  4.04976  2.51910  3.64818  4.55232  2.59026  3.49696  2.84698  3.09098  2.20981  2.83070  3.65660  6.12025  3.51629    198 d - - -
          2.68618  4.42225  2.77519  2.73123  3.46354  2.40513  3.72494  3.29354  2.67741  2.69355  4.24690  2.90347  2.73739  3.18146  2.89801  2.37887  2.77519  2.98518  4.58477  3.61503
          0.02412  5.61556  3.90230  0.61958  0.77255  1.33245  0.30629
    195   2.56541  4.40464  4.80672  4.16659  2.41623  3.22625  4.56971  2.16366  3.58902  1.47068  3.23247  4.23625  3.53933  3.88988  3.74506  3.30904  3.35259  2.26954  4.26173  2.82091    199 l - - -
          2.68618  4.42225  2.77519  2.73123  3.46354  2.40513  3.72494  3.29354  2.67741  2.69355  4.24690  2.90347  2.73739  3.18146  2.89801  2.37887  2.77519  2.98518  4.58477  3.61503
          0.10683  5.60014  2.32662  0.61958  0.77255  0.69841  0.68791
    196   2.40699  5.28678  2.21196  1.93827  4.62812  3.05723  3.78707  4.06757  2.38785  3.60948  4.58684  2.62012  3.64821  2.78576  3.01717  2.32803  2.50814  3.90625  5.62369  4.29174    200 e - - -
          2.68618  4.42225  2.77519  2.73123  3.46354  2.40513  3.72494  3.29354  2.67741  2.69355  4.24690  2.90347  2.73739  3.18146  2.89801  2.37887  2.77519  2.98518  4.58477  3.61503
          0.06985  5.62373  2.75111  0.61958  0.77255  1.17688  0.36852
    197   2.82985  4.06883  2.09274  2.16780  4.60599  3.69325  3.71712  4.05506  2.18880  3.41721  4.70859  2.29596  3.59076  2.64052  2.84308  2.31301  2.97186  3.79235  5.58759  3.84251    201 d - - -
          2.68618  4.42225  2.77519  2.73123  3.46354  2.40513  3.72494  3.29354  2.67741  2.69355  4.24690  2.90347  2.73739  3.18146  2.89801  2.37887  2.77519  2.98518  4.58477  3.61503
          0.45952  5.57914  1.00886  0.61958  0.77255  0.86247  0.54839
    198   2.80660  4.29323  4.16103  3.42772  2.65666  4.10882  3.77617  2.79735  3.42531  2.57945  3.63294  3.81326  3.85308  3.66894  3.49073  2.86819  2.91233  2.58677  3.64419  1.34414    202 y - - -
          2.68618  4.42225  2.77519  2.73123  3.46354  2.40513  3.72494  3.29354  2.67741  2.69355  4.24690  2.90347  2.73739  3.18146  2.89801  2.37887  2.77519  2.98518  4.58477  3.61503
          0.02214  5.26791  4.08961  0.61958  0.77255  1.85312  0.17049
    199   2.30821  4.79218  2.60353  2.45748  4.77888  3.42838  3.84523  3.89873  2.42162  3.20500  2.87875  2.67951  2.40117  2.87085  2.86898  2.47498  3.07893  3.09230  5.89758  4.29512    203 a - - -
          2.68618  4.42225  2.77519  2.73123  3.46354  2.40513  3.72494  3.29354  2.67741  2.69355  4.24690  2.90347  2.73739  3.18146  2.89801  2.37887  2.77519  2.98518  4.58477  3.61503
          0.24721  5.25356  1.54274  0.61958  0.77255  0.92747  0.50344
    200   2.63651  5.52575  1.93859  1.89219  4.87171  3.27056  3.54961  4.35830  2.27272  3.68364  4.32435  2.83158  3.51192  2.61901  2.73406  2.48265  3.10477  3.76889  5.33270  3.99989    204 e - - -
          2.68618  4.42225  2.77519  2.73123  3.46354  2.40513  3.72494  3.29354  2.67741  2.69355  4.24690  2.90347  2.73739  3.18146  2.89801  2.37887  2.77519  2.98518  4.58477  3.61503
          0.00741  5.30465  6.02700  0.61958  0.77255  1.61015  0.22297
    201   2.66172  5.54372  2.80924  2.10944  4.88964  2.11462  3.47330  4.26200  2.34991  3.77498  4.31533  2.68448  3.91808  2.66467  2.84173  2.21102  2.50669  3.93482  5.97590  4.56443    205 e - - -
          2.68618  4.42225  2.77519  2.73123  3.46354  2.40513  3.72494  3.29354  2.67741  2.69355  4.24690  2.90347  2.73739  3.18146  2.89801  2.37887  2.77519  2.98518  4.58477  3.61503
          0.31658  5.34102  1.32212  0.61958  0.77255  0.72987  0.65772
    202   1.71248  4.55269  3.08571  2.67756  3.61165  2.84305  3.94582  3.68258  2.60796  2.92412  3.64628  2.96625  4.01520  2.79880  2.81458  2.71560  2.96468  2.61658  5.00214  3.75005    206 a - - -
          2.68618  4.42225  2.77519  2.73123  3.46354  2.40513  3.72494  3.29354  2.67741  2.69355  4.24690  2.90347  2.73739  3.18146  2.89801  2.37887  2.77519  2.98518  4.58477  3.61503
          0.00698  5.36441  6.08675  0.61958  0.77255  0.67414  0.71252
    203   3.24181  4.02619  5.22319  4.39941  3.47958  4.43777  4.77076  2.17065  3.78302  0.71497  3.09734  4.59702  4.80108  4.52823  4.05139  3.74873  3.30601  2.68365  4.96593  3.86104    207 l - - -
          2.68618  4.42225  2.77519  2.73123  3.46354  2.40513  3.72494  3.29354  2.67741  2.69355  4.24690  2.90347  2.73739  3.18146  2.89801  2.37887  2.77519  2.98518  4.58477  3.61503
          0.21250  5.62236  1.67224  0.61958  0.77255  1.27728  0.32683
    204   2.63546  5.24986  2.48156  2.46072  4.93274  2.72778  3.90853  4.17321  2.18613  3.50124  4.45345  2.49618  3.41312  2.62502  2.70246  2.15932  2.44051  3.81020  6.01911  4.60769    208 s - - -
          2.68618  4.42225  2.77519  2.73123  3.46354  2.40513  3.72494  3.29354  2.67741  2.69355  4.24690  2.90347  2.73739  3.18146  2.89801  2.37887  2.77519  2.98518  4.58477  3.61503
          0.06507  5.42622  2.83704  0.61958  0.77255  1.67746  0.20684
    205   2.54354  5.18638  2.62172  1.70977  3.63966  3.67853  3.71685  3.75321  2.52491  3.20971  3.92161  2.96432  3.64866  2.79977  3.01851  2.45089  2.86752  3.04146  5.95333  3.17062    209 e - - -
          2.68618  4.42225  2.77519  2.73123  3.46354  2.40513  3.72494  3.29354  2.67741  2.69355  4.24690  2.90347  2.73739  3.18146  2.89801  2.37887  2.77519  2.98518  4.58477  3.61503
          0.00468  5.36583        *  0.61958  0.77255  0.00000        *
//
