HMMER3/f [3.2.1 | June 2018]
NAME  CRISPR-CAS_Cmr5
LENG  128
ALPH  amino
RF    no
MM    no
CONS  yes
CS    no
MAP   yes
DATE  Fri Jun 18 18:44:00 2021
NSEQ  499
EFFN  5.470757
CKSUM 2155217061
STATS LOCAL MSV       -9.7694  0.71222
STATS LOCAL VITERBI  -10.5431  0.71222
STATS LOCAL FORWARD   -4.2372  0.71222
HMM          A        C        D        E        F        G        H        I        K        L        M        N        P        Q        R        S        T        V        W        Y   
            m->m     m->i     m->d     i->m     i->i     d->m     d->d
  COMPO   2.29750  4.59042  3.08811  2.56040  3.45104  3.09333  3.75640  2.96128  2.50439  2.35567  3.45646  3.13831  3.76190  2.86058  2.82356  2.73698  2.90649  2.85249  4.30229  3.43257
          2.68618  4.42225  2.77519  2.73123  3.46354  2.40513  3.72494  3.29354  2.67741  2.69355  4.24690  2.90347  2.73739  3.18146  2.89801  2.37887  2.77519  2.98518  4.58477  3.61503
          0.44624  5.41823  1.03414  0.61958  0.77255  0.00000        *
      1   4.00436  5.39573  5.59538  5.19377  3.73430  5.02912  5.61526  2.78184  4.84952  2.12200  0.44981  5.31661  5.39025  5.08072  4.91570  4.53388  4.31102  3.05408  5.84725  4.67106      1 M - - -
          2.68618  4.42225  2.77519  2.73123  3.46354  2.40513  3.72494  3.29354  2.67741  2.69355  4.24690  2.90347  2.73739  3.18146  2.89801  2.37887  2.77519  2.98518  4.58477  3.61503
          0.09951  4.98224  2.43200  0.61958  0.77255  1.40759  0.28068
      2   2.22437  4.99778  3.05715  2.40849  4.61139  3.13666  3.80553  3.85582  2.34463  3.46323  4.22499  2.68194  3.31311  2.76110  2.86027  1.86305  2.50982  3.51644  5.73524  4.21248      2 s - - -
          2.68618  4.42225  2.77519  2.73123  3.46354  2.40513  3.72494  3.29354  2.67741  2.69355  4.24690  2.90347  2.73739  3.18146  2.89801  2.37887  2.77519  2.98518  4.58477  3.61503
          0.16762  4.89392  1.91843  0.61958  0.77255  0.23209  1.57441
      3   2.68129  4.82412  3.74953  3.05642  3.80354  3.92069  3.85025  2.36490  2.88643  2.58881  1.60795  3.48173  3.69118  2.95355  2.72964  3.05698  2.89198  2.68175  5.39581  4.14747      3 m - - -
          2.68618  4.42225  2.77519  2.73123  3.46354  2.40513  3.72494  3.29354  2.67741  2.69355  4.24690  2.90347  2.73739  3.18146  2.89801  2.37887  2.77519  2.98518  4.58477  3.61503
          0.03457  5.28147  3.54401  0.61958  0.77255  0.44595  1.02226
      4   2.80983  5.27753  3.21921  2.56277  4.75520  3.58660  3.58242  3.69628  1.83859  3.20419  3.79467  2.99136  3.37460  1.91040  2.19511  2.73263  2.96664  3.45196  5.96833  4.42529      4 k - - -
          2.68618  4.42225  2.77519  2.73123  3.46354  2.40513  3.72494  3.29354  2.67741  2.69355  4.24690  2.90347  2.73739  3.18146  2.89801  2.37887  2.77519  2.98518  4.58477  3.61503
          0.00706  5.35294  6.07529  0.61958  0.77255  0.67083  0.71597
      5   2.95295  5.50462  3.00121  2.65291  4.66909  3.25030  3.85878  3.64246  2.46638  3.22165  3.91113  2.73650  3.84209  3.02067  2.78063  2.27552  1.39058  3.83970  5.94948  4.55095      5 t - - -
          2.68618  4.42225  2.77519  2.73123  3.46354  2.40513  3.72494  3.29354  2.67741  2.69355  4.24690  2.90347  2.73739  3.18146  2.89801  2.37887  2.77519  2.98518  4.58477  3.61503
          0.01504  5.36150  4.58239  0.61958  0.77255  0.56914  0.83474
      6   3.00683  4.61091  4.33325  3.86295  3.56526  4.18180  4.26714  1.98662  2.91860  1.44074  3.09070  3.87544  4.30291  3.70609  2.15556  3.29187  3.01793  2.42949  5.21836  3.85206      6 l - - -
          2.68618  4.42225  2.77519  2.73123  3.46354  2.40513  3.72494  3.29354  2.67741  2.69355  4.24690  2.90347  2.73739  3.18146  2.89801  2.37887  2.77519  2.98518  4.58477  3.61503
          0.00691  5.37435  6.09669  0.61958  0.77255  0.65461  0.73323
      7   2.53051  5.56024  2.14302  1.40371  4.90582  3.29907  3.70671  4.26920  2.60337  3.86574  4.41909  2.93843  4.21522  2.57278  3.07347  2.42350  3.05891  3.76701  5.99260  4.40706      7 e - - -
          2.68618  4.42225  2.77519  2.73123  3.46354  2.40513  3.72494  3.29354  2.67741  2.69355  4.24690  2.90347  2.73739  3.18146  2.89801  2.37887  2.77519  2.98518  4.58477  3.61503
          0.00691  5.37435  6.09669  0.61958  0.77255  0.51704  0.90704
      8   3.02226  5.53241  3.12984  2.63158  4.76631  3.67665  3.30394  4.16122  2.63164  3.21529  3.92234  2.68825  4.10073  1.04369  2.92337  2.98070  3.22262  3.92834  5.96376  4.57555      8 q - - -
          2.68618  4.42225  2.77519  2.73123  3.46354  2.40513  3.72494  3.29354  2.67741  2.69355  4.24690  2.90347  2.73739  3.18146  2.89801  2.37887  2.77519  2.98518  4.58477  3.61503
          0.00676  5.39623  6.11858  0.61958  0.77255  0.57487  0.82731
      9   2.88377  5.39988  2.93425  1.87226  4.63929  2.73716  3.73326  3.74376  2.02382  3.40228  4.23382  3.06358  4.12674  1.91573  2.46747  2.89402  3.07190  3.89124  6.00242  4.49169      9 e - - -
          2.68618  4.42225  2.77519  2.73123  3.46354  2.40513  3.72494  3.29354  2.67741  2.69355  4.24690  2.90347  2.73739  3.18146  2.89801  2.37887  2.77519  2.98518  4.58477  3.61503
          0.00676  5.39623  6.11858  0.61958  0.77255  0.57487  0.82731
     10   3.05116  4.66440  3.81051  3.74826  3.47129  4.16635  4.20875  2.78348  3.48890  2.55600  2.99235  3.85800  4.53957  3.80928  1.15297  3.35803  3.20782  2.56755  4.05384  2.56384     10 r - - -
          2.68618  4.42225  2.77519  2.73123  3.46354  2.40513  3.72494  3.29354  2.67741  2.69355  4.24690  2.90347  2.73739  3.18146  2.89801  2.37887  2.77519  2.98518  4.58477  3.61503
          0.00676  5.39623  6.11858  0.61958  0.77255  0.56348  0.84217
     11   0.78038  4.76821  4.09604  3.41217  3.90176  3.96274  4.38266  2.80398  3.38786  2.89102  3.53846  3.79665  4.49189  3.65343  3.78891  2.80761  3.34181  2.93672  5.36369  4.05034     11 a - - -
          2.68618  4.42225  2.77519  2.73123  3.46354  2.40513  3.72494  3.29354  2.67741  2.69355  4.24690  2.90347  2.73739  3.18146  2.89801  2.37887  2.77519  2.98518  4.58477  3.61503
          0.00675  5.39791  6.12026  0.61958  0.77255  0.56840  0.83570
     12   2.01377  5.30387  3.08999  2.12617  4.75964  3.42880  3.91232  3.82725  1.97445  3.25708  4.43100  2.91070  3.43687  2.32814  2.50486  2.69340  3.00606  3.80052  5.56459  4.15695     12 k - - -
          2.68618  4.42225  2.77519  2.73123  3.46354  2.40513  3.72494  3.29354  2.67741  2.69355  4.24690  2.90347  2.73739  3.18146  2.89801  2.37887  2.77519  2.98518  4.58477  3.61503
          0.01312  5.39791  4.76682  0.61958  0.77255  0.56840  0.83570
     13   2.56733  4.72826  2.63261  2.73819  2.02565  3.75115  2.78574  3.26081  2.41468  2.96490  4.18961  3.29272  4.23797  2.84178  2.97181  2.95290  3.02931  3.30632  4.76488  2.82257     13 f - - -
          2.68618  4.42225  2.77519  2.73123  3.46354  2.40513  3.72494  3.29354  2.67741  2.69355  4.24690  2.90347  2.73739  3.18146  2.89801  2.37887  2.77519  2.98518  4.58477  3.61503
          0.00679  5.39159  6.11393  0.61958  0.77255  0.59250  0.80507
     14   0.52196  3.74469  4.85093  4.09916  4.26890  4.07698  4.95933  3.19105  4.23865  3.34523  4.25951  4.40519  4.68008  4.46184  4.42731  2.94221  3.32015  2.68195  5.76424  4.58168     14 A - - -
          2.68618  4.42225  2.77519  2.73123  3.46354  2.40513  3.72494  3.29354  2.67741  2.69355  4.24690  2.90347  2.73739  3.18146  2.89801  2.37887  2.77519  2.98518  4.58477  3.61503
          0.00679  5.39159  6.11393  0.61958  0.77255  0.57839  0.82281
     15   2.83072  4.50645  5.02848  3.91111  2.39017  4.28565  3.87066  2.67098  3.65335  1.58565  3.06186  4.42876  4.64988  4.35673  4.24327  3.55699  3.35493  2.65568  2.41474  1.84044     15 l - - -
          2.68618  4.42225  2.77519  2.73123  3.46354  2.40513  3.72494  3.29354  2.67741  2.69355  4.24690  2.90347  2.73739  3.18146  2.89801  2.37887  2.77519  2.98518  4.58477  3.61503
          0.00678  5.39368  6.11603  0.61958  0.77255  0.58461  0.81492
     16   2.46751  5.57098  2.52056  1.62925  4.91718  3.32227  3.95507  4.25370  2.06985  3.70020  4.47753  2.78472  3.75611  2.30124  2.79470  2.73638  2.98437  3.84033  6.00298  4.59135     16 e - - -
          2.68618  4.42225  2.77519  2.73123  3.46354  2.40513  3.72494  3.29354  2.67741  2.69355  4.24690  2.90347  2.73739  3.18146  2.89801  2.37887  2.77519  2.98518  4.58477  3.61503
          0.00678  5.39368  6.11603  0.61958  0.77255  0.56382  0.84172
     17   2.44239  2.45372  3.16667  2.50687  3.90594  3.73661  3.64244  3.68562  2.03364  2.72700  3.89859  3.09577  4.26523  2.65214  2.52686  2.61988  3.18968  3.17935  4.92204  3.96096     17 k - - -
          2.68618  4.42225  2.77519  2.73123  3.46354  2.40513  3.72494  3.29354  2.67741  2.69355  4.24690  2.90347  2.73739  3.18146  2.89801  2.37887  2.77519  2.98518  4.58477  3.61503
          0.00675  5.39677  6.11911  0.61958  0.77255  0.57283  0.82995
     18   2.38884  4.22317  5.50922  4.93582  4.04937  4.80507  5.22257  1.62495  4.76399  2.35939  3.77882  4.96366  5.13829  4.92880  4.81186  3.77288  3.61288  0.83004  5.69825  4.50850     18 v - - -
          2.68618  4.42225  2.77519  2.73123  3.46354  2.40513  3.72494  3.29354  2.67741  2.69355  4.24690  2.90347  2.73739  3.18146  2.89801  2.37887  2.77519  2.98518  4.58477  3.61503
          0.00675  5.39677  6.11911  0.61958  0.77255  0.57283  0.82995
     19   2.56704  5.09010  2.99042  2.00589  4.81195  3.25331  3.83466  3.97498  1.93214  3.37167  4.02744  2.87522  3.62319  2.23234  2.57364  2.50738  2.88768  3.48140  6.00255  4.50461     19 k - - -
          2.68618  4.42225  2.77519  2.73123  3.46354  2.40513  3.72494  3.29354  2.67741  2.69355  4.24690  2.90347  2.73739  3.18146  2.89801  2.37887  2.77519  2.98518  4.58477  3.61503
          0.04260  5.39677  3.29224  0.61958  0.77255  0.57283  0.82995
     20   2.20722  5.55379  2.77594  1.78295  4.52133  3.30050  3.70285  4.25620  2.17314  3.71804  4.41701  2.80031  3.86548  2.53865  2.64572  2.32084  2.93179  3.88341  5.70560  4.43303     20 e - - -
          2.68618  4.42225  2.77519  2.73123  3.46354  2.40513  3.72494  3.29354  2.67741  2.69355  4.24690  2.90347  2.73739  3.18146  2.89801  2.37887  2.77519  2.98518  4.58477  3.61503
          0.02296  5.36117  4.01716  0.61958  0.77255  0.69894  0.68739
     21   2.17001  4.38792  4.84312  3.83717  3.07717  3.00563  4.29616  2.00883  3.79408  2.07387  3.10822  3.90224  4.42008  3.85237  3.23641  3.38472  3.21949  1.63361  4.63068  3.32102     21 v - - -
          2.68618  4.42225  2.77519  2.73123  3.46354  2.40513  3.72494  3.29354  2.67741  2.69355  4.24690  2.90347  2.73739  3.18146  2.89801  2.37887  2.77519  2.98518  4.58477  3.61503
          0.05927  5.34532  2.94167  0.61958  0.77255  0.66070  0.72668
     22   2.42858  4.69901  2.96328  2.35600  4.38013  3.52621  3.82893  3.15267  1.75589  2.94791  3.90968  3.06225  3.57935  2.66582  2.81435  2.63833  2.91793  2.86970  5.90732  4.16683     22 k - - -
          2.68618  4.42225  2.77519  2.73123  3.46354  2.40513  3.72494  3.29354  2.67741  2.69355  4.24690  2.90347  2.73739  3.18146  2.89801  2.37887  2.77519  2.98518  4.58477  3.61503
          0.14066  5.30846  2.06936  0.61958  0.77255  0.81005  0.58849
     23   2.58002  5.46825  2.50708  2.01007  4.55939  2.85571  3.69131  4.01674  2.13565  3.61890  4.50872  2.51439  3.54196  2.62388  2.64896  2.49482  2.85768  3.55536  5.90051  4.32307     23 e - - -
          2.68618  4.42225  2.77519  2.73123  3.46354  2.40513  3.72494  3.29354  2.67741  2.69355  4.24690  2.90347  2.73739  3.18146  2.89801  2.37887  2.77519  2.98518  4.58477  3.61503
          0.05349  5.18444  3.06868  0.61958  0.77255  1.07910  0.41537
     24   2.41249  5.02065  2.60851  2.08488  4.69766  3.19501  3.66757  3.56234  1.92776  3.32879  4.13282  2.77103  4.02993  2.54214  2.70312  2.65190  2.79656  3.59840  5.07168  4.32322     24 k - - -
          2.68618  4.42225  2.77519  2.73123  3.46354  2.40513  3.72494  3.29354  2.67741  2.69355  4.24690  2.90347  2.73739  3.18146  2.89801  2.37887  2.77519  2.98518  4.58477  3.61503
          0.27134  5.14836  1.46172  0.61958  0.77255  0.80875  0.58953
     25   2.72763  5.38135  2.27673  2.14932  4.62660  2.85030  3.52291  4.09500  2.31152  3.18575  4.27562  2.55158  3.34539  2.66967  2.90734  2.26175  2.92797  3.63440  5.81460  3.98790     25 e - - -
          2.68618  4.42225  2.77519  2.73123  3.46354  2.40513  3.72494  3.29354  2.67741  2.69355  4.24690  2.90347  2.73739  3.18146  2.89801  2.37887  2.77519  2.98518  4.58477  3.61503
          0.01268  4.99410  5.14531  0.61958  0.77255  1.13983  0.38548
     26   2.66792  5.08977  2.52092  1.99995  4.66286  2.83740  3.71917  3.82128  1.94253  3.45758  4.32870  2.99065  3.33297  2.57357  2.62565  2.49870  3.00823  3.76277  5.84080  4.25302     26 k - - -
          2.68618  4.42225  2.77519  2.73123  3.46354  2.40513  3.72494  3.29354  2.67741  2.69355  4.24690  2.90347  2.73739  3.18146  2.89801  2.37887  2.77519  2.98518  4.58477  3.61503
          0.01609  5.05339  4.64887  0.61958  0.77255  0.25907  1.47741
     27   2.58803  4.83983  2.37707  2.09607  4.47824  2.88836  3.75428  3.66401  1.92629  3.57727  4.50927  2.76635  3.46339  2.61213  2.93669  2.50034  2.98644  3.65993  5.97985  3.96180     27 k - - -
          2.68618  4.42225  2.77519  2.73123  3.46354  2.40513  3.72494  3.29354  2.67741  2.69355  4.24690  2.90347  2.73739  3.18146  2.89801  2.37887  2.77519  2.98518  4.58477  3.61503
          0.00930  5.37978  5.37144  0.61958  0.77255  0.61494  0.77800
     28   2.70539  4.23068  2.58606  2.38585  3.04204  3.40649  3.68226  3.01765  2.31033  2.71398  4.21167  2.84327  4.09210  2.92164  3.04776  2.70240  2.90196  2.84610  4.44305  3.03765     28 k - - -
          2.68618  4.42225  2.77519  2.73123  3.46354  2.40513  3.72494  3.29354  2.67741  2.69355  4.24690  2.90347  2.73739  3.18146  2.89801  2.37887  2.77519  2.98518  4.58477  3.61503
          0.01246  5.38048  4.85652  0.61958  0.77255  0.49751  0.93661
     29   2.26502  4.57262  2.86374  2.49381  3.83356  3.03613  3.68041  3.82291  1.98620  3.33252  4.60381  2.97085  3.48189  2.26986  2.51432  2.45683  2.94358  3.74038  5.50122  4.26405     29 k - - -
          2.68618  4.42225  2.77519  2.73123  3.46354  2.40513  3.72494  3.29354  2.67741  2.69355  4.24690  2.90347  2.73739  3.18146  2.89801  2.37887  2.77519  2.98518  4.58477  3.61503
          0.00676  5.39646  6.11881  0.61958  0.77255  0.49086  0.94701
     30   2.66781  5.57872  2.55759  2.09475  4.92480  3.00640  3.93335  4.35464  1.41928  3.72651  4.45964  2.86202  3.99580  2.85957  2.81144  2.43605  3.11528  3.80792  6.01079  4.59924     30 k - - -
          2.68618  4.42225  2.77519  2.73123  3.46354  2.40513  3.72494  3.29354  2.67741  2.69355  4.24690  2.90347  2.73739  3.18146  2.89801  2.37887  2.77519  2.98518  4.58477  3.61503
          0.00667  5.40911  6.13145  0.61958  0.77255  0.50792  0.92067
     31   2.87654  5.32790  2.33259  1.55075  4.92480  3.70346  3.98129  3.97546  1.78620  3.72847  4.52557  2.72031  4.05880  2.81012  2.78331  2.68952  3.17025  3.57400  6.01132  4.39485     31 e - - -
          2.68618  4.42225  2.77519  2.73123  3.46354  2.40513  3.72494  3.29354  2.67741  2.69355  4.24690  2.90347  2.73739  3.18146  2.89801  2.37887  2.77519  2.98518  4.58477  3.61503
          0.00666  5.41144  6.13379  0.61958  0.77255  0.51433  0.91106
     32   3.15720  4.43884  5.03360  4.30365  2.23965  4.12857  3.88922  2.86261  4.23737  2.31402  3.64618  4.45245  4.69604  4.38132  4.27818  3.58865  3.29560  2.66248  4.74060  0.92714     32 y - - -
          2.68618  4.42225  2.77519  2.73123  3.46354  2.40513  3.72494  3.29354  2.67741  2.69355  4.24690  2.90347  2.73739  3.18146  2.89801  2.37887  2.77519  2.98518  4.58477  3.61503
          0.00666  5.41144  6.13379  0.61958  0.77255  0.51433  0.91106
     33   2.46063  4.62550  3.29581  2.69322  4.65786  2.45476  3.90294  4.10559  1.65399  3.09767  4.35564  2.95124  4.14956  3.01570  2.07651  2.67267  3.12020  3.02902  5.96259  4.40343     33 k - - -
          2.68618  4.42225  2.77519  2.73123  3.46354  2.40513  3.72494  3.29354  2.67741  2.69355  4.24690  2.90347  2.73739  3.18146  2.89801  2.37887  2.77519  2.98518  4.58477  3.61503
          0.00666  5.41144  6.13379  0.61958  0.77255  0.51433  0.91106
     34   2.46864  5.55870  3.17845  2.73536  4.89562  3.00175  4.03234  3.78928  2.57892  3.81230  4.60154  2.60750  3.76102  2.88498  2.61822  1.43866  2.29943  3.80279  5.99631  4.48407     34 s - - -
          2.68618  4.42225  2.77519  2.73123  3.46354  2.40513  3.72494  3.29354  2.67741  2.69355  4.24690  2.90347  2.73739  3.18146  2.89801  2.37887  2.77519  2.98518  4.58477  3.61503
          0.00666  5.41144  6.13379  0.61958  0.77255  0.51433  0.91106
     35   2.77296  4.66531  3.79846  3.51163  2.88151  4.11411  3.35448  2.83474  3.57884  1.60607  3.19381  3.87281  4.55308  3.53299  2.71096  3.35662  3.05905  2.76343  4.90047  1.82713     35 l - - -
          2.68618  4.42225  2.77519  2.73123  3.46354  2.40513  3.72494  3.29354  2.67741  2.69355  4.24690  2.90347  2.73739  3.18146  2.89801  2.37887  2.77519  2.98518  4.58477  3.61503
          0.00666  5.41144  6.13379  0.61958  0.77255  0.51433  0.91106
     36   1.50113  2.90855  5.07577  4.46347  3.35661  4.31141  4.64496  2.20776  4.25620  2.54396  3.18798  4.46337  4.67488  4.39403  4.27636  2.98562  3.05664  1.46716  5.14785  3.81896     36 v - - -
          2.68618  4.42225  2.77519  2.73123  3.46354  2.40513  3.72494  3.29354  2.67741  2.69355  4.24690  2.90347  2.73739  3.18146  2.89801  2.37887  2.77519  2.98518  4.58477  3.61503
          0.00666  5.41144  6.13379  0.61958  0.77255  0.51433  0.91106
     37   2.55680  5.56898  3.15106  2.56888  4.69070  3.72069  2.74016  4.23074  1.52597  3.04925  4.43431  2.73520  4.23575  2.93962  2.12513  2.63134  3.25144  3.43901  6.00388  4.33377     37 k - - -
          2.68618  4.42225  2.77519  2.73123  3.46354  2.40513  3.72494  3.29354  2.67741  2.69355  4.24690  2.90347  2.73739  3.18146  2.89801  2.37887  2.77519  2.98518  4.58477  3.61503
          0.00666  5.41144  6.13379  0.61958  0.77255  0.51433  0.91106
     38   2.66875  5.57915  3.04673  2.57549  4.92475  2.15297  3.82091  4.27228  1.71541  3.73139  4.61971  2.81710  4.23446  2.72884  2.35075  2.10722  3.19950  3.88383  6.01143  4.60031     38 k - - -
          2.68618  4.42225  2.77519  2.73123  3.46354  2.40513  3.72494  3.29354  2.67741  2.69355  4.24690  2.90347  2.73739  3.18146  2.89801  2.37887  2.77519  2.98518  4.58477  3.61503
          0.00666  5.41144  6.13379  0.61958  0.77255  0.50366  0.92713
     39   2.43585  4.54464  5.12299  4.50923  2.01001  4.12655  4.67569  2.40857  4.29796  1.06520  2.76536  4.50094  4.70208  4.42823  4.30978  3.56706  3.25457  2.57092  5.16637  3.92526     39 l - - -
          2.68618  4.42225  2.77519  2.73123  3.46354  2.40513  3.72494  3.29354  2.67741  2.69355  4.24690  2.90347  2.73739  3.18146  2.89801  2.37887  2.77519  2.98518  4.58477  3.61503
          0.00665  5.41299  6.13534  0.61958  0.77255  0.50790  0.92070
     40   2.82404  4.79680  4.73139  4.34637  5.33015  2.06561  5.01202  4.76556  4.31953  4.43587  4.54573  4.18587  0.53383  4.59094  4.61560  2.92774  3.43183  4.18281  6.67547  5.49173     40 P - - -
          2.68618  4.42225  2.77519  2.73123  3.46354  2.40513  3.72494  3.29354  2.67741  2.69355  4.24690  2.90347  2.73739  3.18146  2.89801  2.37887  2.77519  2.98518  4.58477  3.61503
          0.00665  5.41299  6.13534  0.61958  0.77255  0.49359  0.94271
     41   1.36939  4.55426  4.20236  3.52948  3.60158  3.46232  4.41811  2.83031  3.56107  2.83927  2.88773  3.73506  3.70458  3.48804  3.85745  2.02534  2.70497  2.34135  5.32080  3.98496     41 a - - -
          2.68618  4.42225  2.77519  2.73123  3.46354  2.40513  3.72494  3.29354  2.67741  2.69355  4.24690  2.90347  2.73739  3.18146  2.89801  2.37887  2.77519  2.98518  4.58477  3.61503
          0.00663  5.41507  6.13742  0.61958  0.77255  0.49919  0.93400
     42   2.77490  4.68770  4.00283  3.56163  3.42270  4.07206  4.25365  3.00468  3.60680  1.45461  1.56727  3.45659  4.54269  3.56473  3.24409  2.89463  3.02136  2.92715  5.28855  3.61347     42 l - - -
          2.68618  4.42225  2.77519  2.73123  3.46354  2.40513  3.72494  3.29354  2.67741  2.69355  4.24690  2.90347  2.73739  3.18146  2.89801  2.37887  2.77519  2.98518  4.58477  3.61503
          0.00663  5.41507  6.13742  0.61958  0.77255  0.49919  0.93400
     43   4.22488  5.38901  6.37553  5.91538  4.17807  5.91986  6.66469  0.56327  5.88172  2.15814  4.06376  6.09106  6.05430  6.04472  6.00677  5.37690  4.47708  1.50418  6.79443  5.65220     43 I - - -
          2.68618  4.42225  2.77519  2.73123  3.46354  2.40513  3.72494  3.29354  2.67741  2.69355  4.24690  2.90347  2.73739  3.18146  2.89801  2.37887  2.77519  2.98518  4.58477  3.61503
          0.00663  5.41507  6.13742  0.61958  0.77255  0.49919  0.93400
     44   3.10266  4.93399  3.82543  3.26083  4.08945  4.03878  3.00666  2.81118  2.52041  1.72150  2.51462  3.53371  4.42111  2.37861  2.35084  3.24040  3.13257  2.67926  5.49979  3.96385     44 l - - -
          2.68618  4.42225  2.77519  2.73123  3.46354  2.40513  3.72494  3.29354  2.67741  2.69355  4.24690  2.90347  2.73739  3.18146  2.89801  2.37887  2.77519  2.98518  4.58477  3.61503
          0.00663  5.41507  6.13742  0.61958  0.77255  0.49919  0.93400
     45   2.70586  5.42635  3.39214  2.81602  4.71105  3.47518  3.81368  3.54899  2.68828  3.35466  3.03705  2.42962  4.26681  1.92180  2.77978  2.42142  2.05285  2.96904  5.89695  4.43263     45 q - - -
          2.68618  4.42225  2.77519  2.73123  3.46354  2.40513  3.72494  3.29354  2.67741  2.69355  4.24690  2.90347  2.73739  3.18146  2.89801  2.37887  2.77519  2.98518  4.58477  3.61503
          0.00663  5.41507  6.13742  0.61958  0.77255  0.49919  0.93400
     46   2.50175  4.04015  3.21129  2.83631  4.65380  3.72539  3.72735  4.08900  2.86848  3.56537  4.16046  1.14731  4.28237  3.22244  3.34329  2.01124  3.19911  3.45882  5.86769  4.50911     46 n - - -
          2.68618  4.42225  2.77519  2.73123  3.46354  2.40513  3.72494  3.29354  2.67741  2.69355  4.24690  2.90347  2.73739  3.18146  2.89801  2.37887  2.77519  2.98518  4.58477  3.61503
          0.00663  5.41507  6.13742  0.61958  0.77255  0.49919  0.93400
     47   3.63199  5.56171  4.52622  4.57481  6.12295  0.16855  5.85367  5.79288  4.46797  5.41012  6.23610  4.69042  5.04734  5.20176  5.18855  3.64509  4.19734  4.93905  7.32391  6.21861     47 G - - -
          2.68618  4.42225  2.77519  2.73123  3.46354  2.40513  3.72494  3.29354  2.67741  2.69355  4.24690  2.90347  2.73739  3.18146  2.89801  2.37887  2.77519  2.98518  4.58477  3.61503
          0.00663  5.41507  6.13742  0.61958  0.77255  0.49919  0.93400
     48   4.09022  5.53736  6.18561  5.60679  2.64478  5.55716  5.79945  2.77520  5.43695  0.33287  3.65191  5.71615  5.14315  5.35533  5.38782  4.60575  4.48870  3.33060  5.91285  4.82103     48 L - - -
          2.68618  4.42225  2.77519  2.73123  3.46354  2.40513  3.72494  3.29354  2.67741  2.69355  4.24690  2.90347  2.73739  3.18146  2.89801  2.37887  2.77519  2.98518  4.58477  3.61503
          0.00663  5.41507  6.13742  0.61958  0.77255  0.49919  0.93400
     49   2.00717  3.67258  4.72761  4.13407  3.60806  1.49211  4.56468  2.56584  3.81860  2.24264  2.60725  4.28594  4.18845  3.99604  3.40583  3.26695  3.23965  2.52407  5.18678  3.48377     49 g - - -
          2.68618  4.42225  2.77519  2.73123  3.46354  2.40513  3.72494  3.29354  2.67741  2.69355  4.24690  2.90347  2.73739  3.18146  2.89801  2.37887  2.77519  2.98518  4.58477  3.61503
          0.00663  5.41507  6.13742  0.61958  0.77255  0.49919  0.93400
     50   2.13233  5.48029  3.36475  2.76659  4.78496  3.06605  3.61400  4.24305  2.80879  3.13890  4.41537  3.05737  3.08836  1.21783  3.29335  2.84148  3.12397  3.68751  5.93856  4.39983     50 q - - -
          2.68618  4.42225  2.77519  2.73123  3.46354  2.40513  3.72494  3.29354  2.67741  2.69355  4.24690  2.90347  2.73739  3.18146  2.89801  2.37887  2.77519  2.98518  4.58477  3.61503
          0.00663  5.41507  6.13742  0.61958  0.77255  0.49919  0.93400
     51   1.15608  4.49855  4.65438  4.13111  3.87800  4.07455  4.84050  3.55502  4.04488  3.32362  4.09412  4.28803  4.64510  4.29085  4.28596  2.74081  1.17550  2.71657  5.71926  4.52521     51 a - - -
          2.68618  4.42225  2.77519  2.73123  3.46354  2.40513  3.72494  3.29354  2.67741  2.69355  4.24690  2.90347  2.73739  3.18146  2.89801  2.37887  2.77519  2.98518  4.58477  3.61503
          0.00663  5.41507  6.13742  0.61958  0.77255  0.47746  0.96853
     52   2.66307  4.23156  5.11917  4.50394  3.00412  4.32157  4.65603  2.18598  4.28822  1.07207  2.71258  4.48567  4.68403  4.41792  4.29467  3.55085  2.96401  2.09676  5.14663  3.31412     52 l - - -
          2.68618  4.42225  2.77519  2.73123  3.46354  2.40513  3.72494  3.29354  2.67741  2.69355  4.24690  2.90347  2.73739  3.18146  2.89801  2.37887  2.77519  2.98518  4.58477  3.61503
          0.00661  5.41823  6.14058  0.61958  0.77255  0.48576  0.95510
     53   0.84738  4.33648  4.23193  3.54930  3.84552  2.98376  4.14483  3.02952  3.58787  2.69401  3.83560  3.99278  4.52997  3.80027  3.87778  3.06997  3.12173  2.59580  5.32341  3.92011     53 a - - -
          2.68618  4.42225  2.77519  2.73123  3.46354  2.40513  3.72494  3.29354  2.67741  2.69355  4.24690  2.90347  2.73739  3.18146  2.89801  2.37887  2.77519  2.98518  4.58477  3.61503
          0.00661  5.41823  6.14058  0.61958  0.77255  0.48576  0.95510
     54   3.08796  4.61866  4.83470  4.24430  0.72635  4.24046  4.57745  3.06102  4.07965  2.76227  3.40487  4.36012  4.68117  3.74188  4.07745  3.45004  2.97653  2.87256  4.95444  3.10660     54 f - - -
          2.68618  4.42225  2.77519  2.73123  3.46354  2.40513  3.72494  3.29354  2.67741  2.69355  4.24690  2.90347  2.73739  3.18146  2.89801  2.37887  2.77519  2.98518  4.58477  3.61503
          0.00661  5.41823  6.14058  0.61958  0.77255  0.48576  0.95510
     55   2.69513  3.35860  5.10003  3.67929  2.74780  4.30646  4.43510  2.26253  4.26975  1.39076  3.17559  4.18186  4.67017  4.23881  4.27822  3.34627  3.25010  2.15923  4.00705  2.22847     55 l - - -
          2.68618  4.42225  2.77519  2.73123  3.46354  2.40513  3.72494  3.29354  2.67741  2.69355  4.24690  2.90347  2.73739  3.18146  2.89801  2.37887  2.77519  2.98518  4.58477  3.61503
          0.00979  5.41823  5.23839  0.61958  0.77255  0.48576  0.95510
     56   2.60527  4.62891  3.24085  2.23969  3.22674  3.82397  3.31543  3.63329  1.98112  2.19797  3.97427  3.18472  4.27324  2.55476  2.64305  2.86372  3.24663  3.36620  5.43050  3.22705     56 k - - -
          2.68618  4.42225  2.77519  2.73123  3.46354  2.40513  3.72494  3.29354  2.67741  2.69355  4.24690  2.90347  2.73739  3.18146  2.89801  2.37887  2.77519  2.98518  4.58477  3.61503
          0.00786  5.41507  5.68896  0.61958  0.77255  0.49919  0.93400
     57   1.62642  5.27717  2.87014  2.54750  4.89350  3.29883  4.03406  4.05235  2.56044  3.85895  4.34234  3.10248  4.23930  2.90553  2.82816  1.54869  3.11789  3.60540  5.99577  4.35972     57 s - - -
          2.68618  4.42225  2.77519  2.73123  3.46354  2.40513  3.72494  3.29354  2.67741  2.69355  4.24690  2.90347  2.73739  3.18146  2.89801  2.37887  2.77519  2.98518  4.58477  3.61503
          0.01545  5.41385  4.52126  0.61958  0.77255  0.49588  0.93914
     58   2.75572  5.61257  2.97547  2.63219  4.96303  3.82466  3.99308  4.44267  0.93415  3.76171  4.65474  3.03172  4.27082  2.97475  2.38029  2.94355  3.34214  3.95201  6.03553  4.63545     58 k - - -
          2.68618  4.42225  2.77519  2.73123  3.46354  2.40513  3.72494  3.29354  2.67741  2.69355  4.24690  2.90347  2.73739  3.18146  2.89801  2.37887  2.77519  2.98518  4.58477  3.61503
          0.01933  5.40633  4.22309  0.61958  0.77255  0.53520  0.88081
     59   2.14243  5.56185  2.79905  2.51969  4.64163  1.75148  3.90875  4.28053  2.18179  3.86592  4.33390  2.79556  3.74501  3.01590  2.87694  2.38991  3.11029  3.49612  5.51057  4.35309     59 g - - -
          2.68618  4.42225  2.77519  2.73123  3.46354  2.40513  3.72494  3.29354  2.67741  2.69355  4.24690  2.90347  2.73739  3.18146  2.89801  2.37887  2.77519  2.98518  4.58477  3.61503
          0.05963  5.39378  2.93111  0.61958  0.77255  0.54508  0.86701
     60   2.49217  5.54596  2.69708  2.21301  4.89145  2.54126  3.99497  3.96507  1.56973  3.62492  4.58652  2.67064  4.05956  2.82009  2.99461  2.50156  2.93984  3.86009  5.97840  4.30904     60 k - - -
          2.68618  4.42225  2.77519  2.73123  3.46354  2.40513  3.72494  3.29354  2.67741  2.69355  4.24690  2.90347  2.73739  3.18146  2.89801  2.37887  2.77519  2.98518  4.58477  3.61503
          0.35226  5.34747  1.23052  0.61958  0.77255  0.71500  0.67176
     61   2.48644  5.00529  2.41142  2.31947  4.39285  2.69266  3.77391  3.95852  1.89495  3.64217  4.42847  2.65780  3.54663  2.77757  2.80229  2.35927  2.98992  3.51220  5.82096  4.41085     61 k - - -
          2.68618  4.42225  2.77519  2.73123  3.46354  2.40513  3.72494  3.29354  2.67741  2.69355  4.24690  2.90347  2.73739  3.18146  2.89801  2.37887  2.77519  2.98518  4.58477  3.61503
          0.30918  5.01124  1.34981  0.61958  0.77255  0.82335  0.57796
     62   2.45888  4.96088  2.66680  2.00574  4.56868  2.72052  3.72278  3.92182  1.95443  3.50575  4.23254  2.69684  3.80713  2.80237  2.78015  2.53761  2.85998  3.60727  5.77642  4.00723     62 k - - -
          2.68618  4.42225  2.77519  2.73123  3.46354  2.40513  3.72494  3.29354  2.67741  2.69355  4.24690  2.90347  2.73739  3.18146  2.89801  2.37887  2.77519  2.98518  4.58477  3.61503
          0.01103  4.90878  5.63113  0.61958  0.77255  0.82718  0.57497
     63   2.50558  5.43387  2.33184  2.08590  4.77951  3.19572  3.55705  4.17783  2.17092  3.61145  4.47438  2.38910  3.51592  2.73867  2.60569  2.49708  2.87510  3.68929  5.41971  3.96730     63 e - - -
          2.68618  4.42225  2.77519  2.73123  3.46354  2.40513  3.72494  3.29354  2.67741  2.69355  4.24690  2.90347  2.73739  3.18146  2.89801  2.37887  2.77519  2.98518  4.58477  3.61503
          0.01499  5.10877  4.72858  0.61958  0.77255  0.40494  1.09966
     64   1.60252  4.70562  2.86246  2.06018  4.86544  3.27801  2.74601  4.11562  2.48702  3.74903  3.88464  3.07184  3.17637  2.87644  3.09919  2.64118  3.10516  3.52671  5.96218  4.24877     64 a - - -
          2.68618  4.42225  2.77519  2.73123  3.46354  2.40513  3.72494  3.29354  2.67741  2.69355  4.24690  2.90347  2.73739  3.18146  2.89801  2.37887  2.77519  2.98518  4.58477  3.61503
          0.01097  5.33605  5.10049  0.61958  0.77255  0.41447  1.08084
     65   2.74736  4.64709  3.31937  2.73041  3.89126  3.44089  1.73064  3.91460  2.76443  3.56570  4.40316  3.04320  4.00469  2.99358  2.71991  2.85985  3.20402  3.58654  4.37258  1.88550     65 h - - -
          2.68618  4.42225  2.77519  2.73123  3.46354  2.40513  3.72494  3.29354  2.67741  2.69355  4.24690  2.90347  2.73739  3.18146  2.89801  2.37887  2.77519  2.98518  4.58477  3.61503
          0.00673  5.39975  6.12210  0.61958  0.77255  0.55725  0.85046
     66   2.68493  5.41188  2.66219  2.21772  4.43306  3.07293  3.33887  4.01860  1.96140  3.07427  4.29625  2.93646  4.09519  2.39599  2.33163  2.69623  2.97407  3.76889  5.11953  3.47381     66 k - - -
          2.68618  4.42225  2.77519  2.73123  3.46354  2.40513  3.72494  3.29354  2.67741  2.69355  4.24690  2.90347  2.73739  3.18146  2.89801  2.37887  2.77519  2.98518  4.58477  3.61503
          0.00950  5.40149  5.30893  0.61958  0.77255  0.53261  0.88448
     67   2.37605  5.18240  2.74106  2.33281  4.19790  3.64354  3.68817  3.57062  2.15282  2.27684  3.95190  3.20721  4.04774  2.50860  2.52469  2.91541  2.88690  3.03643  5.08587  3.72543     67 k - - -
          2.68618  4.42225  2.77519  2.73123  3.46354  2.40513  3.72494  3.29354  2.67741  2.69355  4.24690  2.90347  2.73739  3.18146  2.89801  2.37887  2.77519  2.98518  4.58477  3.61503
          0.00671  5.40314  6.12549  0.61958  0.77255  0.44429  1.02521
     68   2.79952  4.53954  5.13817  4.52304  3.13807  4.34084  4.67491  1.93649  4.30751  1.11560  3.23097  4.50528  4.70125  4.43506  4.31306  3.59081  3.31389  1.86979  4.84418  3.00042     68 l - - -
          2.68618  4.42225  2.77519  2.73123  3.46354  2.40513  3.72494  3.29354  2.67741  2.69355  4.24690  2.90347  2.73739  3.18146  2.89801  2.37887  2.77519  2.98518  4.58477  3.61503
          0.00660  5.42021  6.14255  0.61958  0.77255  0.48576  0.95510
     69   2.36815  3.99053  5.04240  4.28821  2.60817  3.61562  4.47401  2.61714  4.10042  1.49603  3.35548  3.92245  4.66565  4.23227  3.99493  3.36093  3.37079  2.52275  4.87192  1.67071     69 l - - -
          2.68618  4.42225  2.77519  2.73123  3.46354  2.40513  3.72494  3.29354  2.67741  2.69355  4.24690  2.90347  2.73739  3.18146  2.89801  2.37887  2.77519  2.98518  4.58477  3.61503
          0.00659  5.42194  6.14429  0.61958  0.77255  0.48576  0.95510
     70   2.63163  4.80882  2.27724  1.83487  4.70416  3.33645  3.75132  4.19334  2.16097  3.49904  4.40171  2.58633  4.23915  2.41571  2.49192  2.73489  2.89998  3.92754  6.01701  4.34619     70 e - - -
          2.68618  4.42225  2.77519  2.73123  3.46354  2.40513  3.72494  3.29354  2.67741  2.69355  4.24690  2.90347  2.73739  3.18146  2.89801  2.37887  2.77519  2.98518  4.58477  3.61503
          0.00659  5.42194  6.14429  0.61958  0.77255  0.48576  0.95510
     71   2.56639  4.99924  2.05885  2.79421  4.52140  3.57641  1.84178  2.95756  2.80369  2.94704  4.00500  3.08793  4.27424  2.34607  3.15864  2.93926  3.03365  3.53966  5.26766  4.26325     71 h - - -
          2.68618  4.42225  2.77519  2.73123  3.46354  2.40513  3.72494  3.29354  2.67741  2.69355  4.24690  2.90347  2.73739  3.18146  2.89801  2.37887  2.77519  2.98518  4.58477  3.61503
          0.00658  5.42321  6.14555  0.61958  0.77255  0.48576  0.95510
     72   3.81789  5.10624  5.82741  5.24918  3.79651  5.13524  5.52380  1.37026  5.08109  0.86948  3.16180  5.30093  5.39587  5.16085  5.09293  4.34249  3.39094  2.03969  5.86366  4.74663     72 l - - -
          2.68618  4.42225  2.77519  2.73123  3.46354  2.40513  3.72494  3.29354  2.67741  2.69355  4.24690  2.90347  2.73739  3.18146  2.89801  2.37887  2.77519  2.98518  4.58477  3.61503
          0.00658  5.42321  6.14555  0.61958  0.77255  0.48576  0.95510
     73   2.00532  4.43225  3.09256  2.29895  4.27824  2.98650  3.78297  3.45007  2.47423  3.14952  4.30804  2.92905  4.24775  2.46052  2.44530  2.28121  2.87121  3.50250  5.39442  4.19538     73 a - - -
          2.68618  4.42225  2.77519  2.73123  3.46354  2.40513  3.72494  3.29354  2.67741  2.69355  4.24690  2.90347  2.73739  3.18146  2.89801  2.37887  2.77519  2.98518  4.58477  3.61503
          0.00658  5.42321  6.14555  0.61958  0.77255  0.48576  0.95510
     74   2.45663  4.44469  2.43615  1.93600  4.58230  3.06631  3.79388  3.87993  2.18396  3.50518  4.53391  2.71378  4.18500  2.58037  2.43910  2.56997  2.85372  3.85340  6.01673  4.19351     74 e - - -
          2.68618  4.42225  2.77519  2.73123  3.46354  2.40513  3.72494  3.29354  2.67741  2.69355  4.24690  2.90347  2.73739  3.18146  2.89801  2.37887  2.77519  2.98518  4.58477  3.61503
          0.00658  5.42321  6.14555  0.61958  0.77255  0.48576  0.95510
     75   2.42578  4.56521  4.79080  3.82529  3.41000  3.90862  3.69520  2.60964  4.04169  2.37283  3.59551  4.32152  4.63375  3.73740  3.70263  3.50286  3.06228  2.24323  1.25362  3.18515     75 w - - -
          2.68618  4.42225  2.77519  2.73123  3.46354  2.40513  3.72494  3.29354  2.67741  2.69355  4.24690  2.90347  2.73739  3.18146  2.89801  2.37887  2.77519  2.98518  4.58477  3.61503
          0.01051  5.42321  5.10824  0.61958  0.77255  0.48576  0.95510
     76   2.99175  4.14844  5.12252  4.50730  3.09858  4.32736  4.53204  2.19172  4.29212  0.83717  3.18834  4.35394  4.68898  4.42115  4.29903  3.63919  3.26368  2.23304  4.88465  3.84275     76 l - - -
          2.68618  4.42225  2.77519  2.73123  3.46354  2.40513  3.72494  3.29354  2.67741  2.69355  4.24690  2.90347  2.73739  3.18146  2.89801  2.37887  2.77519  2.98518  4.58477  3.61503
          0.00809  5.41929  5.61857  0.61958  0.77255  0.47548  0.97177
     77   2.55902  2.75321  3.01863  2.32433  4.35444  2.68591  3.62741  3.69197  1.97960  3.36248  4.03021  2.75066  4.09274  2.66212  2.81062  2.55316  2.88658  3.52284  5.70088  4.41368     77 k - - -
          2.68618  4.42225  2.77519  2.73123  3.46354  2.40513  3.72494  3.29354  2.67741  2.69355  4.24690  2.90347  2.73739  3.18146  2.89801  2.37887  2.77519  2.98518  4.58477  3.61503
          0.00659  5.42173  6.14408  0.61958  0.77255  0.49208  0.94508
     78   2.83313  5.58079  2.75791  2.00571  4.10493  2.97697  3.48628  3.34144  2.10472  3.44169  4.31745  2.85656  3.95227  2.37914  2.39437  2.57694  3.13650  3.34143  6.01400  3.86604     78 e - - -
          2.68618  4.42225  2.77519  2.73123  3.46354  2.40513  3.72494  3.29354  2.67741  2.69355  4.24690  2.90347  2.73739  3.18146  2.89801  2.37887  2.77519  2.98518  4.58477  3.61503
          0.07895  5.42173  2.63817  0.61958  0.77255  0.49208  0.94508
     79   2.66811  5.03987  2.54902  2.02427  4.79344  3.15661  3.56435  4.00119  2.13654  3.47512  4.46417  2.92162  3.48624  2.33369  2.23400  2.69005  3.04154  3.53218  5.97975  3.91262     79 e - - -
          2.68618  4.42225  2.77519  2.73123  3.46354  2.40513  3.72494  3.29354  2.67741  2.69355  4.24690  2.90347  2.73739  3.18146  2.89801  2.37887  2.77519  2.98518  4.58477  3.61503
          0.10517  5.34986  2.35306  0.61958  0.77255  0.73564  0.65239
     80   2.70933  4.43809  2.37914  2.43822  3.03939  2.53501  3.58325  3.74559  2.43417  2.96404  3.89853  2.65421  3.70472  2.82675  2.84498  2.61753  2.76736  3.48307  5.88539  3.81838     80 d - - -
          2.68618  4.42225  2.77519  2.73123  3.46354  2.40513  3.72494  3.29354  2.67741  2.69355  4.24690  2.90347  2.73739  3.18146  2.89801  2.37887  2.77519  2.98518  4.58477  3.61503
          0.17408  5.25641  1.86720  0.61958  0.77255  0.92367  0.50593
     81   2.63316  4.48336  2.99928  2.41445  3.88937  2.77417  3.61070  3.10547  2.24113  2.50739  3.94799  2.97619  2.71627  2.91534  3.07533  2.57678  2.84857  3.19433  5.39574  3.97053     81 k - - -
          2.68618  4.42225  2.77519  2.73123  3.46354  2.40513  3.72494  3.29354  2.67741  2.69355  4.24690  2.90347  2.73739  3.18146  2.89801  2.37887  2.77519  2.98518  4.58477  3.61503
          0.07183  5.10634  2.76058  0.61958  0.77255  1.22047  0.34969
     82   2.67764  4.90300  3.01944  2.45556  3.68406  2.88227  3.55419  2.72221  2.54198  2.35794  3.93331  2.92207  3.44381  2.79997  2.95693  2.71649  2.83368  2.74229  4.81353  3.69522     82 l - - -
          2.68618  4.42225  2.77519  2.73123  3.46354  2.40513  3.72494  3.29354  2.67741  2.69355  4.24690  2.90347  2.73739  3.18146  2.89801  2.37887  2.77519  2.98518  4.58477  3.61503
          0.20295  5.05298  1.72995  0.61958  0.77255  0.75527  0.63466
     83   2.23011  5.39928  2.56676  2.25036  4.62301  3.30410  3.62810  3.90513  2.23737  3.50945  4.00453  2.68460  3.16967  2.57946  2.67801  2.44765  2.75289  3.52339  5.83298  3.90091     83 a - - -
          2.68618  4.42225  2.77519  2.73123  3.46354  2.40513  3.72494  3.29354  2.67741  2.69355  4.24690  2.90347  2.73739  3.18146  2.89801  2.37887  2.77519  2.98518  4.58477  3.61503
          0.01158  5.04106  5.28884  0.61958  0.77255  0.56837  0.83574
     84   2.70856  5.17180  2.17352  2.21692  4.54983  2.34639  3.76063  3.97869  2.31766  3.67088  4.43374  2.46756  3.62644  2.76050  2.90964  2.42761  2.73560  3.68334  5.93545  4.52442     84 d - - -
          2.68618  4.42225  2.77519  2.73123  3.46354  2.40513  3.72494  3.29354  2.67741  2.69355  4.24690  2.90347  2.73739  3.18146  2.89801  2.37887  2.77519  2.98518  4.58477  3.61503
          0.03210  5.26097  3.63435  0.61958  0.77255  0.68407  0.70231
     85   2.53285  4.57182  2.55088  2.23942  2.97552  2.75207  3.44560  3.93228  2.36694  3.31700  4.55277  2.43573  3.31625  2.71658  2.69838  2.68822  2.97984  3.79646  5.94599  4.03303     85 e - - -
          2.68618  4.42225  2.77519  2.73123  3.46354  2.40513  3.72494  3.29354  2.67741  2.69355  4.24690  2.90347  2.73739  3.18146  2.89801  2.37887  2.77519  2.98518  4.58477  3.61503
          0.00748  5.29572  6.01806  0.61958  0.77255  0.31391  1.31149
     86   2.48400  5.58257  2.48510  1.92158  4.20413  2.96185  3.70959  4.01372  2.13980  3.47735  4.03515  2.70908  3.39425  2.58239  2.80394  2.53543  2.88147  3.78265  6.01487  4.52254     86 e - - -
          2.68618  4.42225  2.77519  2.73123  3.46354  2.40513  3.72494  3.29354  2.67741  2.69355  4.24690  2.90347  2.73739  3.18146  2.89801  2.37887  2.77519  2.98518  4.58477  3.61503
          0.01339  5.41848  4.72535  0.61958  0.77255  0.49820  0.93553
     87   2.39280  5.58020  1.71608  1.98704  4.77332  3.16188  3.79188  4.34902  2.44913  3.72741  4.52795  2.65241  3.51232  2.91041  2.88552  2.61816  2.89562  3.68412  6.01245  4.25949     87 d - - -
          2.68618  4.42225  2.77519  2.73123  3.46354  2.40513  3.72494  3.29354  2.67741  2.69355  4.24690  2.90347  2.73739  3.18146  2.89801  2.37887  2.77519  2.98518  4.58477  3.61503
          0.00839  5.41347  5.54816  0.61958  0.77255  0.46677  0.98625
     88   2.76333  4.30084  5.09531  4.48444  2.11880  4.17739  4.63667  2.52810  4.26992  0.98594  3.17080  4.33842  4.66647  4.40009  4.16161  3.57035  3.20095  2.38183  4.11796  3.72771     88 l - - -
          2.68618  4.42225  2.77519  2.73123  3.46354  2.40513  3.72494  3.29354  2.67741  2.69355  4.24690  2.90347  2.73739  3.18146  2.89801  2.37887  2.77519  2.98518  4.58477  3.61503
          0.01420  5.42125  4.63811  0.61958  0.77255  0.49844  0.93516
     89   2.73412  4.33103  4.43296  3.75886  3.44532  4.07018  3.23592  2.08106  3.72803  1.44467  2.25836  4.16958  3.75970  3.92744  3.82089  3.15572  3.13299  2.25660  4.96221  3.47449     89 l - - -
          2.68618  4.42225  2.77519  2.73123  3.46354  2.40513  3.72494  3.29354  2.67741  2.69355  4.24690  2.90347  2.73739  3.18146  2.89801  2.37887  2.77519  2.98518  4.58477  3.61503
          0.01533  5.41369  4.53181  0.61958  0.77255  0.47863  0.96661
     90   2.49723  5.29395  2.53222  1.63763  4.79283  3.35854  3.57940  4.22544  2.08771  3.58200  4.22067  2.94644  3.98743  2.39490  2.76790  2.85897  2.73191  3.76782  5.48009  4.42854     90 e - - -
          2.68618  4.42225  2.77519  2.73123  3.46354  2.40513  3.72494  3.29354  2.67741  2.69355  4.24690  2.90347  2.73739  3.18146  2.89801  2.37887  2.77519  2.98518  4.58477  3.61503
          0.00665  5.41268  6.13503  0.61958  0.77255  0.53400  0.88250
     91   1.83935  5.01403  2.98162  2.21037  3.90251  3.21570  3.53551  3.75812  2.27069  3.48984  4.21745  2.99247  4.24513  2.74226  2.65487  2.70921  3.03324  3.28752  3.55784  3.41226     91 a - - -
          2.68618  4.42225  2.77519  2.73123  3.46354  2.40513  3.72494  3.29354  2.67741  2.69355  4.24690  2.90347  2.73739  3.18146  2.89801  2.37887  2.77519  2.98518  4.58477  3.61503
          0.01687  5.41268  4.40097  0.61958  0.77255  0.50622  0.92323
     92   2.64296  4.52030  4.79292  4.47231  3.28917  4.31349  4.64744  1.50178  4.05544  1.43396  3.35067  4.46821  4.67645  4.39928  4.28032  3.02641  3.37600  1.78934  5.14721  3.81449     92 l - - -
          2.68618  4.42225  2.77519  2.73123  3.46354  2.40513  3.72494  3.29354  2.67741  2.69355  4.24690  2.90347  2.73739  3.18146  2.89801  2.37887  2.77519  2.98518  4.58477  3.61503
          0.01496  5.40663  4.56967  0.61958  0.77255  0.49059  0.94743
     93   2.73497  4.20609  4.37506  3.52862  3.54593  3.65255  4.02779  2.05477  3.48526  2.10399  2.85166  3.71387  4.25893  3.36394  2.53997  2.84962  2.16979  2.14479  5.26174  3.86962     93 i - - -
          2.68618  4.42225  2.77519  2.73123  3.46354  2.40513  3.72494  3.29354  2.67741  2.69355  4.24690  2.90347  2.73739  3.18146  2.89801  2.37887  2.77519  2.98518  4.58477  3.61503
          0.01645  5.40861  4.43685  0.61958  0.77255  0.48069  0.96327
     94   2.55953  5.14641  2.76782  1.96478  4.38244  3.08011  3.75644  4.22517  2.19773  3.78498  4.48551  2.48193  3.67929  2.40707  2.72307  2.29751  2.63866  3.85114  6.01068  4.41201     94 e - - -
          2.68618  4.42225  2.77519  2.73123  3.46354  2.40513  3.72494  3.29354  2.67741  2.69355  4.24690  2.90347  2.73739  3.18146  2.89801  2.37887  2.77519  2.98518  4.58477  3.61503
          0.00667  5.40941  6.13176  0.61958  0.77255  0.53458  0.88168
     95   1.91728  3.66081  3.31126  2.81487  4.10074  3.04066  3.57495  3.26818  2.74010  2.16634  2.92631  2.78218  4.13127  2.94373  3.23107  2.42100  2.94185  3.20859  5.71919  4.40286     95 a - - -
          2.68618  4.42225  2.77519  2.73123  3.46354  2.40513  3.72494  3.29354  2.67741  2.69355  4.24690  2.90347  2.73739  3.18146  2.89801  2.37887  2.77519  2.98518  4.58477  3.61503
          0.00666  5.41125  6.13359  0.61958  0.77255  0.49430  0.94160
     96   2.99167  5.58819  1.52034  2.14088  4.93393  3.56561  3.84782  4.42074  2.58494  3.85241  4.62884  2.41353  3.20386  2.76135  3.12994  2.21875  2.89943  3.97922  6.02030  4.36744     96 d - - -
          2.68618  4.42225  2.77519  2.73123  3.46354  2.40513  3.72494  3.29354  2.67741  2.69355  4.24690  2.90347  2.73739  3.18146  2.89801  2.37887  2.77519  2.98518  4.58477  3.61503
          0.00661  5.41796  6.14030  0.61958  0.77255  0.51230  0.91409
     97   2.43278  5.22303  3.29945  2.80981  3.93518  3.84074  4.03051  3.29178  2.94119  2.22885  3.19656  3.08331  2.99439  2.45577  2.90740  1.92256  2.80854  3.01617  5.37057  4.14068     97 s - - -
          2.68618  4.42225  2.77519  2.73123  3.46354  2.40513  3.72494  3.29354  2.67741  2.69355  4.24690  2.90347  2.73739  3.18146  2.89801  2.37887  2.77519  2.98518  4.58477  3.61503
          0.01006  5.41796  5.18964  0.61958  0.77255  0.51230  0.91409
     98   2.31614  5.57690  2.66008  2.24386  4.44037  3.34396  3.31950  4.05123  2.45957  3.33058  4.06974  3.09122  3.10951  2.35240  2.67842  2.26773  2.61035  3.53185  6.01015  3.91488     98 e - - -
          2.68618  4.42225  2.77519  2.73123  3.46354  2.40513  3.72494  3.29354  2.67741  2.69355  4.24690  2.90347  2.73739  3.18146  2.89801  2.37887  2.77519  2.98518  4.58477  3.61503
          0.00920  5.41453  5.35845  0.61958  0.77255  0.50293  0.92825
     99   2.49698  5.22795  2.28443  1.80587  4.35088  3.59632  3.52089  4.16736  2.25266  3.38927  4.36250  3.00069  4.02671  2.37892  2.91025  2.62663  2.50722  3.65022  6.01236  4.40584     99 e - - -
          2.68618  4.42225  2.77519  2.73123  3.46354  2.40513  3.72494  3.29354  2.67741  2.69355  4.24690  2.90347  2.73739  3.18146  2.89801  2.37887  2.77519  2.98518  4.58477  3.61503
          0.01582  5.41541  4.48791  0.61958  0.77255  0.52283  0.89855
    100   3.14357  4.38869  4.84451  4.11162  3.11316  4.11622  4.34559  2.90834  3.95891  2.36348  3.62771  4.34936  4.64572  4.16637  4.17960  3.51661  3.13402  2.74193  5.15107  0.78671    100 y - - -
          2.68618  4.42225  2.77519  2.73123  3.46354  2.40513  3.72494  3.29354  2.67741  2.69355  4.24690  2.90347  2.73739  3.18146  2.89801  2.37887  2.77519  2.98518  4.58477  3.61503
          0.00669  5.40629  6.12863  0.61958  0.77255  0.55954  0.84740
    101   2.85068  4.78043  4.06589  3.49580  3.66208  3.97051  4.21890  2.72764  3.11531  1.96675  2.29272  3.87805  4.48446  2.55936  1.55512  3.16345  3.33875  2.89919  5.36824  3.99269    101 r - - -
          2.68618  4.42225  2.77519  2.73123  3.46354  2.40513  3.72494  3.29354  2.67741  2.69355  4.24690  2.90347  2.73739  3.18146  2.89801  2.37887  2.77519  2.98518  4.58477  3.61503
          0.00669  5.40629  6.12863  0.61958  0.77255  0.46350  0.99176
    102   2.29062  4.84984  3.41141  2.90227  3.53518  3.95530  3.17310  3.27109  2.61554  2.22872  3.82474  3.29693  4.34282  2.46166  1.87997  2.95986  3.16691  3.01507  4.43092  3.52268    102 r - - -
          2.68618  4.42225  2.77519  2.73123  3.46354  2.40513  3.72494  3.29354  2.67741  2.69355  4.24690  2.90347  2.73739  3.18146  2.89801  2.37887  2.77519  2.98518  4.58477  3.61503
          0.00659  5.42083  6.14318  0.61958  0.77255  0.50021  0.93243
    103   1.38424  4.27040  5.06164  4.44907  3.34687  4.30318  4.15692  2.09835  3.67342  1.73455  3.09903  4.35231  4.66728  4.25383  4.17409  3.57497  3.08627  2.21527  4.46674  3.28831    103 a - - -
          2.68618  4.42225  2.77519  2.73123  3.46354  2.40513  3.72494  3.29354  2.67741  2.69355  4.24690  2.90347  2.73739  3.18146  2.89801  2.37887  2.77519  2.98518  4.58477  3.61503
          0.00659  5.42083  6.14318  0.61958  0.77255  0.50021  0.93243
    104   2.97891  5.17343  3.37886  2.75496  4.80298  3.81012  3.95377  4.18478  2.66237  3.66627  4.54836  3.18325  4.26992  1.88096  3.18861  2.43554  1.18901  3.86610  5.95136  4.56897    104 t - - -
          2.68618  4.42225  2.77519  2.73123  3.46354  2.40513  3.72494  3.29354  2.67741  2.69355  4.24690  2.90347  2.73739  3.18146  2.89801  2.37887  2.77519  2.98518  4.58477  3.61503
          0.00659  5.42083  6.14318  0.61958  0.77255  0.50021  0.93243
    105   2.00767  5.55354  2.92350  2.32306  4.61030  3.75077  3.83055  3.29268  2.37172  3.36340  3.72879  2.89433  4.24431  2.67067  1.88304  2.84972  2.73522  3.35368  5.67590  4.28965    105 r - - -
          2.68618  4.42225  2.77519  2.73123  3.46354  2.40513  3.72494  3.29354  2.67741  2.69355  4.24690  2.90347  2.73739  3.18146  2.89801  2.37887  2.77519  2.98518  4.58477  3.61503
          0.00815  5.42083  5.60016  0.61958  0.77255  0.50021  0.93243
    106   2.88352  5.58545  2.91536  0.96277  4.92995  3.84861  3.79481  4.17953  2.52917  3.71882  4.62653  3.18600  4.24295  2.65818  2.66100  2.89669  3.26324  3.78757  6.01797  4.60781    106 e - - -
          2.68618  4.42225  2.77519  2.73123  3.46354  2.40513  3.72494  3.29354  2.67741  2.69355  4.24690  2.90347  2.73739  3.18146  2.89801  2.37887  2.77519  2.98518  4.58477  3.61503
          0.00660  5.41928  6.14163  0.61958  0.77255  0.50675  0.92244
    107   1.38787  4.26280  4.99099  4.38516  3.54444  4.18512  4.63829  2.30115  4.19785  2.41781  3.27522  4.42939  4.67276  4.35313  4.25087  2.88272  2.23822  1.68202  5.17048  3.99117    107 a - - -
          2.68618  4.42225  2.77519  2.73123  3.46354  2.40513  3.72494  3.29354  2.67741  2.69355  4.24690  2.90347  2.73739  3.18146  2.89801  2.37887  2.77519  2.98518  4.58477  3.61503
          0.00660  5.41928  6.14163  0.61958  0.77255  0.50675  0.92244
    108   3.01219  4.56036  4.09794  3.72788  2.95984  4.15995  4.47072  2.44900  3.72280  0.91863  2.55367  4.32718  4.63385  3.34389  4.16170  3.49929  3.31013  2.67652  5.17685  3.99289    108 l - - -
          2.68618  4.42225  2.77519  2.73123  3.46354  2.40513  3.72494  3.29354  2.67741  2.69355  4.24690  2.90347  2.73739  3.18146  2.89801  2.37887  2.77519  2.98518  4.58477  3.61503
          0.00660  5.41928  6.14163  0.61958  0.77255  0.50675  0.92244
    109   1.32968  5.56947  2.72421  2.11442  4.71485  3.69479  3.69378  4.07241  2.54024  3.18858  4.36562  3.08223  4.24039  2.78531  2.81726  2.58570  3.21135  3.61614  6.00530  4.59754    109 a - - -
          2.68618  4.42225  2.77519  2.73123  3.46354  2.40513  3.72494  3.29354  2.67741  2.69355  4.24690  2.90347  2.73739  3.18146  2.89801  2.37887  2.77519  2.98518  4.58477  3.61503
          0.00660  5.41928  6.14163  0.61958  0.77255  0.50675  0.92244
    110   1.90103  3.95060  5.10513  4.48955  2.27139  3.84106  4.64156  2.49684  4.27365  1.50911  3.33441  4.47136  4.67153  4.23768  4.28064  3.61930  3.28546  2.38605  2.97155  2.65576    110 l - - -
          2.68618  4.42225  2.77519  2.73123  3.46354  2.40513  3.72494  3.29354  2.67741  2.69355  4.24690  2.90347  2.73739  3.18146  2.89801  2.37887  2.77519  2.98518  4.58477  3.61503
          0.00660  5.41928  6.14163  0.61958  0.77255  0.50675  0.92244
    111   1.85401  4.20640  5.07375  4.46033  2.73077  4.10679  4.63629  2.72862  4.25135  1.15802  3.04883  4.45747  4.66812  4.38779  4.26935  2.68687  3.09495  2.52198  4.13917  3.85058    111 l - - -
          2.68618  4.42225  2.77519  2.73123  3.46354  2.40513  3.72494  3.29354  2.67741  2.69355  4.24690  2.90347  2.73739  3.18146  2.89801  2.37887  2.77519  2.98518  4.58477  3.61503
          0.00660  5.41928  6.14163  0.61958  0.77255  0.50675  0.92244
    112   2.81185  5.25165  2.92767  2.09028  4.69270  2.77303  3.93402  3.09202  2.29197  3.43774  4.39164  2.24371  4.17852  2.67924  2.79898  2.58122  2.78293  2.59916  6.00416  4.59679    112 e - - -
          2.68618  4.42225  2.77519  2.73123  3.46354  2.40513  3.72494  3.29354  2.67741  2.69355  4.24690  2.90347  2.73739  3.18146  2.89801  2.37887  2.77519  2.98518  4.58477  3.61503
          0.00660  5.41928  6.14163  0.61958  0.77255  0.50675  0.92244
    113   3.08224  5.11363  5.54999  5.12373  3.04266  5.01745  4.57813  3.95868  4.90332  3.44601  4.60885  4.94772  5.40113  4.97310  4.94102  4.25994  4.34826  3.68405  0.41215  2.72937    113 W - - -
          2.68618  4.42225  2.77519  2.73123  3.46354  2.40513  3.72494  3.29354  2.67741  2.69355  4.24690  2.90347  2.73739  3.18146  2.89801  2.37887  2.77519  2.98518  4.58477  3.61503
          0.00660  5.41928  6.14163  0.61958  0.77255  0.50675  0.92244
    114   3.09027  4.53970  5.13225  4.51720  2.51030  4.33793  3.23258  2.23016  4.30215  1.12161  2.73352  4.50071  4.69822  4.42934  4.30845  3.64989  3.39882  2.11087  4.97666  3.02769    114 l - - -
          2.68618  4.42225  2.77519  2.73123  3.46354  2.40513  3.72494  3.29354  2.67741  2.69355  4.24690  2.90347  2.73739  3.18146  2.89801  2.37887  2.77519  2.98518  4.58477  3.61503
          0.00660  5.41928  6.14163  0.61958  0.77255  0.50675  0.92244
    115   3.22391  5.51428  3.75560  3.09380  5.18990  4.02489  4.14150  4.41469  0.88703  4.05819  4.84458  3.50412  4.52125  3.24071  1.57310  2.93445  3.58326  3.88575  6.14248  4.84333    115 k - - -
          2.68618  4.42225  2.77519  2.73123  3.46354  2.40513  3.72494  3.29354  2.67741  2.69355  4.24690  2.90347  2.73739  3.18146  2.89801  2.37887  2.77519  2.98518  4.58477  3.61503
          0.00660  5.41928  6.14163  0.61958  0.77255  0.50675  0.92244
    116   3.91697  6.10759  4.43069  3.63343  5.63227  4.54716  4.21232  4.73629  1.76186  3.18223  5.16729  3.89644  4.87386  2.40497  0.68907  3.88622  3.95251  4.17707  6.31468  5.16574    116 R - - -
          2.68618  4.42225  2.77519  2.73123  3.46354  2.40513  3.72494  3.29354  2.67741  2.69355  4.24690  2.90347  2.73739  3.18146  2.89801  2.37887  2.77519  2.98518  4.58477  3.61503
          0.00660  5.41928  6.14163  0.61958  0.77255  0.50675  0.92244
    117   2.53983  4.17847  5.10758  4.49343  1.24873  4.32260  4.50483  2.52642  4.28063  2.10017  2.82548  4.48153  4.68479  4.41183  4.29152  3.63384  3.34076  2.68432  5.14478  2.12367    117 f - - -
          2.68618  4.42225  2.77519  2.73123  3.46354  2.40513  3.72494  3.29354  2.67741  2.69355  4.24690  2.90347  2.73739  3.18146  2.89801  2.37887  2.77519  2.98518  4.58477  3.61503
          0.00660  5.41928  6.14163  0.61958  0.77255  0.50675  0.92244
    118   0.93724  3.82373  4.63662  3.94104  3.74782  3.99187  4.57631  2.92208  3.93243  2.76797  3.51883  4.24461  4.61687  4.14972  4.10768  2.61327  2.88359  2.03147  5.25718  4.06643    118 a - - -
          2.68618  4.42225  2.77519  2.73123  3.46354  2.40513  3.72494  3.29354  2.67741  2.69355  4.24690  2.90347  2.73739  3.18146  2.89801  2.37887  2.77519  2.98518  4.58477  3.61503
          0.00884  5.41928  5.43348  0.61958  0.77255  0.50675  0.92244
    119   2.58738  5.58183  2.22705  1.51891  4.92736  3.77606  3.95101  4.12810  2.51449  3.79451  4.62238  3.01185  4.04403  2.18179  2.57086  2.76001  3.21267  3.13632  6.01421  4.60297    119 e - - -
          2.68618  4.42225  2.77519  2.73123  3.46354  2.40513  3.72494  3.29354  2.67741  2.69355  4.24690  2.90347  2.73739  3.18146  2.89801  2.37887  2.77519  2.98518  4.58477  3.61503
          0.01073  5.41706  5.07719  0.61958  0.77255  0.51601  0.90856
    120   1.10244  4.79557  4.28288  3.72588  4.01763  1.96007  4.53871  2.66754  3.66099  3.09907  3.74193  4.03710  4.55093  3.93774  3.90392  2.58660  2.77897  2.73373  5.48542  4.27178    120 a - - -
          2.68618  4.42225  2.77519  2.73123  3.46354  2.40513  3.72494  3.29354  2.67741  2.69355  4.24690  2.90347  2.73739  3.18146  2.89801  2.37887  2.77519  2.98518  4.58477  3.61503
          0.00665  5.41297  6.13532  0.61958  0.77255  0.53281  0.88419
    121   2.96934  4.44490  3.92874  2.45711  2.43775  3.88177  4.26553  2.53906  3.43940  1.85500  2.44528  3.80587  4.57213  3.69837  3.07884  3.41746  2.96956  2.31524  5.08429  2.76509    121 l - - -
          2.68618  4.42225  2.77519  2.73123  3.46354  2.40513  3.72494  3.29354  2.67741  2.69355  4.24690  2.90347  2.73739  3.18146  2.89801  2.37887  2.77519  2.98518  4.58477  3.61503
          0.02710  5.41297  3.80411  0.61958  0.77255  0.51470  0.91051
    122   2.86930  3.98157  4.19316  3.80990  2.91358  3.76195  4.42334  1.80516  3.65224  1.20504  3.18674  4.14251  4.38512  3.90865  3.82209  3.45697  3.32800  2.47507  4.75636  3.32321    122 l - - -
          2.68618  4.42225  2.77519  2.73123  3.46354  2.40513  3.72494  3.29354  2.67741  2.69355  4.24690  2.90347  2.73739  3.18146  2.89801  2.37887  2.77519  2.98518  4.58477  3.61503
          0.02925  5.39534  3.71776  0.61958  0.77255  0.55133  0.85845
    123   2.62285  5.56073  2.68386  1.86956  4.36293  2.72974  3.76564  4.07245  1.70024  3.65462  4.49704  3.06808  3.24373  2.84236  2.92477  2.60913  3.08093  3.49532  5.17193  4.58261    123 k - - -
          2.68618  4.42225  2.77519  2.73123  3.46354  2.40513  3.72494  3.29354  2.67741  2.69355  4.24690  2.90347  2.73739  3.18146  2.89801  2.37887  2.77519  2.98518  4.58477  3.61503
          0.03393  5.37938  3.54918  0.61958  0.77255  0.65424  0.73363
    124   2.65372  5.15243  2.34970  2.09672  4.87982  2.23158  3.95157  3.42772  2.14374  3.56786  4.45293  3.04161  3.71416  2.85167  2.94795  2.63736  2.85599  2.85580  5.97308  4.56426    124 e - - -
          2.68618  4.42225  2.77519  2.73123  3.46354  2.40513  3.72494  3.29354  2.67741  2.69355  4.24690  2.90347  2.73739  3.18146  2.89801  2.37887  2.77519  2.98518  4.58477  3.61503
          0.05878  5.35040  2.94992  0.61958  0.77255  0.64550  0.74318
    125   2.74538  5.53072  2.11350  1.50475  4.87655  2.93641  3.92395  4.27925  2.36642  3.77732  4.46656  2.95736  3.38234  2.76402  2.98160  2.60205  2.90959  3.68785  5.96293  4.55147    125 e - - -
          2.68618  4.42225  2.77519  2.73123  3.46354  2.40513  3.72494  3.29354  2.67741  2.69355  4.24690  2.90347  2.73739  3.18146  2.89801  2.37887  2.77519  2.98518  4.58477  3.61503
          0.11340  5.31429  2.27994  0.61958  0.77255  0.84369  0.56233
    126   2.37264  5.48015  2.47969  1.71198  4.82596  2.78973  3.72348  4.24828  2.18834  3.74820  4.52064  2.85540  3.34326  2.81489  2.88569  2.45493  3.05947  3.55044  5.91238  4.50094    126 e - - -
          2.68618  4.42225  2.77519  2.73123  3.46354  2.40513  3.72494  3.29354  2.67741  2.69355  4.24690  2.90347  2.73739  3.18146  2.89801  2.37887  2.77519  2.98518  4.58477  3.61503
          0.10950  5.20904  2.32021  0.61958  0.77255  1.04646  0.43260
    127   2.33323  5.43523  2.56595  2.02043  4.77997  2.47166  3.78926  4.01173  2.25665  3.74037  4.47600  2.78798  3.69977  2.72812  3.01863  2.39365  2.50675  3.57207  5.86810  4.45731    127 e - - -
          2.68618  4.42225  2.77519  2.73123  3.46354  2.40513  3.72494  3.29354  2.67741  2.69355  4.24690  2.90347  2.73739  3.18146  2.89801  2.37887  2.77519  2.98518  4.58477  3.61503
          0.19817  5.11571  1.75001  0.61958  0.77255  1.20254  0.35729
    128   2.55145  5.35940  2.35782  2.06695  4.70376  2.47111  3.68808  4.18926  2.34403  3.53122  4.22634  2.45555  3.91628  2.73189  2.71577  2.55680  2.73497  3.58983  5.79248  4.38190    128 e - - -
          2.68618  4.42225  2.77519  2.73123  3.46354  2.40513  3.72494  3.29354  2.67741  2.69355  4.24690  2.90347  2.73739  3.18146  2.89801  2.37887  2.77519  2.98518  4.58477  3.61503
          0.00723  4.93374        *  0.61958  0.77255  0.00000        *
//
