HMMER3/f [3.2.1 | June 2018]
NAME  CRISPR-CAS_Cas6f
LENG  187
ALPH  amino
RF    no
MM    no
CONS  yes
CS    no
MAP   yes
DATE  Fri Jun 18 18:43:54 2021
NSEQ  500
EFFN  4.329681
CKSUM 1597176928
STATS LOCAL MSV      -10.2608  0.70619
STATS LOCAL VITERBI  -10.9866  0.70619
STATS LOCAL FORWARD   -4.8223  0.70619
HMM          A        C        D        E        F        G        H        I        K        L        M        N        P        Q        R        S        T        V        W        Y   
            m->m     m->i     m->d     i->m     i->i     d->m     d->d
  COMPO   2.57587  4.52190  3.10908  2.65052  3.18175  3.06157  3.49814  2.91167  2.62453  2.45528  3.68250  3.12023  3.24991  2.90605  2.77264  2.56774  2.89067  2.72617  4.76201  3.35329
          2.68618  4.42225  2.77519  2.73123  3.46354  2.40513  3.72494  3.29354  2.67741  2.69355  4.24690  2.90347  2.73739  3.18146  2.89801  2.37887  2.77519  2.98518  4.58477  3.61503
          0.04000  5.22123  3.38705  0.61958  0.77255  0.00000        *
      1   2.68500  4.69023  3.47908  2.92412  3.73387  3.82557  3.99236  3.44132  2.69533  2.78340  1.32809  3.20843  3.30383  2.98898  3.34007  2.93271  2.83373  3.15703  5.45905  3.65971      1 m - - -
          2.68618  4.42225  2.77519  2.73123  3.46354  2.40513  3.72494  3.29354  2.67741  2.69355  4.24690  2.90347  2.73739  3.18146  2.89801  2.37887  2.77519  2.98518  4.58477  3.61503
          0.01019  5.18955  5.38940  0.61958  0.77255  0.55166  0.85800
      2   2.92928  5.46429  2.02815  2.56625  4.80629  3.56038  3.80887  4.05709  2.04437  3.36241  4.07936  2.26446  4.12930  2.79539  2.25296  2.64134  2.64315  3.85328  4.34696  4.26162      2 d - - -
          2.68618  4.42225  2.77519  2.73123  3.46354  2.40513  3.72494  3.29354  2.67741  2.69355  4.24690  2.90347  2.73739  3.18146  2.89801  2.37887  2.77519  2.98518  4.58477  3.61503
          0.00827  5.19471  5.91705  0.61958  0.77255  0.57385  0.82862
      3   2.74826  4.14811  4.10978  3.68223  2.58318  4.06568  1.95274  2.98453  3.40178  2.73734  3.65060  3.87438  4.43819  3.76559  3.68724  2.92340  3.10866  2.58097  4.45156  1.59518      3 y - - -
          2.68618  4.42225  2.77519  2.73123  3.46354  2.40513  3.72494  3.29354  2.67741  2.69355  4.24690  2.90347  2.73739  3.18146  2.89801  2.37887  2.77519  2.98518  4.58477  3.61503
          0.00827  5.19471  5.91705  0.61958  0.77255  0.57385  0.82862
      4   4.94288  5.20315  5.90337  5.76969  2.04770  5.52375  4.12073  4.65426  5.55045  3.89197  5.19856  5.13229  5.81238  5.28861  5.40381  3.91445  5.15946  4.56425  4.39130  0.32023      4 Y - - -
          2.68618  4.42225  2.77519  2.73123  3.46354  2.40513  3.72494  3.29354  2.67741  2.69355  4.24690  2.90347  2.73739  3.18146  2.89801  2.37887  2.77519  2.98518  4.58477  3.61503
          0.00827  5.19471  5.91705  0.61958  0.77255  0.57385  0.82862
      5   2.86871  3.84104  4.81316  4.20821  2.10101  4.15981  4.40843  1.76680  3.63299  1.78621  3.43239  4.26827  4.52500  2.22917  3.83770  3.42329  3.24070  2.32454  5.02864  3.84877      5 i - - -
          2.68618  4.42225  2.77519  2.73123  3.46354  2.40513  3.72494  3.29354  2.67741  2.69355  4.24690  2.90347  2.73739  3.18146  2.89801  2.37887  2.77519  2.98518  4.58477  3.61503
          0.00827  5.19471  5.91705  0.61958  0.77255  0.57385  0.82862
      6   2.85236  4.96095  1.56632  1.58348  4.74562  3.63364  3.93350  3.97975  2.65456  3.45971  4.16930  3.03376  4.13706  2.97099  3.16599  2.75722  2.78364  3.60760  5.58053  4.07984      6 d - - -
          2.68618  4.42225  2.77519  2.73123  3.46354  2.40513  3.72494  3.29354  2.67741  2.69355  4.24690  2.90347  2.73739  3.18146  2.89801  2.37887  2.77519  2.98518  4.58477  3.61503
          0.00827  5.19471  5.91705  0.61958  0.77255  0.57385  0.82862
      7   3.36699  4.94897  5.69270  5.13264  3.46728  5.03912  5.46866  0.74425  4.98219  1.78611  3.65139  5.19835  5.30282  5.09728  5.02090  4.39531  3.91233  1.82818  5.82728  4.37936      7 i - - -
          2.68618  4.42225  2.77519  2.73123  3.46354  2.40513  3.72494  3.29354  2.67741  2.69355  4.24690  2.90347  2.73739  3.18146  2.89801  2.37887  2.77519  2.98518  4.58477  3.61503
          0.00827  5.19471  5.91705  0.61958  0.77255  0.57385  0.82862
      8   2.90109  5.20742  3.04462  2.52219  4.77225  3.74177  3.42489  3.83794  2.23007  3.46053  4.48476  3.12596  4.13483  2.71577  1.88288  2.72002  1.67362  3.52678  5.88095  4.47881      8 t - - -
          2.68618  4.42225  2.77519  2.73123  3.46354  2.40513  3.72494  3.29354  2.67741  2.69355  4.24690  2.90347  2.73739  3.18146  2.89801  2.37887  2.77519  2.98518  4.58477  3.61503
          0.00827  5.19471  5.91705  0.61958  0.77255  0.57385  0.82862
      9   2.68684  4.08734  4.97252  4.35819  2.71013  4.18714  4.52070  2.10789  4.14547  1.27347  3.40060  4.34662  3.85399  4.27808  4.15692  3.42213  3.24961  1.94305  5.01592  2.69932      9 l - - -
          2.68618  4.42225  2.77519  2.73123  3.46354  2.40513  3.72494  3.29354  2.67741  2.69355  4.24690  2.90347  2.73739  3.18146  2.89801  2.37887  2.77519  2.98518  4.58477  3.61503
          0.01428  5.19471  4.75219  0.61958  0.77255  0.57385  0.82862
     10   2.94419  4.57112  4.15316  3.40143  3.50922  3.85430  4.07606  2.13801  2.95606  1.25672  3.35946  3.46613  3.92032  3.43993  2.85109  3.16294  3.16867  2.59454  5.02615  3.72526     10 l - - -
          2.68618  4.42225  2.77519  2.73123  3.46354  2.40513  3.72494  3.29354  2.67741  2.69355  4.24690  2.90347  2.73739  3.18146  2.89801  2.37887  2.77519  2.98518  4.58477  3.61503
          0.03451  5.18875  3.56325  0.61958  0.77255  0.55977  0.84709
     11   2.75449  5.38070  2.88776  2.48282  4.69092  3.33230  3.77810  4.01714  2.57157  3.57681  4.35719  3.14839  1.20098  2.96194  3.10533  2.80471  3.16914  3.61528  5.83460  4.08377     11 p - - -
          2.68618  4.42225  2.77519  2.73123  3.46354  2.40513  3.72494  3.29354  2.67741  2.69355  4.24690  2.90347  2.73739  3.18146  2.89801  2.37887  2.77519  2.98518  4.58477  3.61503
          0.02665  5.16889  3.88229  0.61958  0.77255  0.62947  0.76115
     12   2.70531  5.45161  1.44550  2.28418  4.62004  3.25864  3.86182  4.27987  2.53449  3.63846  4.36662  2.57637  4.11175  2.57893  3.01845  2.50303  2.99749  3.64313  5.88524  4.41805     12 d - - -
          2.68618  4.42225  2.77519  2.73123  3.46354  2.40513  3.72494  3.29354  2.67741  2.69355  4.24690  2.90347  2.73739  3.18146  2.89801  2.37887  2.77519  2.98518  4.58477  3.61503
          0.01030  5.15492  5.40957  0.61958  0.77255  0.67578  0.71082
     13   2.13451  4.99122  2.59396  2.36505  4.75099  3.44493  3.49654  3.76618  2.60278  3.42384  4.12014  2.92033  2.05845  2.67787  2.78001  2.68024  3.00220  3.32307  5.86135  3.91627     13 p - - -
          2.68618  4.42225  2.77519  2.73123  3.46354  2.40513  3.72494  3.29354  2.67741  2.69355  4.24690  2.90347  2.73739  3.18146  2.89801  2.37887  2.77519  2.98518  4.58477  3.61503
          0.17364  5.15579  1.87318  0.61958  0.77255  0.67805  0.70848
     14   2.88494  5.55121  1.88740  1.15647  4.88313  3.32919  3.84050  4.37538  2.67213  3.72366  4.60312  3.12002  4.13705  2.96822  3.12104  2.79788  3.11573  3.93626  5.98436  4.55540     14 e - - -
          2.68618  4.42225  2.77519  2.73123  3.46354  2.40513  3.72494  3.29354  2.67741  2.69355  4.24690  2.90347  2.73739  3.18146  2.89801  2.37887  2.77519  2.98518  4.58477  3.61503
          0.01855  4.99425  4.45627  0.61958  0.77255  0.33432  1.25816
     15   2.28021  3.69471  4.45562  3.80011  2.10669  3.99952  4.47835  1.70583  3.82430  2.24081  2.80005  3.96937  4.34906  4.06136  3.55904  3.07806  2.92337  2.20002  5.02141  3.80512     15 i - - -
          2.68618  4.42225  2.77519  2.73123  3.46354  2.40513  3.72494  3.29354  2.67741  2.69355  4.24690  2.90347  2.73739  3.18146  2.89801  2.37887  2.77519  2.98518  4.58477  3.61503
          0.00836  5.18484  5.90719  0.61958  0.77255  0.58019  0.82051
     16   2.49487  5.29748  2.39931  2.58548  4.80083  2.91352  3.82341  4.03750  2.49760  3.43531  4.44127  2.48278  2.59599  2.90933  2.86036  1.94132  2.74195  3.64012  5.89477  4.48621     16 s - - -
          2.68618  4.42225  2.77519  2.73123  3.46354  2.40513  3.72494  3.29354  2.67741  2.69355  4.24690  2.90347  2.73739  3.18146  2.89801  2.37887  2.77519  2.98518  4.58477  3.61503
          0.00832  5.18924  5.91158  0.61958  0.77255  0.59082  0.80715
     17   2.32588  3.80904  3.48738  2.36815  3.67090  3.53662  3.61505  3.06464  2.95554  2.07521  3.77718  2.82669  2.85598  2.79395  3.37000  2.76791  2.90568  2.71114  5.31413  3.64526     17 l - - -
          2.68618  4.42225  2.77519  2.73123  3.46354  2.40513  3.72494  3.29354  2.67741  2.69355  4.24690  2.90347  2.73739  3.18146  2.89801  2.37887  2.77519  2.98518  4.58477  3.61503
          0.00832  5.18924  5.91158  0.61958  0.77255  0.59082  0.80715
     18   2.28407  5.20599  3.11761  2.22658  4.16456  2.67517  3.09767  4.21509  2.67389  3.68065  4.25277  2.68374  2.64797  2.91628  2.84987  2.43528  2.74400  3.44630  5.35173  3.03367     18 e - - -
          2.68618  4.42225  2.77519  2.73123  3.46354  2.40513  3.72494  3.29354  2.67741  2.69355  4.24690  2.90347  2.73739  3.18146  2.89801  2.37887  2.77519  2.98518  4.58477  3.61503
          0.00832  5.18924  5.91158  0.61958  0.77255  0.53245  0.88470
     19   2.61582  4.74226  3.34817  2.72505  1.91409  3.81630  3.18716  2.86930  3.17735  2.14592  3.07761  3.62576  4.29255  2.87606  3.29009  2.92826  2.96445  2.47162  5.31980  4.07946     19 f - - -
          2.68618  4.42225  2.77519  2.73123  3.46354  2.40513  3.72494  3.29354  2.67741  2.69355  4.24690  2.90347  2.73739  3.18146  2.89801  2.37887  2.77519  2.98518  4.58477  3.61503
          0.00823  5.20003  5.92238  0.61958  0.77255  0.54084  0.87289
     20   2.93946  4.40609  4.87478  4.26639  3.42565  4.05710  4.50088  2.09565  4.07321  0.92334  3.29643  4.04491  4.53740  3.83618  3.99044  3.26879  3.19802  2.32347  4.83945  3.68614     20 l - - -
          2.68618  4.42225  2.77519  2.73123  3.46354  2.40513  3.72494  3.29354  2.67741  2.69355  4.24690  2.90347  2.73739  3.18146  2.89801  2.37887  2.77519  2.98518  4.58477  3.61503
          0.00821  5.20293  5.92528  0.61958  0.77255  0.54761  0.86353
     21   2.20236  4.31483  4.81617  4.21125  3.28916  3.99992  4.48772  2.57058  4.03003  1.93239  2.04370  4.27129  4.22775  4.19098  3.05616  3.09220  3.10866  2.45397  2.04255  3.85192     21 l - - -
          2.68618  4.42225  2.77519  2.73123  3.46354  2.40513  3.72494  3.29354  2.67741  2.69355  4.24690  2.90347  2.73739  3.18146  2.89801  2.37887  2.77519  2.98518  4.58477  3.61503
          0.00821  5.20293  5.92528  0.61958  0.77255  0.54761  0.86353
     22   2.38497  5.24612  3.14548  2.52242  4.62239  2.01654  3.68544  4.01746  2.65427  3.74939  4.49284  2.18854  4.13724  2.57830  3.05637  1.87125  3.05629  3.83346  5.88871  4.43786     22 s - - -
          2.68618  4.42225  2.77519  2.73123  3.46354  2.40513  3.72494  3.29354  2.67741  2.69355  4.24690  2.90347  2.73739  3.18146  2.89801  2.37887  2.77519  2.98518  4.58477  3.61503
          0.00821  5.20293  5.92528  0.61958  0.77255  0.54761  0.86353
     23   1.98759  5.44376  3.22943  2.59321  4.48778  3.68073  3.56759  4.00333  1.59531  3.63676  4.14695  2.86560  4.13891  2.66557  2.09515  2.87685  2.97796  3.60468  5.88434  4.29192     23 k - - -
          2.68618  4.42225  2.77519  2.73123  3.46354  2.40513  3.72494  3.29354  2.67741  2.69355  4.24690  2.90347  2.73739  3.18146  2.89801  2.37887  2.77519  2.98518  4.58477  3.61503
          0.00821  5.20293  5.92528  0.61958  0.77255  0.54761  0.86353
     24   2.70545  2.35599  5.00462  4.39266  3.41140  4.00984  4.56263  2.23753  4.18241  1.40141  3.28832  4.38385  4.58609  4.31690  4.19616  3.48711  3.23342  1.60808  5.05716  3.71078     24 l - - -
          2.68618  4.42225  2.77519  2.73123  3.46354  2.40513  3.72494  3.29354  2.67741  2.69355  4.24690  2.90347  2.73739  3.18146  2.89801  2.37887  2.77519  2.98518  4.58477  3.61503
          0.00821  5.20293  5.92528  0.61958  0.77255  0.54761  0.86353
     25   3.01580  4.25001  5.00587  4.39229  1.86865  4.21128  4.41578  2.05424  4.17678  2.05291  2.66316  4.37227  4.57237  4.30345  4.18246  3.52332  3.27381  2.41008  3.92796  1.79460     25 y - - -
          2.68618  4.42225  2.77519  2.73123  3.46354  2.40513  3.72494  3.29354  2.67741  2.69355  4.24690  2.90347  2.73739  3.18146  2.89801  2.37887  2.77519  2.98518  4.58477  3.61503
          0.00821  5.20293  5.92528  0.61958  0.77255  0.54761  0.86353
     26   2.24521  5.34950  3.01796  2.54253  4.79288  3.18784  3.63055  4.05691  2.39313  3.48946  3.82905  2.90757  4.06006  2.12277  2.83387  2.14585  2.29347  3.76623  5.89365  3.48308     26 q - - -
          2.68618  4.42225  2.77519  2.73123  3.46354  2.40513  3.72494  3.29354  2.67741  2.69355  4.24690  2.90347  2.73739  3.18146  2.89801  2.37887  2.77519  2.98518  4.58477  3.61503
          0.00821  5.20293  5.92528  0.61958  0.77255  0.54761  0.86353
     27   2.60751  5.18214  3.26418  2.57154  4.66318  3.70893  3.73156  2.96179  1.73129  3.29556  4.28935  3.14779  4.09738  1.76614  2.76863  2.83176  3.00464  2.95579  5.81396  4.44063     27 k - - -
          2.68618  4.42225  2.77519  2.73123  3.46354  2.40513  3.72494  3.29354  2.67741  2.69355  4.24690  2.90347  2.73739  3.18146  2.89801  2.37887  2.77519  2.98518  4.58477  3.61503
          0.00821  5.20293  5.92528  0.61958  0.77255  0.54761  0.86353
     28   3.32358  4.67349  5.28817  4.67625  2.88759  4.52012  4.84757  2.11493  4.47101  0.84944  2.73130  4.68366  4.83781  4.55915  4.46724  3.72388  3.43993  2.12762  4.56685  4.12743     28 l - - -
          2.68618  4.42225  2.77519  2.73123  3.46354  2.40513  3.72494  3.29354  2.67741  2.69355  4.24690  2.90347  2.73739  3.18146  2.89801  2.37887  2.77519  2.98518  4.58477  3.61503
          0.00821  5.20293  5.92528  0.61958  0.77255  0.54761  0.86353
     29   3.92902  5.93669  3.58431  3.28457  3.83668  4.32354  0.38654  4.82374  3.50677  4.27531  5.29215  3.68696  4.90951  4.01699  3.79346  3.91759  4.22927  4.51823  5.58511  3.95119     29 H - - -
          2.68618  4.42225  2.77519  2.73123  3.46354  2.40513  3.72494  3.29354  2.67741  2.69355  4.24690  2.90347  2.73739  3.18146  2.89801  2.37887  2.77519  2.98518  4.58477  3.61503
          0.00821  5.20293  5.92528  0.61958  0.77255  0.54761  0.86353
     30   2.76035  5.06908  3.40323  2.89210  4.12795  2.31573  3.73777  2.49874  2.36433  2.09319  3.95465  3.32049  3.87769  2.89718  2.14701  2.93627  3.18559  3.21574  5.59248  4.05550     30 l - - -
          2.68618  4.42225  2.77519  2.73123  3.46354  2.40513  3.72494  3.29354  2.67741  2.69355  4.24690  2.90347  2.73739  3.18146  2.89801  2.37887  2.77519  2.98518  4.58477  3.61503
          0.00821  5.20293  5.92528  0.61958  0.77255  0.54761  0.86353
     31   1.34180  3.99342  4.50119  3.68133  2.41356  3.18064  4.06005  2.48682  3.55834  2.56184  3.49738  4.10783  4.48368  3.73741  3.47116  3.20781  2.99842  2.26216  4.88410  3.44617     31 a - - -
          2.68618  4.42225  2.77519  2.73123  3.46354  2.40513  3.72494  3.29354  2.67741  2.69355  4.24690  2.90347  2.73739  3.18146  2.89801  2.37887  2.77519  2.98518  4.58477  3.61503
          0.00821  5.20293  5.92528  0.61958  0.77255  0.52621  0.89365
     32   2.85633  4.06323  4.89430  4.28475  2.19737  4.17590  4.50485  2.55110  4.08808  1.01279  2.90529  3.83895  4.25526  3.92084  4.04506  3.22563  3.24817  2.65127  5.02435  3.68509     32 l - - -
          2.68618  4.42225  2.77519  2.73123  3.46354  2.40513  3.72494  3.29354  2.67741  2.69355  4.24690  2.90347  2.73739  3.18146  2.89801  2.37887  2.77519  2.98518  4.58477  3.61503
          0.00817  5.20678  5.92912  0.61958  0.77255  0.53502  0.88106
     33   2.13769  3.87792  3.75171  3.27014  3.50618  3.36308  3.73500  3.17023  2.75814  2.87230  3.74165  3.60652  3.64953  3.49086  2.92360  2.61173  2.92978  1.50579  5.17266  3.38111     33 v - - -
          2.68618  4.42225  2.77519  2.73123  3.46354  2.40513  3.72494  3.29354  2.67741  2.69355  4.24690  2.90347  2.73739  3.18146  2.89801  2.37887  2.77519  2.98518  4.58477  3.61503
          0.00817  5.20678  5.92912  0.61958  0.77255  0.53502  0.88106
     34   2.42298  5.47845  2.37781  1.75648  4.30223  3.47975  3.44756  4.14039  2.24693  3.62271  4.34963  2.65694  4.13334  2.44072  2.76375  2.56910  2.89705  3.80030  5.91076  4.49942     34 e - - -
          2.68618  4.42225  2.77519  2.73123  3.46354  2.40513  3.72494  3.29354  2.67741  2.69355  4.24690  2.90347  2.73739  3.18146  2.89801  2.37887  2.77519  2.98518  4.58477  3.61503
          0.02904  5.20678  3.76615  0.61958  0.77255  0.52951  0.88890
     35   2.69353  4.86932  3.44087  2.81449  3.36352  3.66182  2.69121  3.01498  2.77457  2.19771  3.14250  2.38693  4.23982  2.66861  2.79249  2.91111  2.90929  2.85946  5.51794  3.44922     35 l - - -
          2.68618  4.42225  2.77519  2.73123  3.46354  2.40513  3.72494  3.29354  2.67741  2.69355  4.24690  2.90347  2.73739  3.18146  2.89801  2.37887  2.77519  2.98518  4.58477  3.61503
          0.00833  5.18825  5.91060  0.61958  0.77255  0.59740  0.79904
     36   2.59142  5.19530  3.00030  2.25949  4.81441  2.82832  3.55423  4.17347  1.77139  3.64439  4.30569  2.84864  2.81464  2.30236  2.77376  2.58635  3.01682  3.70313  5.90156  4.38325     36 k - - -
          2.68618  4.42225  2.77519  2.73123  3.46354  2.40513  3.72494  3.29354  2.67741  2.69355  4.24690  2.90347  2.73739  3.18146  2.89801  2.37887  2.77519  2.98518  4.58477  3.61503
          0.15967  5.18825  1.95200  0.61958  0.77255  0.51115  0.91581
     37   2.46570  4.79149  2.95548  2.32246  4.70208  3.47156  3.45687  2.86999  2.16978  3.37112  3.62234  2.74374  3.78868  2.42669  2.70333  2.43166  2.60347  3.51292  5.81490  4.13181     37 k - - -
          2.68618  4.42225  2.77519  2.73123  3.46354  2.40513  3.72494  3.29354  2.67741  2.69355  4.24690  2.90347  2.73739  3.18146  2.89801  2.37887  2.77519  2.98518  4.58477  3.61503
          0.01928  5.05700  4.36405  0.61958  0.77255  0.37472  1.16309
     38   2.75329  4.56877  2.63228  2.46066  4.56594  2.30482  3.59945  3.23020  2.52954  3.50231  4.47074  2.44565  4.03763  2.76777  2.89380  2.18292  2.72560  2.96694  5.86885  4.17923     38 s - - -
          2.68618  4.42225  2.77519  2.73123  3.46354  2.40513  3.72494  3.29354  2.67741  2.69355  4.24690  2.90347  2.73739  3.18146  2.89801  2.37887  2.77519  2.98518  4.58477  3.61503
          0.00834  5.18644  5.90879  0.61958  0.77255  0.48085  0.96301
     39   2.45827  5.21397  2.31945  2.50687  4.74351  3.02184  3.52386  4.20790  2.42656  3.67677  4.51991  2.46274  2.80200  2.65707  2.42432  2.31289  2.77226  3.77565  5.91178  4.50056     39 s - - -
          2.68618  4.42225  2.77519  2.73123  3.46354  2.40513  3.72494  3.29354  2.67741  2.69355  4.24690  2.90347  2.73739  3.18146  2.89801  2.37887  2.77519  2.98518  4.58477  3.61503
          0.00815  5.20967  5.93202  0.61958  0.77255  0.52921  0.88933
     40   3.06847  4.02663  5.05365  4.44395  2.57858  4.27586  4.61587  1.07205  4.23528  2.42673  3.45386  4.43576  4.29742  4.36870  4.24881  3.59019  3.29715  1.84649  5.10398  2.80859     40 i - - -
          2.68618  4.42225  2.77519  2.73123  3.46354  2.40513  3.72494  3.29354  2.67741  2.69355  4.24690  2.90347  2.73739  3.18146  2.89801  2.37887  2.77519  2.98518  4.58477  3.61503
          0.00815  5.20967  5.93202  0.61958  0.77255  0.52921  0.88933
     41   1.33553  4.38530  5.19815  4.99313  4.59867  0.59931  5.65985  4.86345  4.91155  4.60959  5.41429  4.55776  4.60329  5.07016  5.01273  3.24534  3.58991  4.15648  6.83266  5.73058     41 G - - -
          2.68618  4.42225  2.77519  2.73123  3.46354  2.40513  3.72494  3.29354  2.67741  2.69355  4.24690  2.90347  2.73739  3.18146  2.89801  2.37887  2.77519  2.98518  4.58477  3.61503
          0.00815  5.20967  5.93202  0.61958  0.77255  0.52921  0.88933
     42   3.48387  5.02235  5.87624  5.36567  3.83543  5.30038  5.87501  1.50528  5.26301  1.91550  4.09712  5.46215  5.55066  5.45503  5.36009  4.50597  4.04374  0.73238  6.23803  5.04650     42 v - - -
          2.68618  4.42225  2.77519  2.73123  3.46354  2.40513  3.72494  3.29354  2.67741  2.69355  4.24690  2.90347  2.73739  3.18146  2.89801  2.37887  2.77519  2.98518  4.58477  3.61503
          0.00815  5.20967  5.93202  0.61958  0.77255  0.52921  0.88933
     43   1.72505  4.06676  3.63715  3.59148  4.88438  2.80463  4.68024  4.14632  3.57604  3.95154  4.75985  3.82800  4.41725  3.88859  3.97104  0.80989  2.96969  3.76096  6.19469  4.93754     43 s - - -
          2.68618  4.42225  2.77519  2.73123  3.46354  2.40513  3.72494  3.29354  2.67741  2.69355  4.24690  2.90347  2.73739  3.18146  2.89801  2.37887  2.77519  2.98518  4.58477  3.61503
          0.01652  5.20967  4.51672  0.61958  0.77255  0.52921  0.88933
     44   4.24037  5.46541  5.87454  5.43621  0.48482  5.31700  4.78380  2.94576  5.24331  1.98224  3.90856  5.23608  5.52735  5.12921  5.16999  4.67641  4.45040  3.34502  4.58199  3.16856     44 F - - -
          2.68618  4.42225  2.77519  2.73123  3.46354  2.40513  3.72494  3.29354  2.67741  2.69355  4.24690  2.90347  2.73739  3.18146  2.89801  2.37887  2.77519  2.98518  4.58477  3.61503
          0.00822  5.20136  5.92371  0.61958  0.77255  0.55638  0.85163
     45   3.32592  5.23303  3.85228  3.20172  4.69857  4.01967  4.71813  3.73555  3.51426  3.38445  4.70381  3.96340  0.49577  3.98041  3.80835  3.42635  3.69728  3.58759  6.11141  4.81941     45 P - - -
          2.68618  4.42225  2.77519  2.73123  3.46354  2.40513  3.72494  3.29354  2.67741  2.69355  4.24690  2.90347  2.73739  3.18146  2.89801  2.37887  2.77519  2.98518  4.58477  3.61503
          0.00822  5.20136  5.92371  0.61958  0.77255  0.55638  0.85163
     46   2.53335  4.64906  2.25994  1.82551  4.27914  2.84912  3.70506  3.83160  2.25999  3.27560  4.45294  2.71423  4.13146  2.46180  2.73865  2.80229  3.13880  3.78908  5.90543  4.41199     46 e - - -
          2.68618  4.42225  2.77519  2.73123  3.46354  2.40513  3.72494  3.29354  2.67741  2.69355  4.24690  2.90347  2.73739  3.18146  2.89801  2.37887  2.77519  2.98518  4.58477  3.61503
          0.01879  5.20136  4.33464  0.61958  0.77255  0.55638  0.85163
     47   2.65287  4.32725  4.66605  3.92384  2.87036  3.96019  3.05765  2.75314  3.91534  2.52192  3.27225  4.14420  4.50301  3.98793  3.78815  3.03300  3.20801  2.44720  2.40178  1.47516     47 y - - -
          2.68618  4.42225  2.77519  2.73123  3.46354  2.40513  3.72494  3.29354  2.67741  2.69355  4.24690  2.90347  2.73739  3.18146  2.89801  2.37887  2.77519  2.98518  4.58477  3.61503
          0.02455  5.19088  3.97996  0.61958  0.77255  0.55167  0.85799
     48   2.83153  3.77776  2.61707  2.52277  4.56692  2.52749  3.46075  4.14880  2.30334  3.52861  4.03651  2.58861  3.77039  2.65843  2.40006  2.25357  2.73508  3.43516  5.23106  4.25704     48 s - - -
          2.68618  4.42225  2.77519  2.73123  3.46354  2.40513  3.72494  3.29354  2.67741  2.69355  4.24690  2.90347  2.73739  3.18146  2.89801  2.37887  2.77519  2.98518  4.58477  3.61503
          0.00838  5.18178  5.90412  0.61958  0.77255  0.61685  0.77575
     49   2.58800  4.69563  2.52437  2.20123  3.83546  3.58068  3.69881  3.43425  2.28892  2.77779  4.00598  2.79497  3.90267  2.60252  2.67247  2.59553  2.89668  3.01479  5.84907  3.49050     49 e - - -
          2.68618  4.42225  2.77519  2.73123  3.46354  2.40513  3.72494  3.29354  2.67741  2.69355  4.24690  2.90347  2.73739  3.18146  2.89801  2.37887  2.77519  2.98518  4.58477  3.61503
          0.43015  5.18178  1.06721  0.61958  0.77255  0.61193  0.78155
     50   2.47205  5.28439  2.53946  2.13775  4.62500  2.77621  3.41125  3.82307  2.13940  3.32642  4.23027  2.63300  3.83260  2.63088  2.66091  2.64420  2.87417  3.42523  5.35078  3.99925     50 e - - -
          2.68618  4.42225  2.77519  2.73123  3.46354  2.40513  3.72494  3.29354  2.67741  2.69355  4.24690  2.90347  2.73739  3.18146  2.89801  2.37887  2.77519  2.98518  4.58477  3.61503
          0.06595  4.76431  2.89518  0.61958  0.77255  1.27442  0.32794
     51   2.27191  5.11218  2.71359  2.05804  4.60293  2.91760  3.67772  3.91840  2.23347  3.42600  4.30709  2.90728  2.86337  2.59945  2.78980  2.51899  2.89489  3.40174  5.70139  4.23199     51 e - - -
          2.68618  4.42225  2.77519  2.73123  3.46354  2.40513  3.72494  3.29354  2.67741  2.69355  4.24690  2.90347  2.73739  3.18146  2.89801  2.37887  2.77519  2.98518  4.58477  3.61503
          0.01777  4.72372  4.74094  0.61958  0.77255  0.49123  0.94642
     52   2.53249  4.69574  2.95414  2.40717  2.89391  2.92429  3.44295  3.81730  2.28672  3.51032  4.33317  2.94351  2.94304  2.74811  2.33090  2.42336  2.89715  3.53543  5.80522  3.96463     52 k - - -
          2.68618  4.42225  2.77519  2.73123  3.46354  2.40513  3.72494  3.29354  2.67741  2.69355  4.24690  2.90347  2.73739  3.18146  2.89801  2.37887  2.77519  2.98518  4.58477  3.61503
          0.01092  5.05206  5.41255  0.61958  0.77255  0.37024  1.17301
     53   2.85856  4.79430  3.06880  2.70200  3.55970  3.05437  3.35663  3.91907  2.32591  3.51728  4.26116  2.87088  2.88217  2.96847  2.70192  2.15386  1.92900  3.38200  5.21052  4.06609     53 t - - -
          2.68618  4.42225  2.77519  2.73123  3.46354  2.40513  3.72494  3.29354  2.67741  2.69355  4.24690  2.90347  2.73739  3.18146  2.89801  2.37887  2.77519  2.98518  4.58477  3.61503
          0.00829  5.19310  5.91545  0.61958  0.77255  0.56581  0.83910
     54   2.92025  4.40385  4.66446  4.23615  3.38540  3.91581  4.36520  2.25607  4.04870  1.04302  3.12672  3.89835  2.95785  4.09998  4.10245  3.40952  3.19554  2.17992  4.48790  3.84446     54 l - - -
          2.68618  4.42225  2.77519  2.73123  3.46354  2.40513  3.72494  3.29354  2.67741  2.69355  4.24690  2.90347  2.73739  3.18146  2.89801  2.37887  2.77519  2.98518  4.58477  3.61503
          0.00827  5.19559  5.91794  0.61958  0.77255  0.57178  0.83131
     55   2.93618  4.64900  3.77227  3.28918  3.49829  0.79989  4.28767  3.47504  3.23509  3.16886  4.04893  3.70111  4.37139  3.33576  3.39634  3.18992  3.19821  3.21798  5.49259  3.84781     55 g - - -
          2.68618  4.42225  2.77519  2.73123  3.46354  2.40513  3.72494  3.29354  2.67741  2.69355  4.24690  2.90347  2.73739  3.18146  2.89801  2.37887  2.77519  2.98518  4.58477  3.61503
          0.00827  5.19559  5.91794  0.61958  0.77255  0.57178  0.83131
     56   2.68558  4.91609  2.31722  2.45189  4.29571  2.75626  3.67548  4.25296  2.42169  3.40652  4.35915  2.06094  3.57806  2.77632  2.62994  2.45298  2.70315  3.65474  5.27649  4.21603     56 n - - -
          2.68618  4.42225  2.77519  2.73123  3.46354  2.40513  3.72494  3.29354  2.67741  2.69355  4.24690  2.90347  2.73739  3.18146  2.89801  2.37887  2.77519  2.98518  4.58477  3.61503
          0.00827  5.19559  5.91794  0.61958  0.77255  0.52492  0.89552
     57   2.79418  4.04330  3.38292  2.68967  4.39718  3.73273  3.52247  2.80747  1.69922  2.99910  4.01504  3.21063  4.19830  2.90493  2.42590  2.66968  2.64094  2.44186  5.66774  4.33553     57 k - - -
          2.68618  4.42225  2.77519  2.73123  3.46354  2.40513  3.72494  3.29354  2.67741  2.69355  4.24690  2.90347  2.73739  3.18146  2.89801  2.37887  2.77519  2.98518  4.58477  3.61503
          0.00819  5.20416  5.92651  0.61958  0.77255  0.54432  0.86806
     58   3.16792  3.83631  5.26985  4.66375  3.08246  4.50549  4.84859  1.53422  4.46181  1.01817  3.05739  4.66912  4.67881  4.56821  4.46682  3.82690  3.52565  2.22988  5.28545  4.05996     58 l - - -
          2.68618  4.42225  2.77519  2.73123  3.46354  2.40513  3.72494  3.29354  2.67741  2.69355  4.24690  2.90347  2.73739  3.18146  2.89801  2.37887  2.77519  2.98518  4.58477  3.61503
          0.00819  5.20416  5.92651  0.61958  0.77255  0.54432  0.86806
     59   2.26725  5.23448  3.52907  3.04918  4.64389  3.47642  4.18057  4.05302  2.88234  3.64478  4.31191  3.52456  4.32568  3.33464  0.83903  3.00057  3.14809  3.61423  5.86196  4.36715     59 r - - -
          2.68618  4.42225  2.77519  2.73123  3.46354  2.40513  3.72494  3.29354  2.67741  2.69355  4.24690  2.90347  2.73739  3.18146  2.89801  2.37887  2.77519  2.98518  4.58477  3.61503
          0.00819  5.20416  5.92651  0.61958  0.77255  0.54432  0.86806
     60   3.26044  4.37321  5.23258  4.62793  2.18597  4.46939  4.81217  1.80794  4.42604  1.14359  3.57837  4.63105  4.80341  4.54124  4.43523  3.58251  3.49226  1.85782  5.26064  3.93733     60 l - - -
          2.68618  4.42225  2.77519  2.73123  3.46354  2.40513  3.72494  3.29354  2.67741  2.69355  4.24690  2.90347  2.73739  3.18146  2.89801  2.37887  2.77519  2.98518  4.58477  3.61503
          0.00819  5.20416  5.92651  0.61958  0.77255  0.54432  0.86806
     61   3.15304  4.37496  4.94961  4.36043  1.48822  4.29523  1.70694  2.76527  4.17463  2.26211  3.63117  4.38663  4.65309  4.31483  4.22571  3.60370  3.38430  1.96995  4.95576  3.28456     61 f - - -
          2.68618  4.42225  2.77519  2.73123  3.46354  2.40513  3.72494  3.29354  2.67741  2.69355  4.24690  2.90347  2.73739  3.18146  2.89801  2.37887  2.77519  2.98518  4.58477  3.61503
          0.00819  5.20416  5.92651  0.61958  0.77255  0.54432  0.86806
     62   1.44683  4.22442  3.73505  3.18810  4.31751  1.65061  3.91532  3.70864  3.16632  3.37364  3.96426  3.62050  4.00293  3.49441  3.58117  1.98275  3.09495  3.30975  5.67651  4.29360     62 a - - -
          2.68618  4.42225  2.77519  2.73123  3.46354  2.40513  3.72494  3.29354  2.67741  2.69355  4.24690  2.90347  2.73739  3.18146  2.89801  2.37887  2.77519  2.98518  4.58477  3.61503
          0.39997  5.20416  1.12649  0.61958  0.77255  0.54432  0.86806
     63   2.55691  5.29979  2.76143  1.98536  4.44734  3.44897  3.62739  3.81726  2.16047  3.34800  4.22615  2.78320  2.94590  2.57339  2.93209  2.42910  2.56025  3.37951  5.73607  4.32875     63 e - - -
          2.68618  4.42225  2.77519  2.73123  3.46354  2.40513  3.72494  3.29354  2.67741  2.69355  4.24690  2.90347  2.73739  3.18146  2.89801  2.37887  2.77519  2.98518  4.58477  3.61503
          0.01599  4.81629  4.85820  0.61958  0.77255  0.22928  1.58524
     64   2.81575  4.80987  2.17494  2.29581  4.75646  3.51979  3.72992  4.29747  2.43819  3.71827  4.51112  2.38048  4.04851  2.82102  3.07910  1.87931  2.20171  3.80043  5.40166  4.29504     64 s - - -
          2.68618  4.42225  2.77519  2.73123  3.46354  2.40513  3.72494  3.29354  2.67741  2.69355  4.24690  2.90347  2.73739  3.18146  2.89801  2.37887  2.77519  2.98518  4.58477  3.61503
          0.00970  5.20156  5.48562  0.61958  0.77255  0.55277  0.85650
     65   2.34058  5.46703  3.05770  1.80169  4.80914  3.65354  3.66035  3.96252  1.96046  3.16869  4.13326  3.16910  3.71753  2.31954  2.46612  2.68076  3.14476  3.47832  5.90148  4.19548     65 e - - -
          2.68618  4.42225  2.77519  2.73123  3.46354  2.40513  3.72494  3.29354  2.67741  2.69355  4.24690  2.90347  2.73739  3.18146  2.89801  2.37887  2.77519  2.98518  4.58477  3.61503
          0.00823  5.20009  5.92243  0.61958  0.77255  0.54530  0.86671
     66   2.17839  5.47378  2.39694  1.94690  4.81837  3.37146  3.64708  3.93340  2.36213  3.58727  3.94988  2.90013  3.50490  2.49372  2.98167  2.35163  2.79931  3.54055  5.90675  4.30546     66 e - - -
          2.68618  4.42225  2.77519  2.73123  3.46354  2.40513  3.72494  3.29354  2.67741  2.69355  4.24690  2.90347  2.73739  3.18146  2.89801  2.37887  2.77519  2.98518  4.58477  3.61503
          0.00821  5.20228  5.92462  0.61958  0.77255  0.55045  0.85965
     67   2.06405  4.61440  2.21112  2.14275  4.60177  3.48620  3.14846  3.74223  2.58284  3.18776  3.71720  3.03228  4.06491  2.71037  2.76372  2.57565  2.79759  3.31215  5.88047  4.09745     67 a - - -
          2.68618  4.42225  2.77519  2.73123  3.46354  2.40513  3.72494  3.29354  2.67741  2.69355  4.24690  2.90347  2.73739  3.18146  2.89801  2.37887  2.77519  2.98518  4.58477  3.61503
          0.00821  5.20228  5.92462  0.61958  0.77255  0.55045  0.85965
     68   3.37880  4.20415  5.56700  4.96022  3.28322  4.86792  5.17151  2.72566  4.77354  0.46133  3.05130  5.01884  5.11969  4.80609  4.76357  4.19787  3.86669  2.99504  4.60874  4.39653     68 L - - -
          2.68618  4.42225  2.77519  2.73123  3.46354  2.40513  3.72494  3.29354  2.67741  2.69355  4.24690  2.90347  2.73739  3.18146  2.89801  2.37887  2.77519  2.98518  4.58477  3.61503
          0.00821  5.20228  5.92462  0.61958  0.77255  0.55045  0.85965
     69   2.69664  4.50019  2.35051  1.74233  4.57090  3.41134  3.54116  3.59754  2.43732  3.38843  4.28756  2.71313  3.96155  2.34842  2.98437  2.60582  2.80707  3.32067  5.90209  4.43305     69 e - - -
          2.68618  4.42225  2.77519  2.73123  3.46354  2.40513  3.72494  3.29354  2.67741  2.69355  4.24690  2.90347  2.73739  3.18146  2.89801  2.37887  2.77519  2.98518  4.58477  3.61503
          0.00821  5.20228  5.92462  0.61958  0.77255  0.50475  0.92547
     70   2.30746  5.10271  2.83363  2.32157  3.93436  3.01601  3.56936  4.09581  2.13228  3.23439  4.19772  2.92716  4.06807  2.16949  2.46349  2.68374  2.71280  3.71958  5.30574  4.06061     70 k - - -
          2.68618  4.42225  2.77519  2.73123  3.46354  2.40513  3.72494  3.29354  2.67741  2.69355  4.24690  2.90347  2.73739  3.18146  2.89801  2.37887  2.77519  2.98518  4.58477  3.61503
          0.00821  5.20210  5.92445  0.61958  0.77255  0.52311  0.89814
     71   2.93954  4.38150  4.97501  4.36520  2.79377  4.24670  4.40187  2.49910  4.16624  0.77063  3.34523  4.38649  4.46169  4.30354  4.11424  3.49892  3.18944  2.53926  5.07585  3.85651     71 l - - -
          2.68618  4.42225  2.77519  2.73123  3.46354  2.40513  3.72494  3.29354  2.67741  2.69355  4.24690  2.90347  2.73739  3.18146  2.89801  2.37887  2.77519  2.98518  4.58477  3.61503
          0.00925  5.20210  5.59792  0.61958  0.77255  0.52311  0.89814
     72   2.67240  5.26976  2.63785  2.45514  4.60009  3.59281  3.54017  3.48730  2.51649  2.73463  2.74321  2.25810  4.03770  2.54737  2.68053  2.44716  3.11229  3.16967  5.86104  4.11597     72 n - - -
          2.68618  4.42225  2.77519  2.73123  3.46354  2.40513  3.72494  3.29354  2.67741  2.69355  4.24690  2.90347  2.73739  3.18146  2.89801  2.37887  2.77519  2.98518  4.58477  3.61503
          0.01525  5.20107  4.64346  0.61958  0.77255  0.52077  0.90156
     73   2.12564  4.43722  3.13188  2.46609  3.38430  3.18782  3.89589  2.66025  2.72356  2.33284  3.81857  3.04939  4.23230  2.59895  3.30319  2.58710  2.81612  2.92811  5.26358  3.75293     73 a - - -
          2.68618  4.42225  2.77519  2.73123  3.46354  2.40513  3.72494  3.29354  2.67741  2.69355  4.24690  2.90347  2.73739  3.18146  2.89801  2.37887  2.77519  2.98518  4.58477  3.61503
          0.02984  5.19514  3.73566  0.61958  0.77255  0.53142  0.88618
     74   2.58673  4.67972  2.95514  2.53094  4.53266  3.23714  3.43125  3.36681  2.48545  2.62229  3.79313  2.83595  3.55061  2.00100  2.74767  2.55906  2.72236  3.13863  5.81702  4.38916     74 q - - -
          2.68618  4.42225  2.77519  2.73123  3.46354  2.40513  3.72494  3.29354  2.67741  2.69355  4.24690  2.90347  2.73739  3.18146  2.89801  2.37887  2.77519  2.98518  4.58477  3.61503
          0.00843  5.17642  5.89877  0.61958  0.77255  0.60405  0.79097
     75   2.71623  5.18041  2.60753  2.42710  4.80776  2.93588  3.44319  4.02376  1.93262  3.24957  4.50345  2.54175  2.79713  2.56237  2.72969  2.50822  2.93776  3.60832  5.59133  4.32655     75 k - - -
          2.68618  4.42225  2.77519  2.73123  3.46354  2.40513  3.72494  3.29354  2.67741  2.69355  4.24690  2.90347  2.73739  3.18146  2.89801  2.37887  2.77519  2.98518  4.58477  3.61503
          0.00843  5.17642  5.89877  0.61958  0.77255  0.45835  1.00057
     76   2.81581  4.61577  3.56000  3.08009  3.78917  3.26846  3.81447  3.32549  2.93748  2.82607  3.93432  3.50390  4.13353  3.07854  2.87009  3.00913  3.08301  2.98168  1.51757  2.39213     76 w - - -
          2.68618  4.42225  2.77519  2.73123  3.46354  2.40513  3.72494  3.29354  2.67741  2.69355  4.24690  2.90347  2.73739  3.18146  2.89801  2.37887  2.77519  2.98518  4.58477  3.61503
          0.00819  5.20471  5.92705  0.61958  0.77255  0.51441  0.91093
     77   2.93647  4.36882  4.12936  3.40254  2.18522  4.09230  3.50237  2.57882  3.60166  1.17933  3.30031  3.57937  4.46316  3.53552  3.34669  3.28570  3.12209  2.70179  5.11804  3.92174     77 l - - -
          2.68618  4.42225  2.77519  2.73123  3.46354  2.40513  3.72494  3.29354  2.67741  2.69355  4.24690  2.90347  2.73739  3.18146  2.89801  2.37887  2.77519  2.98518  4.58477  3.61503
          0.00819  5.20471  5.92705  0.61958  0.77255  0.51441  0.91093
     78   2.56641  5.47246  2.80974  2.32683  4.57349  2.95416  3.70814  3.92651  2.11335  3.52244  4.14216  2.78541  3.39596  2.46151  2.68738  2.17711  2.59198  3.57113  4.41113  4.49603     78 k - - -
          2.68618  4.42225  2.77519  2.73123  3.46354  2.40513  3.72494  3.29354  2.67741  2.69355  4.24690  2.90347  2.73739  3.18146  2.89801  2.37887  2.77519  2.98518  4.58477  3.61503
          0.00819  5.20471  5.92705  0.61958  0.77255  0.51441  0.91093
     79   2.77239  5.27343  2.92431  2.52958  4.56141  2.00446  3.51240  4.05672  2.53570  3.23258  3.73622  3.08682  3.53031  2.77445  1.91081  2.77659  3.03194  3.23189  4.44184  4.06667     79 r - - -
          2.68618  4.42225  2.77519  2.73123  3.46354  2.40513  3.72494  3.29354  2.67741  2.69355  4.24690  2.90347  2.73739  3.18146  2.89801  2.37887  2.77519  2.98518  4.58477  3.61503
          0.01206  5.20471  5.03706  0.61958  0.77255  0.50989  0.91770
     80   3.02351  4.44124  5.02029  4.40628  2.62720  4.23963  4.38045  2.41761  4.19479  1.25726  1.69996  4.39815  4.46727  4.32079  4.20466  3.50691  3.29979  2.43320  4.83768  3.33302     80 l - - -
          2.68618  4.42225  2.77519  2.73123  3.46354  2.40513  3.72494  3.29354  2.67741  2.69355  4.24690  2.90347  2.73739  3.18146  2.89801  2.37887  2.77519  2.98518  4.58477  3.61503
          0.00820  5.20297  5.92531  0.61958  0.77255  0.52452  0.89610
     81   2.60431  5.45375  3.04439  2.27908  4.62422  3.30864  3.51351  3.53887  2.42725  3.37399  4.10101  3.02572  4.10536  2.48497  2.00972  2.20820  2.57879  3.14375  5.89196  4.30864     81 r - - -
          2.68618  4.42225  2.77519  2.73123  3.46354  2.40513  3.72494  3.29354  2.67741  2.69355  4.24690  2.90347  2.73739  3.18146  2.89801  2.37887  2.77519  2.98518  4.58477  3.61503
          0.01664  5.20297  4.51001  0.61958  0.77255  0.51160  0.91513
     82   2.91766  5.49348  1.21558  2.54729  4.46932  2.42399  3.61868  4.31490  2.59204  3.65920  4.53723  2.84646  3.78243  2.86272  3.09911  2.88629  3.17654  3.84610  5.92916  4.51834     82 d - - -
          2.68618  4.42225  2.77519  2.73123  3.46354  2.40513  3.72494  3.29354  2.67741  2.69355  4.24690  2.90347  2.73739  3.18146  2.89801  2.37887  2.77519  2.98518  4.58477  3.61503
          0.00956  5.19694  5.52642  0.61958  0.77255  0.54430  0.86809
     83   2.88980  4.28940  4.49157  3.90410  3.11327  3.91438  2.61552  2.76591  3.49990  2.09073  3.50705  3.75091  4.47803  3.94948  3.86434  3.33185  3.20436  2.66578  4.87720  1.24992     83 y - - -
          2.68618  4.42225  2.77519  2.73123  3.46354  2.40513  3.72494  3.29354  2.67741  2.69355  4.24690  2.90347  2.73739  3.18146  2.89801  2.37887  2.77519  2.98518  4.58477  3.61503
          0.00827  5.19564  5.91799  0.61958  0.77255  0.54848  0.86235
     84   2.36428  2.70313  4.96192  4.34840  2.10020  3.70726  4.51843  2.24956  4.13779  2.22897  3.40835  4.34123  4.54821  4.27280  4.15281  3.40876  2.67934  1.53712  5.01728  3.79616     84 v - - -
          2.68618  4.42225  2.77519  2.73123  3.46354  2.40513  3.72494  3.29354  2.67741  2.69355  4.24690  2.90347  2.73739  3.18146  2.89801  2.37887  2.77519  2.98518  4.58477  3.61503
          0.00827  5.19564  5.91799  0.61958  0.77255  0.52718  0.89225
     85   2.55408  5.31221  2.66564  2.17485  4.37510  3.68415  2.02061  4.03623  2.40135  3.17377  4.42487  2.96066  4.13290  2.54475  2.62328  2.61997  2.95644  3.24631  5.27811  4.26456     85 h - - -
          2.68618  4.42225  2.77519  2.73123  3.46354  2.40513  3.72494  3.29354  2.67741  2.69355  4.24690  2.90347  2.73739  3.18146  2.89801  2.37887  2.77519  2.98518  4.58477  3.61503
          0.00823  5.19950  5.92184  0.61958  0.77255  0.53596  0.87973
     86   2.84219  3.23174  4.73490  4.00982  2.90243  4.04082  4.44941  1.46256  4.01908  1.80616  3.25668  4.26446  4.39997  3.82515  3.94320  3.23697  3.05347  1.87504  5.01345  3.70040     86 i - - -
          2.68618  4.42225  2.77519  2.73123  3.46354  2.40513  3.72494  3.29354  2.67741  2.69355  4.24690  2.90347  2.73739  3.18146  2.89801  2.37887  2.77519  2.98518  4.58477  3.61503
          0.00823  5.19950  5.92184  0.61958  0.77255  0.53126  0.88640
     87   2.76282  5.43980  3.16686  2.57741  4.61102  2.74498  3.80126  4.20612  2.08596  3.66718  4.19890  3.07155  4.06686  2.89136  3.01194  1.57075  2.07690  3.78368  5.88132  4.47952     87 s - - -
          2.68618  4.42225  2.77519  2.73123  3.46354  2.40513  3.72494  3.29354  2.67741  2.69355  4.24690  2.90347  2.73739  3.18146  2.89801  2.37887  2.77519  2.98518  4.58477  3.61503
          0.00823  5.20034  5.92269  0.61958  0.77255  0.53320  0.88364
     88   2.32359  5.14477  2.37250  2.11882  4.43401  2.78062  3.72785  4.17825  2.46521  3.62179  4.19660  2.85749  3.20004  2.74463  2.75178  2.14886  2.97016  3.77120  5.90500  3.77680     88 e - - -
          2.68618  4.42225  2.77519  2.73123  3.46354  2.40513  3.72494  3.29354  2.67741  2.69355  4.24690  2.90347  2.73739  3.18146  2.89801  2.37887  2.77519  2.98518  4.58477  3.61503
          0.00823  5.20034  5.92269  0.61958  0.77255  0.53320  0.88364
     89   2.81770  4.38394  4.96717  4.36858  3.56358  4.29447  4.64139  1.21314  4.18750  2.47935  3.42763  4.41777  2.94361  4.34787  4.24582  3.31798  2.99206  1.49087  5.16925  3.98756     89 i - - -
          2.68618  4.42225  2.77519  2.73123  3.46354  2.40513  3.72494  3.29354  2.67741  2.69355  4.24690  2.90347  2.73739  3.18146  2.89801  2.37887  2.77519  2.98518  4.58477  3.61503
          0.00823  5.20034  5.92269  0.61958  0.77255  0.48751  0.95232
     90   2.47904  4.00430  3.18376  2.53314  4.57618  3.62885  3.84181  3.50917  2.02758  2.48294  3.76125  3.17389  4.16141  2.40884  2.24048  2.50759  2.80075  3.38584  5.80282  4.03826     90 k - - -
          2.68618  4.42225  2.77519  2.73123  3.46354  2.40513  3.72494  3.29354  2.67741  2.69355  4.24690  2.90347  2.73739  3.18146  2.89801  2.37887  2.77519  2.98518  4.58477  3.61503
          0.00816  5.20865  5.93100  0.61958  0.77255  0.50539  0.92450
     91   2.18671  5.07247  2.90245  2.05666  4.77500  3.49133  3.87171  3.84784  2.39000  3.18526  4.09318  3.12219  2.01835  2.80363  3.05248  2.56559  2.79509  3.46976  5.88552  4.48334     91 p - - -
          2.68618  4.42225  2.77519  2.73123  3.46354  2.40513  3.72494  3.29354  2.67741  2.69355  4.24690  2.90347  2.73739  3.18146  2.89801  2.37887  2.77519  2.98518  4.58477  3.61503
          0.00816  5.20865  5.93100  0.61958  0.77255  0.50539  0.92450
     92   3.17700  4.84284  5.06717  4.68963  4.14876  4.85330  5.35241  1.90734  4.74732  2.85995  4.03260  4.98417  5.19004  4.77922  4.86582  4.20833  3.22941  0.54598  5.87276  4.66971     92 V - - -
          2.68618  4.42225  2.77519  2.73123  3.46354  2.40513  3.72494  3.29354  2.67741  2.69355  4.24690  2.90347  2.73739  3.18146  2.89801  2.37887  2.77519  2.98518  4.58477  3.61503
          0.01223  5.20865  5.00839  0.61958  0.77255  0.49895  0.93437
     93   3.01466  5.37372  3.40413  3.16391  5.18761  3.43870  4.71243  4.62647  3.63694  4.01582  5.07829  3.54378  0.50025  3.92157  3.89828  3.25802  3.61223  4.16231  6.46271  5.15174     93 P - - -
          2.68618  4.42225  2.77519  2.73123  3.46354  2.40513  3.72494  3.29354  2.67741  2.69355  4.24690  2.90347  2.73739  3.18146  2.89801  2.37887  2.77519  2.98518  4.58477  3.61503
          0.01605  5.20577  4.56240  0.61958  0.77255  0.49268  0.94414
     94   2.21798  5.08380  2.13512  1.84343  4.68557  3.34871  3.89818  3.98648  2.41896  3.60054  4.34419  2.78401  3.81056  2.59876  3.03199  2.43815  2.77281  3.65877  5.90613  4.49564     94 e - - -
          2.68618  4.42225  2.77519  2.73123  3.46354  2.40513  3.72494  3.29354  2.67741  2.69355  4.24690  2.90347  2.73739  3.18146  2.89801  2.37887  2.77519  2.98518  4.58477  3.61503
          0.01014  5.20202  5.38464  0.61958  0.77255  0.49101  0.94677
     95   2.61872  5.47692  2.11702  2.40979  4.62719  2.73759  3.56960  3.82868  2.10985  3.65124  4.39770  2.27603  3.76672  2.66256  2.87059  2.62525  2.85726  3.48061  5.90962  4.33065     95 k - - -
          2.68618  4.42225  2.77519  2.73123  3.46354  2.40513  3.72494  3.29354  2.67741  2.69355  4.24690  2.90347  2.73739  3.18146  2.89801  2.37887  2.77519  2.98518  4.58477  3.61503
          0.01013  5.20675  5.38239  0.61958  0.77255  0.50117  0.93096
     96   2.10973  2.92746  4.65766  4.07760  3.02766  4.16429  4.09213  2.13870  3.40187  2.22548  3.48234  3.96181  4.29172  3.94024  4.05852  3.14979  2.52379  1.63141  4.73423  3.46322     96 v - - -
          2.68618  4.42225  2.77519  2.73123  3.46354  2.40513  3.72494  3.29354  2.67741  2.69355  4.24690  2.90347  2.73739  3.18146  2.89801  2.37887  2.77519  2.98518  4.58477  3.61503
          0.00817  5.20672  5.92907  0.61958  0.77255  0.50110  0.93106
     97   2.53360  4.88618  2.96902  2.31661  4.80932  3.14631  3.66545  3.77996  2.07978  3.45439  4.18464  2.88080  3.28426  2.26603  2.79888  2.38700  2.40538  3.28346  5.89147  4.49309     97 k - - -
          2.68618  4.42225  2.77519  2.73123  3.46354  2.40513  3.72494  3.29354  2.67741  2.69355  4.24690  2.90347  2.73739  3.18146  2.89801  2.37887  2.77519  2.98518  4.58477  3.61503
          0.00816  5.20865  5.93100  0.61958  0.77255  0.50539  0.92450
     98   2.83386  4.69628  3.65961  2.28993  2.93510  3.80794  2.54470  3.40587  3.06961  3.01614  3.96125  3.41340  3.78685  3.21539  3.34325  3.11668  3.22208  3.14114  2.85167  1.67455     98 y - - -
          2.68618  4.42225  2.77519  2.73123  3.46354  2.40513  3.72494  3.29354  2.67741  2.69355  4.24690  2.90347  2.73739  3.18146  2.89801  2.37887  2.77519  2.98518  4.58477  3.61503
          0.00816  5.20865  5.93100  0.61958  0.77255  0.50539  0.92450
     99   2.06812  3.65679  3.60708  2.82351  3.86687  3.72045  4.08426  2.93112  3.03629  2.79938  3.78893  3.64228  4.32787  3.28028  1.91307  3.11784  3.19744  1.71279  5.04637  4.02364     99 v - - -
          2.68618  4.42225  2.77519  2.73123  3.46354  2.40513  3.72494  3.29354  2.67741  2.69355  4.24690  2.90347  2.73739  3.18146  2.89801  2.37887  2.77519  2.98518  4.58477  3.61503
          0.00816  5.20865  5.93100  0.61958  0.77255  0.50539  0.92450
    100   2.57777  3.29664  3.62189  2.97604  3.90967  3.75081  3.62495  2.65379  2.86514  2.85747  3.79274  3.09519  4.24136  2.95898  2.23790  2.31077  2.33565  2.38581  5.44995  3.84582    100 r - - -
          2.68618  4.42225  2.77519  2.73123  3.46354  2.40513  3.72494  3.29354  2.67741  2.69355  4.24690  2.90347  2.73739  3.18146  2.89801  2.37887  2.77519  2.98518  4.58477  3.61503
          0.00816  5.20865  5.93100  0.61958  0.77255  0.50539  0.92450
    101   3.09422  4.47333  4.97260  4.37348  1.65693  4.24880  4.30639  2.50216  4.17277  2.56902  3.59013  3.91787  4.61033  4.30745  4.20145  3.55918  3.19968  1.56940  4.96750  1.82575    101 v - - -
          2.68618  4.42225  2.77519  2.73123  3.46354  2.40513  3.72494  3.29354  2.67741  2.69355  4.24690  2.90347  2.73739  3.18146  2.89801  2.37887  2.77519  2.98518  4.58477  3.61503
          0.00816  5.20865  5.93100  0.61958  0.77255  0.50539  0.92450
    102   2.80924  4.43780  3.32763  2.65391  3.62208  3.72342  3.66556  3.05070  2.13511  3.17074  3.96465  3.07118  4.18749  2.60939  2.15313  2.06755  2.99505  2.75811  5.71094  3.72139    102 s - - -
          2.68618  4.42225  2.77519  2.73123  3.46354  2.40513  3.72494  3.29354  2.67741  2.69355  4.24690  2.90347  2.73739  3.18146  2.89801  2.37887  2.77519  2.98518  4.58477  3.61503
          0.00816  5.20865  5.93100  0.61958  0.77255  0.50539  0.92450
    103   3.46009  5.57751  4.13127  3.34759  4.52594  4.27776  4.24026  4.24752  2.43519  3.66731  4.06200  3.82073  4.62493  3.35890  0.55565  3.58746  3.66608  3.76510  5.93679  4.54896    103 R - - -
          2.68618  4.42225  2.77519  2.73123  3.46354  2.40513  3.72494  3.29354  2.67741  2.69355  4.24690  2.90347  2.73739  3.18146  2.89801  2.37887  2.77519  2.98518  4.58477  3.61503
          0.01193  5.20865  5.05341  0.61958  0.77255  0.50539  0.92450
    104   2.79484  4.03514  3.36680  2.73642  3.34095  3.82963  3.70313  2.91225  2.23173  3.01429  3.90897  2.41775  4.17844  3.08899  2.68822  3.02353  3.18242  2.02329  4.62493  2.82764    104 v - - -
          2.68618  4.42225  2.77519  2.73123  3.46354  2.40513  3.72494  3.29354  2.67741  2.69355  4.24690  2.90347  2.73739  3.18146  2.89801  2.37887  2.77519  2.98518  4.58477  3.61503
          0.00819  5.20491  5.92726  0.61958  0.77255  0.51802  0.90560
    105   3.03687  5.28925  3.36291  2.78892  4.86443  3.84315  2.93831  4.11734  2.53970  3.80204  4.56301  3.05782  4.12981  1.18925  1.91766  2.94294  3.26191  3.91006  5.92703  4.37328    105 q - - -
          2.68618  4.42225  2.77519  2.73123  3.46354  2.40513  3.72494  3.29354  2.67741  2.69355  4.24690  2.90347  2.73739  3.18146  2.89801  2.37887  2.77519  2.98518  4.58477  3.61503
          0.01016  5.20491  5.37679  0.61958  0.77255  0.51802  0.90560
    106   2.28784  4.27835  3.79372  3.25045  2.89673  3.64234  3.78484  2.52001  2.86567  2.71047  3.65666  3.39631  2.78073  3.28791  3.09738  2.46756  2.77231  2.00263  5.29668  3.71897    106 v - - -
          2.68618  4.42225  2.77519  2.73123  3.46354  2.40513  3.72494  3.29354  2.67741  2.69355  4.24690  2.90347  2.73739  3.18146  2.89801  2.37887  2.77519  2.98518  4.58477  3.61503
          0.00820  5.20296  5.92530  0.61958  0.77255  0.50724  0.92169
    107   2.95425  5.48710  2.91314  2.61420  4.83103  3.70575  3.85027  4.31430  1.12379  3.75529  4.52907  2.74138  2.69993  2.79224  3.00372  2.83580  2.95202  3.78929  5.91872  4.51095    107 k - - -
          2.68618  4.42225  2.77519  2.73123  3.46354  2.40513  3.72494  3.29354  2.67741  2.69355  4.24690  2.90347  2.73739  3.18146  2.89801  2.37887  2.77519  2.98518  4.58477  3.61503
          0.03409  5.20606  3.57424  0.61958  0.77255  0.51417  0.91130
    108   2.66401  4.17105  3.76863  3.11957  3.81295  2.70703  3.78021  2.93226  3.11832  2.63104  2.90615  3.35192  4.07881  3.41726  3.54251  1.53434  2.25779  2.97931  5.33159  3.80445    108 s - - -
          2.68618  4.42225  2.77519  2.73123  3.46354  2.40513  3.72494  3.29354  2.67741  2.69355  4.24690  2.90347  2.73739  3.18146  2.89801  2.37887  2.77519  2.98518  4.58477  3.61503
          0.11985  5.18036  2.23192  0.61958  0.77255  0.46259  0.99330
    109   2.74272  4.84601  3.01969  2.53716  2.78188  3.34398  3.90719  3.84600  2.62603  3.36785  4.36100  2.05796  3.24103  2.78208  3.12196  1.85936  2.64076  3.64401  5.76995  4.38999    109 s - - -
          2.68618  4.42225  2.77519  2.73123  3.46354  2.40513  3.72494  3.29354  2.67741  2.69355  4.24690  2.90347  2.73739  3.18146  2.89801  2.37887  2.77519  2.98518  4.58477  3.61503
          0.02936  5.09855  3.77966  0.61958  0.77255  0.80931  0.58908
    110   2.07271  5.11295  3.16835  2.56103  4.25707  3.62409  3.52563  3.27444  2.41974  2.81131  4.09616  3.02207  2.40235  2.80160  2.98960  2.42189  2.96738  2.72702  5.50129  4.19234    110 a - - -
          2.68618  4.42225  2.77519  2.73123  3.46354  2.40513  3.72494  3.29354  2.67741  2.69355  4.24690  2.90347  2.73739  3.18146  2.89801  2.37887  2.77519  2.98518  4.58477  3.61503
          0.01470  5.07848  4.78417  0.61958  0.77255  0.73817  0.65007
    111   2.32349  5.42733  2.66473  1.68774  4.47185  3.50780  3.53656  4.20045  2.31202  3.41399  4.29994  2.89702  3.79679  2.47168  2.40217  2.61922  3.10642  3.65640  5.86009  4.32784    111 e - - -
          2.68618  4.42225  2.77519  2.73123  3.46354  2.40513  3.72494  3.29354  2.67741  2.69355  4.24690  2.90347  2.73739  3.18146  2.89801  2.37887  2.77519  2.98518  4.58477  3.61503
          0.00912  5.09752  5.81987  0.61958  0.77255  0.40584  1.09787
    112   2.89324  5.45848  3.14335  2.50250  4.79691  3.46363  3.84960  4.10080  2.02414  3.31676  4.50179  3.03831  4.14095  2.72453  1.27337  2.74911  3.13616  3.63043  5.89294  4.38555    112 r - - -
          2.68618  4.42225  2.77519  2.73123  3.46354  2.40513  3.72494  3.29354  2.67741  2.69355  4.24690  2.90347  2.73739  3.18146  2.89801  2.37887  2.77519  2.98518  4.58477  3.61503
          0.02522  5.19197  3.94525  0.61958  0.77255  0.56023  0.84648
    113   2.78438  5.18196  3.27955  2.66936  4.42607  3.64862  3.62382  3.38324  2.03094  1.75819  3.70975  3.25909  4.17708  2.83696  2.12136  2.87224  3.05534  3.16638  5.68015  4.04391    113 l - - -
          2.68618  4.42225  2.77519  2.73123  3.46354  2.40513  3.72494  3.29354  2.67741  2.69355  4.24690  2.90347  2.73739  3.18146  2.89801  2.37887  2.77519  2.98518  4.58477  3.61503
          0.00844  5.17518  5.89753  0.61958  0.77255  0.52326  0.89793
    114   1.83008  4.92879  3.56862  2.71640  3.99544  3.71622  4.09794  2.59386  2.80989  2.48988  3.42284  3.36876  4.25887  3.06563  1.97850  2.62268  3.14268  2.93536  5.47644  3.83043    114 a - - -
          2.68618  4.42225  2.77519  2.73123  3.46354  2.40513  3.72494  3.29354  2.67741  2.69355  4.24690  2.90347  2.73739  3.18146  2.89801  2.37887  2.77519  2.98518  4.58477  3.61503
          0.06772  5.19197  2.81483  0.61958  0.77255  0.56023  0.84648
    115   2.57183  5.44501  2.97828  2.24222  4.78938  3.71643  3.86770  4.21124  1.82906  3.59822  4.42506  3.10628  4.10943  2.66616  1.53498  2.83689  3.01038  3.66490  5.87631  4.47016    115 r - - -
          2.68618  4.42225  2.77519  2.73123  3.46354  2.40513  3.72494  3.29354  2.67741  2.69355  4.24690  2.90347  2.73739  3.18146  2.89801  2.37887  2.77519  2.98518  4.58477  3.61503
          0.01785  5.13305  4.44010  0.61958  0.77255  0.44482  1.02427
    116   2.88526  4.94981  3.27855  2.70200  4.32476  3.78873  3.35618  3.90744  2.72269  3.19612  4.31357  3.12581  4.08885  3.06975  1.03251  2.90026  3.01079  3.56365  5.73302  3.79613    116 r - - -
          2.68618  4.42225  2.77519  2.73123  3.46354  2.40513  3.72494  3.29354  2.67741  2.69355  4.24690  2.90347  2.73739  3.18146  2.89801  2.37887  2.77519  2.98518  4.58477  3.61503
          0.03146  5.18501  3.67433  0.61958  0.77255  0.58198  0.81824
    117   2.29740  4.79622  3.44055  2.88183  3.54795  3.53126  3.51203  3.24647  2.74748  2.02474  3.65873  3.27932  4.24171  2.93939  2.32595  2.38513  3.10926  3.19000  3.93768  2.91035    117 l - - -
          2.68618  4.42225  2.77519  2.73123  3.46354  2.40513  3.72494  3.29354  2.67741  2.69355  4.24690  2.90347  2.73739  3.18146  2.89801  2.37887  2.77519  2.98518  4.58477  3.61503
          0.00855  5.16210  5.88445  0.61958  0.77255  0.57062  0.83281
    118   1.82369  4.45662  4.00207  3.08648  3.64920  3.92545  4.26449  2.41320  2.45936  2.49460  2.26839  3.79517  4.12617  3.23747  3.52874  2.94039  2.95043  2.26333  5.21754  3.89308    118 a - - -
          2.68618  4.42225  2.77519  2.73123  3.46354  2.40513  3.72494  3.29354  2.67741  2.69355  4.24690  2.90347  2.73739  3.18146  2.89801  2.37887  2.77519  2.98518  4.58477  3.61503
          0.00842  5.17720  5.89955  0.61958  0.77255  0.60566  0.78903
    119   2.44477  5.29191  3.02535  2.37483  4.80434  3.40280  3.70085  4.28944  1.51890  3.45096  4.50130  2.96629  4.03698  2.60637  2.16479  2.67174  2.89374  3.58043  5.89357  4.40982    119 k - - -
          2.68618  4.42225  2.77519  2.73123  3.46354  2.40513  3.72494  3.29354  2.67741  2.69355  4.24690  2.90347  2.73739  3.18146  2.89801  2.37887  2.77519  2.98518  4.58477  3.61503
          0.03415  5.17569  3.57829  0.61958  0.77255  0.55605  0.85207
    120   2.93242  5.44296  3.29267  2.63151  4.21288  3.72612  3.68499  3.92275  1.92125  3.73170  4.49106  3.15974  4.17185  2.78581  1.18035  2.83897  3.13171  3.82815  5.87216  4.23253    120 r - - -
          2.68618  4.42225  2.77519  2.73123  3.46354  2.40513  3.72494  3.29354  2.67741  2.69355  4.24690  2.90347  2.73739  3.18146  2.89801  2.37887  2.77519  2.98518  4.58477  3.61503
          0.07549  5.15970  2.70352  0.61958  0.77255  0.60620  0.78838
    121   2.04809  5.38737  3.12754  2.51509  4.52097  2.36299  2.17183  4.09428  2.22518  3.27353  4.25293  2.93325  3.87341  2.86398  2.96110  2.63021  2.99936  3.67596  5.83087  4.34204    121 a - - -
          2.68618  4.42225  2.77519  2.73123  3.46354  2.40513  3.72494  3.29354  2.67741  2.69355  4.24690  2.90347  2.73739  3.18146  2.89801  2.37887  2.77519  2.98518  4.58477  3.61503
          0.24097  5.10261  1.56996  0.61958  0.77255  0.65559  0.73217
    122   2.74049  5.31785  2.65378  2.44083  4.64705  1.89678  3.67246  4.12227  2.47839  3.61630  4.36304  2.32471  3.92322  2.85727  2.85633  2.37474  2.93945  3.70000  3.43050  4.35819    122 g - - -
          2.68618  4.42225  2.77519  2.73123  3.46354  2.40513  3.72494  3.29354  2.67741  2.69355  4.24690  2.90347  2.73739  3.18146  2.89801  2.37887  2.77519  2.98518  4.58477  3.61503
          0.01367  4.90984  5.08227  0.61958  0.77255  0.46794  0.98428
    123   2.88653  4.30193  3.77935  2.18927  3.60308  3.84616  4.08333  1.87654  2.73409  1.97945  3.26177  3.62456  4.02525  3.20465  3.52105  3.18184  3.00026  2.29253  4.99987  3.80905    123 i - - -
          2.68618  4.42225  2.77519  2.73123  3.46354  2.40513  3.72494  3.29354  2.67741  2.69355  4.24690  2.90347  2.73739  3.18146  2.89801  2.37887  2.77519  2.98518  4.58477  3.61503
          0.00899  5.11144  5.83379  0.61958  0.77255  0.57364  0.82890
    124   2.60453  5.41646  2.51658  2.32436  4.36625  3.30017  3.91143  4.14239  2.44262  3.28983  4.35960  2.92336  3.54067  2.92278  3.12739  1.77573  2.11575  3.63600  4.39258  4.45698    124 s - - -
          2.68618  4.42225  2.77519  2.73123  3.46354  2.40513  3.72494  3.29354  2.67741  2.69355  4.24690  2.90347  2.73739  3.18146  2.89801  2.37887  2.77519  2.98518  4.58477  3.61503
          0.00862  5.15425  5.87660  0.61958  0.77255  0.66698  0.72002
    125   2.46100  5.24397  3.09831  2.03365  3.32988  3.48277  3.71201  3.39271  2.51411  2.67705  4.07869  3.13128  3.91032  2.81429  2.37032  2.60636  3.05997  3.12008  4.92682  2.93740    125 e - - -
          2.68618  4.42225  2.77519  2.73123  3.46354  2.40513  3.72494  3.29354  2.67741  2.69355  4.24690  2.90347  2.73739  3.18146  2.89801  2.37887  2.77519  2.98518  4.58477  3.61503
          0.00862  5.15425  5.87660  0.61958  0.77255  0.48737  0.95254
    126   2.50646  5.47631  2.33703  1.52542  4.82079  2.26714  3.64185  4.26029  2.48380  3.64429  4.51740  2.92429  3.91861  2.77071  3.13200  2.74283  3.05891  3.78785  5.90908  4.49754    126 e - - -
          2.68618  4.42225  2.77519  2.73123  3.46354  2.40513  3.72494  3.29354  2.67741  2.69355  4.24690  2.90347  2.73739  3.18146  2.89801  2.37887  2.77519  2.98518  4.58477  3.61503
          0.00831  5.19039  5.91273  0.61958  0.77255  0.56053  0.84609
    127   2.64082  5.46215  2.81323  1.40344  4.52450  3.40105  3.78183  3.91070  2.46468  3.35739  4.50363  3.08093  3.90765  2.22127  2.92847  2.72043  2.80750  3.55141  5.89671  4.18742    127 e - - -
          2.68618  4.42225  2.77519  2.73123  3.46354  2.40513  3.72494  3.29354  2.67741  2.69355  4.24690  2.90347  2.73739  3.18146  2.89801  2.37887  2.77519  2.98518  4.58477  3.61503
          0.01474  5.19039  4.70356  0.61958  0.77255  0.54959  0.86082
    128   1.21206  3.49973  3.99163  2.83646  3.58714  3.81155  4.30669  2.62616  3.40815  2.34028  3.58971  3.87475  3.89280  3.57875  3.68780  3.10307  3.09222  2.36921  5.17998  3.96902    128 a - - -
          2.68618  4.42225  2.77519  2.73123  3.46354  2.40513  3.72494  3.29354  2.67741  2.69355  4.24690  2.90347  2.73739  3.18146  2.89801  2.37887  2.77519  2.98518  4.58477  3.61503
          0.06321  5.18600  2.88852  0.61958  0.77255  0.48025  0.96399
    129   2.43224  5.03488  3.16262  2.39580  4.16712  3.76022  3.89700  3.34924  2.21780  2.07810  3.67025  3.09955  4.00320  2.58052  2.35097  2.73917  2.97618  3.00589  5.34148  4.24533    129 l - - -
          2.68618  4.42225  2.77519  2.73123  3.46354  2.40513  3.72494  3.29354  2.67741  2.69355  4.24690  2.90347  2.73739  3.18146  2.89801  2.37887  2.77519  2.98518  4.58477  3.61503
          0.06752  5.15029  2.82194  0.61958  0.77255  0.67778  0.70875
    130   2.21935  5.41010  2.91587  2.12670  4.36810  3.48959  3.71997  3.78021  2.23204  3.22940  4.23699  2.99270  3.86595  2.17371  2.31659  2.64586  2.85655  3.49045  5.33057  4.22115    130 e - - -
          2.68618  4.42225  2.77519  2.73123  3.46354  2.40513  3.72494  3.29354  2.67741  2.69355  4.24690  2.90347  2.73739  3.18146  2.89801  2.37887  2.77519  2.98518  4.58477  3.61503
          0.01735  5.09195  4.50512  0.61958  0.77255  0.82039  0.58028
    131   2.59906  4.74604  3.06845  2.41779  3.57211  3.72136  2.81452  3.38693  2.49634  2.96034  4.24724  3.08442  4.11275  2.83009  1.81435  2.76819  3.01900  3.51015  5.71396  2.84840    131 r - - -
          2.68618  4.42225  2.77519  2.73123  3.46354  2.40513  3.72494  3.29354  2.67741  2.69355  4.24690  2.90347  2.73739  3.18146  2.89801  2.37887  2.77519  2.98518  4.58477  3.61503
          0.00925  5.08384  5.80619  0.61958  0.77255  0.34664  1.22779
    132   2.95037  3.83538  4.88762  4.04120  2.60085  4.17233  4.50115  1.74652  2.80481  1.82240  2.66410  4.13708  4.27388  4.08541  3.52599  3.24366  3.17610  2.36389  4.80535  2.59152    132 i - - -
          2.68618  4.42225  2.77519  2.73123  3.46354  2.40513  3.72494  3.29354  2.67741  2.69355  4.24690  2.90347  2.73739  3.18146  2.89801  2.37887  2.77519  2.98518  4.58477  3.61503
          0.00820  5.20370  5.92605  0.61958  0.77255  0.51716  0.90686
    133   2.23965  4.76886  3.08113  2.25142  4.67702  3.58744  3.82096  3.67576  2.18340  3.14374  4.49637  2.93393  2.23782  2.48429  2.93090  2.42589  2.93367  3.49066  5.89164  4.48652    133 k - - -
          2.68618  4.42225  2.77519  2.73123  3.46354  2.40513  3.72494  3.29354  2.67741  2.69355  4.24690  2.90347  2.73739  3.18146  2.89801  2.37887  2.77519  2.98518  4.58477  3.61503
          0.01065  5.20370  5.27996  0.61958  0.77255  0.51716  0.90686
    134   2.62774  5.18710  2.06563  2.17202  4.61629  3.24586  3.55012  4.04384  1.96807  3.57807  4.18581  2.61261  3.93497  2.57350  3.02518  2.66498  2.73057  3.53655  5.90651  3.95191    134 k - - -
          2.68618  4.42225  2.77519  2.73123  3.46354  2.40513  3.72494  3.29354  2.67741  2.69355  4.24690  2.90347  2.73739  3.18146  2.89801  2.37887  2.77519  2.98518  4.58477  3.61503
          0.32212  5.20128  1.30977  0.61958  0.77255  0.52525  0.89504
    135   2.61671  4.64068  3.23316  2.65155  3.24673  3.56522  3.44116  3.32638  2.49042  2.83837  2.56314  3.21736  3.90985  2.97411  2.96219  2.13934  2.64674  2.79819  4.72952  3.42767    135 s - - -
          2.68618  4.42225  2.77519  2.73123  3.46354  2.40513  3.72494  3.29354  2.67741  2.69355  4.24690  2.90347  2.73739  3.18146  2.89801  2.37887  2.77519  2.98518  4.58477  3.61503
          0.06572  4.89039  2.88076  0.61958  0.77255  1.15959  0.37632
    136   2.29237  4.88533  3.09583  2.49099  3.32191  3.64714  3.82045  3.23343  2.04573  2.98072  3.72901  3.01115  3.63008  2.52856  2.90546  2.62877  2.87079  2.63546  5.05627  3.98027    136 k - - -
          2.68618  4.42225  2.77519  2.73123  3.46354  2.40513  3.72494  3.29354  2.67741  2.69355  4.24690  2.90347  2.73739  3.18146  2.89801  2.37887  2.77519  2.98518  4.58477  3.61503
          0.01422  4.83652  5.08578  0.61958  0.77255  0.22892  1.58665
    137   2.10781  4.68733  2.89868  1.84366  4.65373  3.37235  3.74662  3.93281  2.48229  3.55120  4.39895  2.91344  3.03909  2.45968  2.95635  2.38790  2.91538  3.12527  5.89757  4.41578    137 e - - -
          2.68618  4.42225  2.77519  2.73123  3.46354  2.40513  3.72494  3.29354  2.67741  2.69355  4.24690  2.90347  2.73739  3.18146  2.89801  2.37887  2.77519  2.98518  4.58477  3.61503
          0.00824  5.19865  5.92100  0.61958  0.77255  0.53390  0.88265
    138   2.76333  5.32619  2.69714  2.05487  4.48305  3.57961  3.75772  4.09479  1.92219  3.73546  4.29951  2.86101  3.25647  2.06259  2.45360  2.77781  2.82631  3.58900  5.59797  4.41739    138 k - - -
          2.68618  4.42225  2.77519  2.73123  3.46354  2.40513  3.72494  3.29354  2.67741  2.69355  4.24690  2.90347  2.73739  3.18146  2.89801  2.37887  2.77519  2.98518  4.58477  3.61503
          0.08428  5.19865  2.58628  0.61958  0.77255  0.52487  0.89559
    139   2.76664  5.17574  2.97632  2.40533  4.49657  3.14230  3.33936  3.81001  2.22984  3.15836  4.01687  2.90188  3.56194  2.61799  1.87355  2.55375  2.65061  3.46204  5.42275  4.11883    139 r - - -
          2.68618  4.42225  2.77519  2.73123  3.46354  2.40513  3.72494  3.29354  2.67741  2.69355  4.24690  2.90347  2.73739  3.18146  2.89801  2.37887  2.77519  2.98518  4.58477  3.61503
          0.02375  5.12501  4.04428  0.61958  0.77255  0.66657  0.72045
    140   2.77393  3.51828  4.44305  3.54569  2.70574  4.07074  4.10574  2.30622  3.01137  1.72112  3.36243  3.69643  3.56598  3.65084  3.59983  2.57182  2.49303  2.25189  4.92072  3.62484    140 l - - -
          2.68618  4.42225  2.77519  2.73123  3.46354  2.40513  3.72494  3.29354  2.67741  2.69355  4.24690  2.90347  2.73739  3.18146  2.89801  2.37887  2.77519  2.98518  4.58477  3.61503
          0.00887  5.12569  5.84804  0.61958  0.77255  0.38502  1.14079
    141   2.60216  5.35394  2.01552  2.35702  4.45116  2.98552  3.65178  4.04279  2.18321  3.64749  4.45021  2.59232  3.50320  2.63441  2.59328  2.60368  2.69812  3.67397  5.70709  4.16002    141 d - - -
          2.68618  4.42225  2.77519  2.73123  3.46354  2.40513  3.72494  3.29354  2.67741  2.69355  4.24690  2.90347  2.73739  3.18146  2.89801  2.37887  2.77519  2.98518  4.58477  3.61503
          0.00819  5.20486  5.92721  0.61958  0.77255  0.51327  0.91264
    142   2.83050  4.00574  4.45689  3.61156  2.38947  4.06556  4.19328  2.86751  3.80677  1.19058  3.12869  3.24507  3.84137  3.89820  3.67934  3.30284  2.96089  2.62653  5.07368  2.80837    142 l - - -
          2.68618  4.42225  2.77519  2.73123  3.46354  2.40513  3.72494  3.29354  2.67741  2.69355  4.24690  2.90347  2.73739  3.18146  2.89801  2.37887  2.77519  2.98518  4.58477  3.61503
          0.00819  5.20486  5.92721  0.61958  0.77255  0.51327  0.91264
    143   3.25083  5.65200  3.09087  2.82805  5.01220  3.92342  2.21886  4.46784  3.18159  4.02948  4.85699  3.11831  0.81039  3.50426  3.64327  3.34869  3.52441  3.91886  6.22558  4.84701    143 p - - -
          2.68618  4.42225  2.77519  2.73123  3.46354  2.40513  3.72494  3.29354  2.67741  2.69355  4.24690  2.90347  2.73739  3.18146  2.89801  2.37887  2.77519  2.98518  4.58477  3.61503
          0.00819  5.20486  5.92721  0.61958  0.77255  0.51327  0.91264
    144   3.02254  4.28456  4.26009  3.57853  1.58284  4.08210  3.41880  3.03078  3.33792  2.73340  3.68048  3.97007  4.45435  3.84516  2.98804  2.67166  3.16267  2.82861  4.10632  1.73041    144 f - - -
          2.68618  4.42225  2.77519  2.73123  3.46354  2.40513  3.72494  3.29354  2.67741  2.69355  4.24690  2.90347  2.73739  3.18146  2.89801  2.37887  2.77519  2.98518  4.58477  3.61503
          0.00819  5.20486  5.92721  0.61958  0.77255  0.51327  0.91264
    145   2.86013  4.44067  5.24986  4.65514  2.58385  4.49977  4.86989  1.27078  4.46124  1.78937  3.50748  4.66131  4.84041  4.60020  4.48404  3.63957  3.49875  1.52695  5.34037  4.16458    145 i - - -
          2.68618  4.42225  2.77519  2.73123  3.46354  2.40513  3.72494  3.29354  2.67741  2.69355  4.24690  2.90347  2.73739  3.18146  2.89801  2.37887  2.77519  2.98518  4.58477  3.61503
          0.00819  5.20486  5.92721  0.61958  0.77255  0.51327  0.91264
    146   2.78372  5.21839  2.97515  2.24042  3.80537  3.61282  3.24444  3.76175  2.34642  3.38809  4.13127  2.72772  2.91960  2.19005  2.59754  2.72904  2.80174  3.21258  3.74154  3.78683    146 q - - -
          2.68618  4.42225  2.77519  2.73123  3.46354  2.40513  3.72494  3.29354  2.67741  2.69355  4.24690  2.90347  2.73739  3.18146  2.89801  2.37887  2.77519  2.98518  4.58477  3.61503
          0.00819  5.20486  5.92721  0.61958  0.77255  0.51327  0.91264
    147   2.94856  4.34213  4.98329  3.85548  3.34941  4.22899  4.56318  2.07041  4.16812  1.23658  2.00096  4.37838  4.58885  4.21027  4.19087  3.41621  3.15670  2.08452  5.06292  3.88823    147 l - - -
          2.68618  4.42225  2.77519  2.73123  3.46354  2.40513  3.72494  3.29354  2.67741  2.69355  4.24690  2.90347  2.73739  3.18146  2.89801  2.37887  2.77519  2.98518  4.58477  3.61503
          0.01649  5.20586  4.52212  0.61958  0.77255  0.51327  0.91264
    148   2.77172  5.13674  2.98833  2.32428  4.17796  3.41123  3.09694  3.76989  1.88576  3.45188  4.19285  2.78119  4.08703  2.58207  2.27607  2.31248  2.83485  3.32123  5.89909  4.22555    148 k - - -
          2.68618  4.42225  2.77519  2.73123  3.46354  2.40513  3.72494  3.29354  2.67741  2.69355  4.24690  2.90347  2.73739  3.18146  2.89801  2.37887  2.77519  2.98518  4.58477  3.61503
          0.00825  5.19763  5.91997  0.61958  0.77255  0.51888  0.90433
    149   3.02029  4.53843  5.09010  4.93785  5.61407  3.46309  5.68265  5.11080  4.87675  4.81285  5.57715  4.17826  4.59556  5.06534  4.98674  0.25875  3.59647  3.84055  6.96284  5.86926    149 S - - -
          2.68618  4.42225  2.77519  2.73123  3.46354  2.40513  3.72494  3.29354  2.67741  2.69355  4.24690  2.90347  2.73739  3.18146  2.89801  2.37887  2.77519  2.98518  4.58477  3.61503
          0.02265  5.20154  4.08108  0.61958  0.77255  0.50370  0.92707
    150   2.51846  5.24783  3.08899  2.41795  4.36213  3.11101  3.40270  4.09799  2.26894  2.32260  4.04087  3.05634  4.13216  2.07605  2.66744  2.29470  2.90865  3.70138  5.87884  4.38237    150 q - - -
          2.68618  4.42225  2.77519  2.73123  3.46354  2.40513  3.72494  3.29354  2.67741  2.69355  4.24690  2.90347  2.73739  3.18146  2.89801  2.37887  2.77519  2.98518  4.58477  3.61503
          0.00830  5.19161  5.91396  0.61958  0.77255  0.48319  0.95924
    151   2.92827  5.20650  3.24761  2.54734  4.66858  3.33146  3.72146  4.12349  2.67236  3.62683  4.20135  3.08879  4.15810  2.84924  3.10555  1.05928  2.59557  3.58066  5.82900  4.44778    151 s - - -
          2.68618  4.42225  2.77519  2.73123  3.46354  2.40513  3.72494  3.29354  2.67741  2.69355  4.24690  2.90347  2.73739  3.18146  2.89801  2.37887  2.77519  2.98518  4.58477  3.61503
          0.01468  5.20586  4.70056  0.61958  0.77255  0.51327  0.91264
    152   2.92965  5.41710  3.16843  2.69254  4.73926  3.44951  3.92709  4.20381  2.56205  3.62212  4.47746  2.09531  3.95660  3.05876  3.12936  1.92188  1.48572  3.79828  5.87840  4.48701    152 t - - -
          2.68618  4.42225  2.77519  2.73123  3.46354  2.40513  3.72494  3.29354  2.67741  2.69355  4.24690  2.90347  2.73739  3.18146  2.89801  2.37887  2.77519  2.98518  4.58477  3.61503
          0.01003  5.19942  5.41293  0.61958  0.77255  0.49915  0.93407
    153   2.82504  5.48338  2.83524  2.42385  4.82792  1.48919  3.42720  4.23299  2.11520  3.78826  4.52452  2.76062  3.97470  2.57407  2.97668  2.66597  3.20428  3.83833  5.91594  4.50474    153 g - - -
          2.68618  4.42225  2.77519  2.73123  3.46354  2.40513  3.72494  3.29354  2.67741  2.69355  4.24690  2.90347  2.73739  3.18146  2.89801  2.37887  2.77519  2.98518  4.58477  3.61503
          0.00820  5.20409  5.92644  0.61958  0.77255  0.50931  0.91857
    154   2.92033  4.79897  3.08801  2.40556  4.63515  3.60821  2.94099  3.94667  2.43474  3.70341  4.29956  2.59654  4.13496  1.37490  2.66146  2.68606  3.05009  3.81350  5.90227  4.28944    154 q - - -
          2.68618  4.42225  2.77519  2.73123  3.46354  2.40513  3.72494  3.29354  2.67741  2.69355  4.24690  2.90347  2.73739  3.18146  2.89801  2.37887  2.77519  2.98518  4.58477  3.61503
          0.00818  5.20586  5.92821  0.61958  0.77255  0.51327  0.91264
    155   2.72458  5.02258  2.71749  2.47005  4.53808  3.32592  3.29477  4.13691  2.10396  3.36119  4.07749  2.74397  3.26041  2.66365  2.24148  2.27746  2.82636  3.18291  5.63370  3.99408    155 k - - -
          2.68618  4.42225  2.77519  2.73123  3.46354  2.40513  3.72494  3.29354  2.67741  2.69355  4.24690  2.90347  2.73739  3.18146  2.89801  2.37887  2.77519  2.98518  4.58477  3.61503
          0.00818  5.20586  5.92821  0.61958  0.77255  0.51327  0.91264
    156   3.71172  4.76382  5.37255  4.89284  0.71608  4.75506  3.16351  3.26436  4.69320  2.90135  3.28325  4.71562  5.09150  4.71821  4.68101  4.08248  3.93805  3.24204  4.03684  1.90305    156 f - - -
          2.68618  4.42225  2.77519  2.73123  3.46354  2.40513  3.72494  3.29354  2.67741  2.69355  4.24690  2.90347  2.73739  3.18146  2.89801  2.37887  2.77519  2.98518  4.58477  3.61503
          0.00818  5.20586  5.92821  0.61958  0.77255  0.51327  0.91264
    157   2.90824  3.37130  3.61855  3.05649  3.73348  3.89511  3.90096  2.75197  2.44903  2.60072  3.68587  3.26958  2.75799  3.21141  1.80088  2.55143  2.84967  2.84755  5.45007  4.00350    157 r - - -
          2.68618  4.42225  2.77519  2.73123  3.46354  2.40513  3.72494  3.29354  2.67741  2.69355  4.24690  2.90347  2.73739  3.18146  2.89801  2.37887  2.77519  2.98518  4.58477  3.61503
          0.00818  5.20586  5.92821  0.61958  0.77255  0.51327  0.91264
    158   3.12958  4.52189  4.93508  4.33006  3.12335  4.28872  4.60988  2.56019  3.74087  0.79909  3.21703  4.39687  4.63877  4.29713  3.02434  3.59567  3.36003  2.38827  5.12788  3.79680    158 l - - -
          2.68618  4.42225  2.77519  2.73123  3.46354  2.40513  3.72494  3.29354  2.67741  2.69355  4.24690  2.90347  2.73739  3.18146  2.89801  2.37887  2.77519  2.98518  4.58477  3.61503
          0.00818  5.20586  5.92821  0.61958  0.77255  0.51327  0.91264
    159   2.80516  4.18949  4.46995  3.63019  1.40131  4.11039  2.83529  2.79640  3.70127  2.54398  3.52905  3.53658  4.13610  3.82836  3.58556  3.02227  3.19810  2.52709  3.98625  2.42079    159 f - - -
          2.68618  4.42225  2.77519  2.73123  3.46354  2.40513  3.72494  3.29354  2.67741  2.69355  4.24690  2.90347  2.73739  3.18146  2.89801  2.37887  2.77519  2.98518  4.58477  3.61503
          0.00818  5.20586  5.92821  0.61958  0.77255  0.51327  0.91264
    160   3.32017  4.68456  5.31842  4.73598  3.28561  4.62187  5.00575  0.80074  4.14623  2.47427  3.77293  4.76957  4.95288  4.71112  4.60208  3.95201  3.51689  1.58324  5.47654  3.81717    160 i - - -
          2.68618  4.42225  2.77519  2.73123  3.46354  2.40513  3.72494  3.29354  2.67741  2.69355  4.24690  2.90347  2.73739  3.18146  2.89801  2.37887  2.77519  2.98518  4.58477  3.61503
          0.00818  5.20586  5.92821  0.61958  0.77255  0.51327  0.91264
    161   2.63225  5.01628  2.75649  1.78021  4.82120  3.32289  3.69700  4.08828  2.09210  3.51898  4.37087  2.96702  4.13322  1.99069  2.50892  2.74586  3.07959  3.73464  5.27909  4.31463    161 e - - -
          2.68618  4.42225  2.77519  2.73123  3.46354  2.40513  3.72494  3.29354  2.67741  2.69355  4.24690  2.90347  2.73739  3.18146  2.89801  2.37887  2.77519  2.98518  4.58477  3.61503
          0.00818  5.20586  5.92821  0.61958  0.77255  0.51327  0.91264
    162   2.79058  4.31651  3.31339  2.70173  3.30913  3.77997  2.56131  3.66828  1.83415  3.15004  3.57577  3.25097  3.88456  2.25307  2.24781  2.84374  3.05835  3.37047  5.74252  4.11380    162 k - - -
          2.68618  4.42225  2.77519  2.73123  3.46354  2.40513  3.72494  3.29354  2.67741  2.69355  4.24690  2.90347  2.73739  3.18146  2.89801  2.37887  2.77519  2.98518  4.58477  3.61503
          0.01043  5.20586  5.32119  0.61958  0.77255  0.51327  0.91264
    163   2.89171  4.77242  3.18370  2.02796  4.31834  2.16506  3.59470  3.11732  2.36848  3.08882  3.93830  3.07348  4.15080  2.48632  3.03901  2.57078  2.71409  2.93113  5.80831  4.39306    163 e - - -
          2.68618  4.42225  2.77519  2.73123  3.46354  2.40513  3.72494  3.29354  2.67741  2.69355  4.24690  2.90347  2.73739  3.18146  2.89801  2.37887  2.77519  2.98518  4.58477  3.61503
          0.00820  5.20364  5.92598  0.61958  0.77255  0.50829  0.92010
    164   2.57285  5.43611  2.59537  1.96537  4.01554  3.55737  3.75868  3.54165  2.32659  3.14616  4.25314  2.90944  2.35975  2.79447  3.03022  2.66773  2.85655  3.01141  5.87172  4.29819    164 e - - -
          2.68618  4.42225  2.77519  2.73123  3.46354  2.40513  3.72494  3.29354  2.67741  2.69355  4.24690  2.90347  2.73739  3.18146  2.89801  2.37887  2.77519  2.98518  4.58477  3.61503
          0.02600  5.20586  3.90305  0.61958  0.77255  0.50324  0.92778
    165   2.18723  3.53643  3.98411  3.32269  3.41670  3.45814  3.98908  2.57838  3.30568  1.89906  3.37657  3.64359  3.63321  3.47179  3.66635  2.92566  2.62542  1.81892  5.14981  3.84151    165 v - - -
          2.68618  4.42225  2.77519  2.73123  3.46354  2.40513  3.72494  3.29354  2.67741  2.69355  4.24690  2.90347  2.73739  3.18146  2.89801  2.37887  2.77519  2.98518  4.58477  3.61503
          0.01015  5.19001  5.39834  0.61958  0.77255  0.51485  0.91028
    166   2.39841  5.17027  2.23759  1.97466  4.81485  3.37030  3.76509  4.03619  2.41527  3.57558  4.18258  2.79771  2.94311  2.64677  2.99184  2.35076  2.79055  3.33874  5.90384  4.39092    166 e - - -
          2.68618  4.42225  2.77519  2.73123  3.46354  2.40513  3.72494  3.29354  2.67741  2.69355  4.24690  2.90347  2.73739  3.18146  2.89801  2.37887  2.77519  2.98518  4.58477  3.61503
          0.01012  5.19743  5.39560  0.61958  0.77255  0.54118  0.87241
    167   2.44237  5.05281  2.91049  1.78462  4.58743  3.28791  3.56318  4.14007  2.22092  3.50435  4.23230  2.81841  3.48672  2.38574  2.89516  2.45610  2.68639  3.44414  5.90333  4.32013    167 e - - -
          2.68618  4.42225  2.77519  2.73123  3.46354  2.40513  3.72494  3.29354  2.67741  2.69355  4.24690  2.90347  2.73739  3.18146  2.89801  2.37887  2.77519  2.98518  4.58477  3.61503
          0.01298  5.19558  4.91264  0.61958  0.77255  0.53690  0.87841
    168   2.20625  5.11709  2.94692  2.34567  4.59304  3.31418  3.58011  3.90032  2.55937  3.41335  4.31736  2.91965  1.92164  2.77067  2.76918  2.38321  2.96957  3.46129  5.88360  4.26946    168 p - - -
          2.68618  4.42225  2.77519  2.73123  3.46354  2.40513  3.72494  3.29354  2.67741  2.69355  4.24690  2.90347  2.73739  3.18146  2.89801  2.37887  2.77519  2.98518  4.58477  3.61503
          0.01212  5.19276  5.03801  0.61958  0.77255  0.53054  0.88743
    169   2.56202  4.36705  3.20029  2.44127  4.00547  2.91608  3.74604  2.88207  2.43962  3.17271  3.99554  2.98085  3.95797  2.49442  2.93744  2.52209  2.63656  2.25428  5.72559  4.05227    169 v - - -
          2.68618  4.42225  2.77519  2.73123  3.46354  2.40513  3.72494  3.29354  2.67741  2.69355  4.24690  2.90347  2.73739  3.18146  2.89801  2.37887  2.77519  2.98518  4.58477  3.61503
          0.00828  5.19365  5.91600  0.61958  0.77255  0.55336  0.85569
    170   2.37398  4.62873  2.50849  2.11202  4.64695  3.12359  3.63805  3.71348  2.43412  3.28765  4.37033  2.77899  3.10576  2.63103  3.09008  2.31956  2.59057  3.42104  5.87891  3.93087    170 e - - -
          2.68618  4.42225  2.77519  2.73123  3.46354  2.40513  3.72494  3.29354  2.67741  2.69355  4.24690  2.90347  2.73739  3.18146  2.89801  2.37887  2.77519  2.98518  4.58477  3.61503
          0.01717  5.19249  4.46858  0.61958  0.77255  0.48725  0.95273
    171   2.47395  5.37950  3.06192  2.54657  4.40057  1.32145  3.78736  4.04143  2.57950  3.51785  4.28880  2.93052  3.66595  2.79924  3.11375  2.72176  3.01446  3.56511  4.86614  4.38363    171 g - - -
          2.68618  4.42225  2.77519  2.73123  3.46354  2.40513  3.72494  3.29354  2.67741  2.69355  4.24690  2.90347  2.73739  3.18146  2.89801  2.37887  2.77519  2.98518  4.58477  3.61503
          0.00826  5.19602  5.91837  0.61958  0.77255  0.49445  0.94137
    172   2.73406  5.33213  2.88654  2.20849  4.44153  2.92875  3.46813  3.73975  2.28232  2.85170  3.89138  2.75231  3.77100  2.55191  2.75738  2.45193  2.47063  3.03316  5.89455  4.23966    172 e - - -
          2.68618  4.42225  2.77519  2.73123  3.46354  2.40513  3.72494  3.29354  2.67741  2.69355  4.24690  2.90347  2.73739  3.18146  2.89801  2.37887  2.77519  2.98518  4.58477  3.61503
          0.00819  5.20472  5.92706  0.61958  0.77255  0.51327  0.91264
    173   3.06104  4.46110  4.81479  4.23152  0.86620  4.26841  4.50179  2.90227  4.06983  2.46139  3.64602  4.32434  2.77174  4.24052  4.17004  3.57304  3.26648  2.70941  5.01155  3.10451    173 f - - -
          2.68618  4.42225  2.77519  2.73123  3.46354  2.40513  3.72494  3.29354  2.67741  2.69355  4.24690  2.90347  2.73739  3.18146  2.89801  2.37887  2.77519  2.98518  4.58477  3.61503
          0.00819  5.20472  5.92706  0.61958  0.77255  0.51327  0.91264
    174   2.99136  4.65370  2.28318  2.69661  4.80443  3.05405  3.96991  4.28048  2.61484  3.69004  4.52415  1.58897  4.16246  3.07392  3.21026  1.84305  2.59851  3.85423  5.92015  4.51812    174 n - - -
          2.68618  4.42225  2.77519  2.73123  3.46354  2.40513  3.72494  3.29354  2.67741  2.69355  4.24690  2.90347  2.73739  3.18146  2.89801  2.37887  2.77519  2.98518  4.58477  3.61503
          0.00819  5.20472  5.92706  0.61958  0.77255  0.51327  0.91264
    175   2.44662  3.17434  3.20685  2.73118  4.29415  2.83966  3.53339  3.99918  2.63906  3.46766  4.37758  3.03939  3.86497  2.76550  3.02605  1.58942  2.27882  3.56184  5.79128  4.34330    175 s - - -
          2.68618  4.42225  2.77519  2.73123  3.46354  2.40513  3.72494  3.29354  2.67741  2.69355  4.24690  2.90347  2.73739  3.18146  2.89801  2.37887  2.77519  2.98518  4.58477  3.61503
          0.00819  5.20472  5.92706  0.61958  0.77255  0.51327  0.91264
    176   5.28439  6.17278  6.01617  5.97709  2.02568  5.70551  3.95734  4.87890  5.73435  3.87618  5.38205  5.20974  5.95502  4.41431  5.53257  5.11750  5.47049  4.82871  4.37424  0.29780    176 Y - - -
          2.68618  4.42225  2.77519  2.73123  3.46354  2.40513  3.72494  3.29354  2.67741  2.69355  4.24690  2.90347  2.73739  3.18146  2.89801  2.37887  2.77519  2.98518  4.58477  3.61503
          0.00819  5.20472  5.92706  0.61958  0.77255  0.51327  0.91264
    177   3.50885  5.58325  5.00761  5.05697  6.13639  0.13623  6.09377  5.83007  5.38257  5.44758  6.33095  4.99691  5.11512  5.55642  5.47848  3.94818  4.32115  5.01234  7.18807  6.32597    177 G - - -
          2.68618  4.42225  2.77519  2.73123  3.46354  2.40513  3.72494  3.29354  2.67741  2.69355  4.24690  2.90347  2.73739  3.18146  2.89801  2.37887  2.77519  2.98518  4.58477  3.61503
          0.00819  5.20472  5.92706  0.61958  0.77255  0.51327  0.91264
    178   4.66392  5.79585  6.62073  6.03024  2.30786  6.13002  6.29208  2.76592  5.91552  0.35543  3.10514  6.31121  5.94697  5.56671  5.75163  5.57052  4.83803  3.27884  6.04913  5.15070    178 L - - -
          2.68618  4.42225  2.77519  2.73123  3.46354  2.40513  3.72494  3.29354  2.67741  2.69355  4.24690  2.90347  2.73739  3.18146  2.89801  2.37887  2.77519  2.98518  4.58477  3.61503
          0.00819  5.20472  5.92706  0.61958  0.77255  0.51327  0.91264
    179   1.95199  4.45717  3.54520  3.13053  4.60982  3.13876  4.20664  3.82315  3.12397  3.64880  4.46182  2.93386  4.30145  3.46103  3.56450  0.93339  3.25475  3.47058  5.89543  4.58989    179 s - - -
          2.68618  4.42225  2.77519  2.73123  3.46354  2.40513  3.72494  3.29354  2.67741  2.69355  4.24690  2.90347  2.73739  3.18146  2.89801  2.37887  2.77519  2.98518  4.58477  3.61503
          0.00819  5.20472  5.92706  0.61958  0.77255  0.51327  0.91264
    180   2.38737  5.28629  3.12162  2.66568  4.65438  3.31654  3.58830  4.12988  2.13488  3.41796  4.30895  2.61475  3.66561  2.55531  2.33737  2.18990  2.32461  3.25280  5.89590  4.48945    180 k - - -
          2.68618  4.42225  2.77519  2.73123  3.46354  2.40513  3.72494  3.29354  2.67741  2.69355  4.24690  2.90347  2.73739  3.18146  2.89801  2.37887  2.77519  2.98518  4.58477  3.61503
          0.01061  5.20472  5.28562  0.61958  0.77255  0.51327  0.91264
    181   2.69151  5.45720  2.99776  2.33923  4.67066  3.06179  3.64404  3.82849  2.21624  3.66059  3.92436  2.35770  3.83032  2.55798  2.97477  2.42714  1.96442  3.33220  5.88691  4.48909    181 t - - -
          2.68618  4.42225  2.77519  2.73123  3.46354  2.40513  3.72494  3.29354  2.67741  2.69355  4.24690  2.90347  2.73739  3.18146  2.89801  2.37887  2.77519  2.98518  4.58477  3.61503
          0.01473  5.20232  4.69753  0.61958  0.77255  0.50791  0.92068
    182   1.50667  4.65514  3.21113  2.64999  4.45411  2.30615  3.87952  3.86486  2.67647  3.52951  4.17812  3.13825  4.17193  2.92613  3.20002  2.23948  2.67560  3.05009  5.74333  4.38695    182 a - - -
          2.68618  4.42225  2.77519  2.73123  3.46354  2.40513  3.72494  3.29354  2.67741  2.69355  4.24690  2.90347  2.73739  3.18146  2.89801  2.37887  2.77519  2.98518  4.58477  3.61503
          0.00824  5.19827  5.92061  0.61958  0.77255  0.53468  0.88154
    183   2.57891  4.70479  3.28370  2.69958  4.39862  3.57867  3.80859  3.84343  2.72132  3.40931  4.25293  3.08636  3.84105  2.83120  2.91053  2.33685  1.25119  3.43666  5.74188  4.21439    183 t - - -
          2.68618  4.42225  2.77519  2.73123  3.46354  2.40513  3.72494  3.29354  2.67741  2.69355  4.24690  2.90347  2.73739  3.18146  2.89801  2.37887  2.77519  2.98518  4.58477  3.61503
          0.00824  5.19827  5.92061  0.61958  0.77255  0.49916  0.93405
    184   3.98777  5.16663  6.12467  5.66254  4.45974  5.65081  6.40039  1.66309  5.61626  1.81693  4.17735  5.81953  5.83115  5.83077  5.75923  5.09551  4.02645  0.61488  6.62969  5.44475    184 V - - -
          2.68618  4.42225  2.77519  2.73123  3.46354  2.40513  3.72494  3.29354  2.67741  2.69355  4.24690  2.90347  2.73739  3.18146  2.89801  2.37887  2.77519  2.98518  4.58477  3.61503
          0.00819  5.20472  5.92706  0.61958  0.77255  0.51327  0.91264
    185   3.16966  5.27934  3.93744  3.69575  4.18080  3.97767  4.73695  4.57499  3.99797  4.20338  5.15603  4.12573  0.36230  4.35259  4.28550  3.50624  3.81691  4.14349  6.26345  4.85766    185 P - - -
          2.68618  4.42225  2.77519  2.73123  3.46354  2.40513  3.72494  3.29354  2.67741  2.69355  4.24690  2.90347  2.73739  3.18146  2.89801  2.37887  2.77519  2.98518  4.58477  3.61503
          0.00819  5.20472  5.92706  0.61958  0.77255  0.51327  0.91264
    186   2.92824  4.66708  2.58365  2.11057  4.18138  3.67419  2.90902  3.62640  2.53264  2.79223  3.98920  3.21089  4.18508  2.90427  3.21204  2.80536  3.20390  2.85086  2.05040  3.85216    186 w - - -
          2.68618  4.42225  2.77519  2.73123  3.46354  2.40513  3.72494  3.29354  2.67741  2.69355  4.24690  2.90347  2.73739  3.18146  2.89801  2.37887  2.77519  2.98518  4.58477  3.61503
          0.00819  5.20472  5.92706  0.61958  0.77255  0.51327  0.91264
    187   2.99571  4.24523  4.93960  4.32801  1.06190  4.18815  4.36099  2.44480  4.12296  1.95654  3.44000  4.33428  4.32387  4.26226  3.92294  3.45944  3.10795  2.57181  3.47634  3.83808    187 f - - -
          2.68618  4.42225  2.77519  2.73123  3.46354  2.40513  3.72494  3.29354  2.67741  2.69355  4.24690  2.90347  2.73739  3.18146  2.89801  2.37887  2.77519  2.98518  4.58477  3.61503
          0.00552  5.20205        *  0.61958  0.77255  0.00000        *
//
