HMMER3/f [3.2.1 | June 2018]
NAME  CRISPR-CAS_Cse2
LENG  187
ALPH  amino
RF    no
MM    no
CONS  yes
CS    no
MAP   yes
DATE  Fri Jun 18 18:44:02 2021
NSEQ  500
EFFN  9.609222
CKSUM 2868974321
STATS LOCAL MSV      -10.1196  0.70620
STATS LOCAL VITERBI  -11.3563  0.70620
STATS LOCAL FORWARD   -4.9571  0.70620
HMM          A        C        D        E        F        G        H        I        K        L        M        N        P        Q        R        S        T        V        W        Y   
            m->m     m->i     m->d     i->m     i->i     d->m     d->d
  COMPO   2.23250  4.72009  2.90532  2.66328  3.50313  3.02596  3.63707  3.21904  2.83439  2.32146  3.72269  3.27398  3.36842  2.92878  2.46504  2.68905  2.89377  2.89317  4.16417  3.56273
          2.68618  4.42225  2.77519  2.73123  3.46354  2.40513  3.72494  3.29354  2.67741  2.69355  4.24690  2.90347  2.73739  3.18146  2.89801  2.37887  2.77519  2.98518  4.58477  3.61503
          0.10753  5.91926  2.30997  0.61958  0.77255  0.00000        *
      1   3.22102  4.82981  5.00424  4.18541  3.48542  4.35290  4.82761  3.17989  4.25402  2.85814  0.53790  4.41185  4.61722  3.95997  4.13820  3.67540  3.50699  3.02923  5.44494  4.10545      1 M - - -
          2.68618  4.42225  2.77519  2.73123  3.46354  2.40513  3.72494  3.29354  2.67741  2.69355  4.24690  2.90347  2.73739  3.18146  2.89801  2.37887  2.77519  2.98518  4.58477  3.61503
          0.02251  5.81617  3.94889  0.61958  0.77255  0.95832  0.48376
      2   2.70960  5.79179  2.97092  2.55320  4.89830  3.46059  4.04244  3.89688  2.68343  3.69103  4.28035  2.54732  3.48123  3.12230  3.11668  1.73222  1.61663  3.48221  6.22640  4.43483      2 t - - -
          2.68618  4.42225  2.77519  2.73123  3.46354  2.40513  3.72494  3.29354  2.67741  2.69355  4.24690  2.90347  2.73739  3.18146  2.89801  2.37887  2.77519  2.98518  4.58477  3.61503
          0.05953  5.80358  2.90457  0.61958  0.77255  1.05808  0.42636
      3   2.79218  5.76613  2.31057  2.06121  4.58468  3.68937  3.90370  3.84928  2.41228  3.37563  4.60631  2.65579  3.06590  2.73703  2.95622  2.43938  2.03142  3.39021  5.38330  4.78770      3 t - - -
          2.68618  4.42225  2.77519  2.73123  3.46354  2.40513  3.72494  3.29354  2.67741  2.69355  4.24690  2.90347  2.73739  3.18146  2.89801  2.37887  2.77519  2.98518  4.58477  3.61503
          0.02441  5.74880  3.86678  0.61958  0.77255  1.23155  0.34508
      4   2.55417  5.75413  2.59888  2.28245  4.27775  3.43171  3.87834  4.10695  2.47894  3.40210  4.50593  2.87923  2.63084  2.59331  2.69575  2.29712  2.27302  3.12524  6.18682  4.49490      4 t - - -
          2.68618  4.42225  2.77519  2.73123  3.46354  2.40513  3.72494  3.29354  2.67741  2.69355  4.24690  2.90347  2.73739  3.18146  2.89801  2.37887  2.77519  2.98518  4.58477  3.61503
          0.47498  5.72924  0.98123  0.61958  0.77255  0.90338  0.51953
      5   2.39034  5.42013  2.97379  2.40873  4.56652  3.56337  3.74263  3.22053  2.38212  2.57463  3.54850  3.23913  2.55768  2.88376  2.41536  2.62398  2.79555  3.10394  5.04835  4.10799      5 k - - -
          2.68618  4.42225  2.77519  2.73123  3.46354  2.40513  3.72494  3.29354  2.67741  2.69355  4.24690  2.90347  2.73739  3.18146  2.89801  2.37887  2.77519  2.98518  4.58477  3.61503
          0.00717  5.33709  6.05944  0.61958  0.77255  1.65950  0.21101
      6   2.22026  5.54617  3.00305  2.52441  4.70306  2.89597  3.56964  3.82356  2.47962  3.45946  4.21749  2.98926  3.10840  2.47870  2.58186  2.28033  2.34530  3.38862  5.19517  3.83328      6 a - - -
          2.68618  4.42225  2.77519  2.73123  3.46354  2.40513  3.72494  3.29354  2.67741  2.69355  4.24690  2.90347  2.73739  3.18146  2.89801  2.37887  2.77519  2.98518  4.58477  3.61503
          0.01525  5.37888  4.55466  0.61958  0.77255  1.51152  0.24920
      7   2.57042  5.58933  2.20061  2.06128  4.61567  3.19602  3.79205  3.95658  2.49405  3.75128  4.42289  2.74416  2.94102  2.87408  2.63095  2.15511  2.62731  3.82535  6.02162  4.32896      7 e - - -
          2.68618  4.42225  2.77519  2.73123  3.46354  2.40513  3.72494  3.29354  2.67741  2.69355  4.24690  2.90347  2.73739  3.18146  2.89801  2.37887  2.77519  2.98518  4.58477  3.61503
          0.26589  5.43146  1.47360  0.61958  0.77255  0.74516  0.64370
      8   2.32739  5.60705  2.75507  2.16444  4.42348  3.38239  3.38457  4.30625  2.43245  2.82064  4.64782  3.13866  3.43725  2.54147  1.99527  2.48335  2.91781  3.75817  5.55832  4.19073      8 r - - -
          2.68618  4.42225  2.77519  2.73123  3.46354  2.40513  3.72494  3.29354  2.67741  2.69355  4.24690  2.90347  2.73739  3.18146  2.89801  2.37887  2.77519  2.98518  4.58477  3.61503
          0.03116  5.46979  3.63202  0.61958  0.77255  0.43846  1.03573
      9   2.42834  5.77847  2.68614  2.21410  4.47725  2.60150  3.89558  4.29327  2.21387  3.64995  3.88168  3.09825  2.93018  2.50341  2.31645  2.67545  2.85313  3.62782  4.64102  4.25316      9 k - - -
          2.68618  4.42225  2.77519  2.73123  3.46354  2.40513  3.72494  3.29354  2.67741  2.69355  4.24690  2.90347  2.73739  3.18146  2.89801  2.37887  2.77519  2.98518  4.58477  3.61503
          0.00465  5.76859  6.49094  0.61958  0.77255  1.04128  0.43541
     10   2.18983  4.97956  2.93122  2.25466  4.03592  3.36490  3.44997  4.00159  2.36772  3.09727  4.55128  2.97053  3.00571  2.56535  2.46806  2.32610  2.75132  3.66270  4.95292  4.22732     10 a - - -
          2.68618  4.42225  2.77519  2.73123  3.46354  2.40513  3.72494  3.29354  2.67741  2.69355  4.24690  2.90347  2.73739  3.18146  2.89801  2.37887  2.77519  2.98518  4.58477  3.61503
          0.07346  5.78277  2.69192  0.61958  0.77255  0.77772  0.61517
     11   2.23569  3.86963  5.15476  3.70804  3.10669  3.55155  4.65978  2.28329  3.82378  1.81324  3.26937  4.30610  3.53040  3.76794  3.41272  3.02641  2.83002  1.73966  3.82657  3.49404     11 v - - -
          2.68618  4.42225  2.77519  2.73123  3.46354  2.40513  3.72494  3.29354  2.67741  2.69355  4.24690  2.90347  2.73739  3.18146  2.89801  2.37887  2.77519  2.98518  4.58477  3.61503
          0.19768  5.75816  1.73606  0.61958  0.77255  0.67588  0.71072
     12   2.18653  5.19124  2.78105  2.27308  4.19013  2.33479  3.37084  4.26964  2.35871  3.81029  4.61666  3.12656  3.48203  2.61853  2.52458  2.52742  3.03792  3.55109  5.34477  3.18475     12 a - - -
          2.68618  4.42225  2.77519  2.73123  3.46354  2.40513  3.72494  3.29354  2.67741  2.69355  4.24690  2.90347  2.73739  3.18146  2.89801  2.37887  2.77519  2.98518  4.58477  3.61503
          0.00524  5.64895  6.37130  0.61958  0.77255  1.46959  0.26139
     13   2.14771  5.26265  2.48245  2.32082  4.69006  3.29279  3.54318  4.17825  2.26269  3.49121  4.41035  2.90453  3.66224  2.51317  2.21727  2.45301  2.81748  3.56997  5.65589  4.48664     13 a - - -
          2.68618  4.42225  2.77519  2.73123  3.46354  2.40513  3.72494  3.29354  2.67741  2.69355  4.24690  2.90347  2.73739  3.18146  2.89801  2.37887  2.77519  2.98518  4.58477  3.61503
          0.01045  5.64895  4.97993  0.61958  0.77255  1.06723  0.42153
     14   1.92514  4.45201  4.24514  3.57621  1.58600  3.88862  3.68427  2.95666  3.82315  2.37376  3.53153  4.25999  3.84575  3.77340  3.55134  3.03185  2.99501  2.37270  4.01541  2.86609     14 f - - -
          2.68618  4.42225  2.77519  2.73123  3.46354  2.40513  3.72494  3.29354  2.67741  2.69355  4.24690  2.90347  2.73739  3.18146  2.89801  2.37887  2.77519  2.98518  4.58477  3.61503
          0.00499  5.69900  6.42134  0.61958  0.77255  0.41470  1.08039
     15   2.63472  4.80668  4.91911  4.51865  3.58194  4.60283  4.93724  1.76773  4.44355  1.86540  3.61694  4.76336  4.96608  4.69597  4.57392  3.83370  2.16291  1.20574  5.43234  4.05908     15 v - - -
          2.68618  4.42225  2.77519  2.73123  3.46354  2.40513  3.72494  3.29354  2.67741  2.69355  4.24690  2.90347  2.73739  3.18146  2.89801  2.37887  2.77519  2.98518  4.58477  3.61503
          0.11221  5.85664  2.27032  0.61958  0.77255  0.74483  0.64400
     16   1.97843  5.17777  2.64394  2.48754  4.33771  2.88129  3.54134  4.27256  2.53617  2.93318  4.00132  2.84088  4.43200  2.86346  2.34081  2.40017  2.81514  3.49450  5.10897  3.55604     16 a - - -
          2.68618  4.42225  2.77519  2.73123  3.46354  2.40513  3.72494  3.29354  2.67741  2.69355  4.24690  2.90347  2.73739  3.18146  2.89801  2.37887  2.77519  2.98518  4.58477  3.61503
          0.27250  5.75975  1.44659  0.61958  0.77255  1.19993  0.35841
     17   2.47554  5.60514  3.16724  2.56769  3.84827  3.19971  2.98344  4.42472  2.42760  3.79076  4.49492  2.90131  4.16969  2.71815  1.96563  2.42776  2.81000  3.92721  3.28913  2.73652     17 r - - -
          2.68618  4.42225  2.77519  2.73123  3.46354  2.40513  3.72494  3.29354  2.67741  2.69355  4.24690  2.90347  2.73739  3.18146  2.89801  2.37887  2.77519  2.98518  4.58477  3.61503
          0.01141  5.49338  4.92997  0.61958  0.77255  1.58423  0.22955
     18   2.62663  4.21529  4.78638  4.53603  3.47543  4.14060  4.70496  1.45856  4.32512  1.54379  3.53193  4.52806  4.26198  4.45987  4.03427  3.68193  3.19834  1.58074  5.20312  4.02661     18 i - - -
          2.68618  4.42225  2.77519  2.73123  3.46354  2.40513  3.72494  3.29354  2.67741  2.69355  4.24690  2.90347  2.73739  3.18146  2.89801  2.37887  2.77519  2.98518  4.58477  3.61503
          0.03604  5.50814  3.46278  0.61958  0.77255  0.23896  1.54857
     19   2.43226  4.73073  2.87393  2.03615  4.07346  2.80205  3.37195  3.56892  2.45280  3.27561  4.08739  2.88542  4.08936  2.40936  2.40621  2.60278  2.78581  3.76326  5.69649  3.88395     19 e - - -
          2.68618  4.42225  2.77519  2.73123  3.46354  2.40513  3.72494  3.29354  2.67741  2.69355  4.24690  2.90347  2.73739  3.18146  2.89801  2.37887  2.77519  2.98518  4.58477  3.61503
          0.02278  5.85017  3.93024  0.61958  0.77255  0.60027  0.79555
     20   2.34153  5.83364  2.80404  2.32155  4.65346  3.08678  3.63502  3.82715  2.36509  3.42097  4.25698  3.22561  4.16075  2.53983  1.93278  2.28689  2.79449  3.90497  4.06825  3.95507     20 r - - -
          2.68618  4.42225  2.77519  2.73123  3.46354  2.40513  3.72494  3.29354  2.67741  2.69355  4.24690  2.90347  2.73739  3.18146  2.89801  2.37887  2.77519  2.98518  4.58477  3.61503
          0.00424  5.86103  6.58338  0.61958  0.77255  0.75470  0.63517
     21   3.23252  4.81241  5.34135  4.38519  3.43383  4.59321  4.36260  2.41877  4.39825  0.71194  2.85585  4.13704  4.95742  4.16663  3.10377  3.83834  3.55535  2.65840  4.35936  4.25621     21 l - - -
          2.68618  4.42225  2.77519  2.73123  3.46354  2.40513  3.72494  3.29354  2.67741  2.69355  4.24690  2.90347  2.73739  3.18146  2.89801  2.37887  2.77519  2.98518  4.58477  3.61503
          0.10835  5.86745  2.30403  0.61958  0.77255  0.79104  0.60399
     22   2.18534  3.09086  2.81670  2.71014  4.06856  3.74375  3.42343  3.38164  2.60083  3.42736  4.45133  3.06945  3.75508  1.76042  3.12683  2.71779  3.09354  2.98290  5.68089  3.24506     22 q - - -
          2.68618  4.42225  2.77519  2.73123  3.46354  2.40513  3.72494  3.29354  2.67741  2.69355  4.24690  2.90347  2.73739  3.18146  2.89801  2.37887  2.77519  2.98518  4.58477  3.61503
          0.18629  5.76378  1.79079  0.61958  0.77255  1.18794  0.36362
     23   2.10103  5.66958  3.04728  2.38820  4.66111  2.59804  3.19055  4.37709  2.58852  2.96480  4.71026  2.63423  3.35795  2.83914  2.11264  2.51074  2.93959  3.63811  6.10232  4.33991     23 a - - -
          2.68618  4.42225  2.77519  2.73123  3.46354  2.40513  3.72494  3.29354  2.67741  2.69355  4.24690  2.90347  2.73739  3.18146  2.89801  2.37887  2.77519  2.98518  4.58477  3.61503
          0.36266  5.58309  1.20258  0.61958  0.77255  0.76407  0.62692
     24   2.69107  3.38677  2.57741  2.39958  4.23670  2.70754  3.54266  3.59835  2.51939  3.43348  4.44165  2.72040  3.80389  2.48050  2.54259  2.44114  2.59866  3.23021  6.00924  4.15474     24 e - - -
          2.68618  4.42225  2.77519  2.73123  3.46354  2.40513  3.72494  3.29354  2.67741  2.69355  4.24690  2.90347  2.73739  3.18146  2.89801  2.37887  2.77519  2.98518  4.58477  3.61503
          0.00653  5.42986  6.15221  0.61958  0.77255  1.80386  0.17992
     25   2.10052  5.58217  3.20910  2.48089  4.92510  3.06443  3.69188  4.04818  2.45983  3.59915  4.62339  3.07643  2.07174  2.61839  2.93091  1.92094  2.97798  3.97166  6.01613  4.28037     25 s - - -
          2.68618  4.42225  2.77519  2.73123  3.46354  2.40513  3.72494  3.29354  2.67741  2.69355  4.24690  2.90347  2.73739  3.18146  2.89801  2.37887  2.77519  2.98518  4.58477  3.61503
          0.00653  5.42986  6.15221  0.61958  0.77255  0.32131  1.29170
     26   2.18483  5.81291  2.48417  2.23947  4.51331  3.23468  3.26747  4.36905  2.54232  3.43414  4.07829  2.54718  3.22349  2.62233  2.46633  2.45380  2.99208  3.79416  4.51279  3.89393     26 a - - -
          2.68618  4.42225  2.77519  2.73123  3.46354  2.40513  3.72494  3.29354  2.67741  2.69355  4.24690  2.90347  2.73739  3.18146  2.89801  2.37887  2.77519  2.98518  4.58477  3.61503
          0.00440  5.82408  6.54642  0.61958  0.77255  0.82433  0.57720
     27   1.87439  5.31075  1.69256  2.62899  4.99001  2.82708  4.27166  4.49974  2.75455  3.98451  4.72425  2.51027  3.02507  2.92437  2.95807  2.43934  3.12382  3.76097  5.64222  4.62502     27 d - - -
          2.68618  4.42225  2.77519  2.73123  3.46354  2.40513  3.72494  3.29354  2.67741  2.69355  4.24690  2.90347  2.73739  3.18146  2.89801  2.37887  2.77519  2.98518  4.58477  3.61503
          0.00639  5.84025  5.66740  0.61958  0.77255  0.49603  0.93891
     28   2.95458  5.83096  3.54302  2.98740  5.16741  3.39710  4.10370  4.25200  1.92174  3.94399  4.74672  2.90479  2.61641  3.29571  1.51885  2.60197  2.51596  2.71953  6.26883  4.21600     28 r - - -
          2.68618  4.42225  2.77519  2.73123  3.46354  2.40513  3.72494  3.29354  2.67741  2.69355  4.24690  2.90347  2.73739  3.18146  2.89801  2.37887  2.77519  2.98518  4.58477  3.61503
          0.00413  5.88624  6.60858  0.61958  0.77255  0.64274  0.74623
     29   1.33576  5.79527  3.63744  2.95396  5.11717  1.29535  4.33438  4.58243  2.78157  3.88315  4.84854  3.62468  3.94925  3.09919  2.99256  2.81443  3.45738  3.92606  6.24836  4.85761     29 g - - -
          2.68618  4.42225  2.77519  2.73123  3.46354  2.40513  3.72494  3.29354  2.67741  2.69355  4.24690  2.90347  2.73739  3.18146  2.89801  2.37887  2.77519  2.98518  4.58477  3.61503
          0.00412  5.89082  6.61317  0.61958  0.77255  0.66665  0.72036
     30   1.77989  5.05880  2.24712  2.33816  3.71241  3.59065  4.05489  3.33513  2.89577  2.79491  3.73533  3.31039  3.90507  3.13413  3.11516  2.83957  2.53617  2.81150  4.34091  3.80396     30 a - - -
          2.68618  4.42225  2.77519  2.73123  3.46354  2.40513  3.72494  3.29354  2.67741  2.69355  4.24690  2.90347  2.73739  3.18146  2.89801  2.37887  2.77519  2.98518  4.58477  3.61503
          0.00412  5.89082  6.61317  0.61958  0.77255  0.65192  0.73615
     31   2.65817  4.61166  4.50005  3.85287  4.06288  4.10843  4.29511  2.98926  2.95293  1.23286  3.34861  4.27089  4.44584  3.54943  1.48331  3.43065  3.64895  2.93793  5.62409  4.19982     31 l - - -
          2.68618  4.42225  2.77519  2.73123  3.46354  2.40513  3.72494  3.29354  2.67741  2.69355  4.24690  2.90347  2.73739  3.18146  2.89801  2.37887  2.77519  2.98518  4.58477  3.61503
          0.00411  5.89215  6.61449  0.61958  0.77255  0.65900  0.72850
     32   0.28465  5.52449  4.97049  4.57937  5.54191  3.72920  5.09850  4.95954  4.57202  4.63637  5.46398  4.47892  4.75166  4.50434  4.57571  2.72917  3.58778  3.78980  6.90528  5.70346     32 A - - -
          2.68618  4.42225  2.77519  2.73123  3.46354  2.40513  3.72494  3.29354  2.67741  2.69355  4.24690  2.90347  2.73739  3.18146  2.89801  2.37887  2.77519  2.98518  4.58477  3.61503
          0.00411  5.89215  6.61449  0.61958  0.77255  0.65900  0.72850
     33   1.75749  5.39524  3.05614  2.11956  5.20071  3.57282  4.17171  4.02627  2.43110  3.72567  4.68820  2.85828  4.51062  2.31685  1.94273  2.69814  3.17039  3.29194  6.28762  4.69696     33 a - - -
          2.68618  4.42225  2.77519  2.73123  3.46354  2.40513  3.72494  3.29354  2.67741  2.69355  4.24690  2.90347  2.73739  3.18146  2.89801  2.37887  2.77519  2.98518  4.58477  3.61503
          0.00411  5.89215  6.61449  0.61958  0.77255  0.60957  0.78435
     34   4.02269  6.33354  7.20253  6.61407  3.78969  6.69419  6.93184  2.78438  6.50494  0.21323  3.51259  6.89547  6.52356  6.16681  6.34483  6.13776  5.38067  3.35019  6.67930  5.83197     34 L - - -
          2.68618  4.42225  2.77519  2.73123  3.46354  2.40513  3.72494  3.29354  2.67741  2.69355  4.24690  2.90347  2.73739  3.18146  2.89801  2.37887  2.77519  2.98518  4.58477  3.61503
          0.00409  5.89667  6.61901  0.61958  0.77255  0.63244  0.75778
     35   3.72494  5.67660  5.30794  4.21148  6.34955  5.17070  4.63409  5.57703  2.18695  4.88340  5.77277  4.18237  5.47302  3.80041  0.31240  4.06892  4.73048  5.26844  6.81720  5.76378     35 R - - -
          2.68618  4.42225  2.77519  2.73123  3.46354  2.40513  3.72494  3.29354  2.67741  2.69355  4.24690  2.90347  2.73739  3.18146  2.89801  2.37887  2.77519  2.98518  4.58477  3.61503
          0.00409  5.89667  6.61901  0.61958  0.77255  0.63244  0.75778
     36   3.04210  4.98439  3.49401  3.02236  5.18847  3.61539  3.31482  4.66990  2.60745  3.87253  4.72869  2.92754  4.31756  3.21246  0.79272  2.69875  3.38665  4.23636  6.28332  4.87690     36 r - - -
          2.68618  4.42225  2.77519  2.73123  3.46354  2.40513  3.72494  3.29354  2.67741  2.69355  4.24690  2.90347  2.73739  3.18146  2.89801  2.37887  2.77519  2.98518  4.58477  3.61503
          0.00409  5.89667  6.61901  0.61958  0.77255  0.63244  0.75778
     37   1.66608  2.90925  4.37135  3.65732  4.08451  1.61099  4.77779  3.16020  4.00815  2.56995  3.17553  3.80068  4.24303  4.26116  4.17846  2.14137  3.13339  2.86878  4.53106  3.93829     37 g - - -
          2.68618  4.42225  2.77519  2.73123  3.46354  2.40513  3.72494  3.29354  2.67741  2.69355  4.24690  2.90347  2.73739  3.18146  2.89801  2.37887  2.77519  2.98518  4.58477  3.61503
          0.00996  5.89667  4.93902  0.61958  0.77255  0.63244  0.75778
     38   1.97775  5.69942  2.37408  2.75097  4.32963  3.32274  3.89748  2.86841  2.74056  2.00008  4.26727  3.30633  4.11370  2.96807  3.19373  2.70396  2.91168  2.49130  5.69827  4.80089     38 a - - -
          2.68618  4.42225  2.77519  2.73123  3.46354  2.40513  3.72494  3.29354  2.67741  2.69355  4.24690  2.90347  2.73739  3.18146  2.89801  2.37887  2.77519  2.98518  4.58477  3.61503
          0.48257  5.89082  0.96749  0.61958  0.77255  0.62365  0.76784
     39   2.47065  5.40004  3.31732  2.85564  4.67514  1.23903  4.08239  3.89352  2.82284  3.59744  4.08746  3.05437  3.78255  3.16273  2.87396  2.38225  2.66694  3.50435  5.87812  4.27103     39 g - - -
          2.68618  4.42225  2.77519  2.73123  3.46354  2.40513  3.72494  3.29354  2.67741  2.69355  4.24690  2.90347  2.73739  3.18146  2.89801  2.37887  2.77519  2.98518  4.58477  3.61503
          0.00659  5.42120  6.14354  0.61958  0.77255  1.35114  0.29968
     40   2.80166  4.92083  3.25714  2.71062  3.25876  3.25053  3.84097  3.51990  1.81370  2.99550  4.19831  2.59021  4.29356  2.74561  1.76363  2.78699  3.09434  3.60673  6.01364  4.61842     40 r - - -
          2.68618  4.42225  2.77519  2.73123  3.46354  2.40513  3.72494  3.29354  2.67741  2.69355  4.24690  2.90347  2.73739  3.18146  2.89801  2.37887  2.77519  2.98518  4.58477  3.61503
          0.10439  5.50208  2.35337  0.61958  0.77255  0.55430  0.85443
     41   2.59867  5.72763  2.31350  1.99019  5.07362  3.17622  3.91140  4.56024  2.68549  3.26396  4.40415  2.79005  2.32786  2.87847  2.82275  2.25305  2.57044  3.78456  6.15977  4.74826     41 e - - -
          2.68618  4.42225  2.77519  2.73123  3.46354  2.40513  3.72494  3.29354  2.67741  2.69355  4.24690  2.90347  2.73739  3.18146  2.89801  2.37887  2.77519  2.98518  4.58477  3.61503
          0.04959  5.68071  3.10188  0.61958  0.77255  0.40796  1.09364
     42   2.34430  4.91018  3.74170  3.97686  3.64212  3.89798  4.39749  2.72979  3.79077  2.15028  3.70946  4.34516  1.22145  4.02257  3.91865  2.98220  3.23087  2.27149  5.51483  3.73894     42 p - - -
          2.68618  4.42225  2.77519  2.73123  3.46354  2.40513  3.72494  3.29354  2.67741  2.69355  4.24690  2.90347  2.73739  3.18146  2.89801  2.37887  2.77519  2.98518  4.58477  3.61503
          0.01486  5.81593  4.44241  0.61958  0.77255  0.94962  0.48921
     43   2.34405  5.14187  2.13328  2.19100  4.29444  1.71616  3.42219  4.47593  2.87021  3.40192  4.59242  3.04583  3.84362  3.12192  3.26175  2.59657  2.87618  3.50193  6.23074  4.13104     43 g - - -
          2.68618  4.42225  2.77519  2.73123  3.46354  2.40513  3.72494  3.29354  2.67741  2.69355  4.24690  2.90347  2.73739  3.18146  2.89801  2.37887  2.77519  2.98518  4.58477  3.61503
          0.03067  5.81191  3.60419  0.61958  0.77255  0.45141  1.01261
     44   2.32036  5.53432  2.04980  1.88349  4.79301  3.31683  3.81643  4.53557  2.61493  3.93338  4.72337  3.25974  4.06657  2.48766  2.82287  2.29184  2.27897  3.86588  6.26878  4.29082     44 e - - -
          2.68618  4.42225  2.77519  2.73123  3.46354  2.40513  3.72494  3.29354  2.67741  2.69355  4.24690  2.90347  2.73739  3.18146  2.89801  2.37887  2.77519  2.98518  4.58477  3.61503
          0.01756  5.86050  4.22969  0.61958  0.77255  0.50975  0.91791
     45   2.27027  3.49645  2.79454  2.28844  4.12763  4.17506  4.05659  2.75524  3.18632  2.81281  3.58429  3.28027  3.58246  3.11762  3.64779  2.46625  2.42002  2.20477  4.29405  3.54575     45 v - - -
          2.68618  4.42225  2.77519  2.73123  3.46354  2.40513  3.72494  3.29354  2.67741  2.69355  4.24690  2.90347  2.73739  3.18146  2.89801  2.37887  2.77519  2.98518  4.58477  3.61503
          0.00416  5.88128  6.60362  0.61958  0.77255  0.71969  0.66729
     46   2.43675  5.69917  3.17499  2.49106  4.02336  3.57644  3.71655  3.70131  2.99928  3.19830  3.80116  3.56625  1.37456  2.74214  3.18617  2.78201  3.01495  3.39907  5.24277  3.21673     46 p - - -
          2.68618  4.42225  2.77519  2.73123  3.46354  2.40513  3.72494  3.29354  2.67741  2.69355  4.24690  2.90347  2.73739  3.18146  2.89801  2.37887  2.77519  2.98518  4.58477  3.61503
          0.00731  5.88128  5.40457  0.61958  0.77255  0.71969  0.66729
     47   1.71030  5.84220  2.54124  2.08374  4.42502  2.81592  3.97751  4.52502  2.78170  3.31624  4.68098  3.45507  3.17560  2.60076  2.47066  2.74719  3.07518  3.41946  5.50206  3.69000     47 a - - -
          2.68618  4.42225  2.77519  2.73123  3.46354  2.40513  3.72494  3.29354  2.67741  2.69355  4.24690  2.90347  2.73739  3.18146  2.89801  2.37887  2.77519  2.98518  4.58477  3.61503
          0.01565  5.87813  4.36426  0.61958  0.77255  0.44203  1.02926
     48   2.01024  4.10642  5.42361  4.55264  1.95790  4.12278  4.65054  2.40325  4.59076  1.85247  2.49498  4.78723  4.98588  4.72047  4.59613  2.71688  3.03405  2.06759  5.44769  3.02351     48 l - - -
          2.68618  4.42225  2.77519  2.73123  3.46354  2.40513  3.72494  3.29354  2.67741  2.69355  4.24690  2.90347  2.73739  3.18146  2.89801  2.37887  2.77519  2.98518  4.58477  3.61503
          0.00409  5.89762  6.61996  0.61958  0.77255  0.49439  0.94146
     49   3.11411  4.34857  4.76500  4.22246  2.78821  3.76668  2.36613  3.12461  4.30051  2.42195  3.54937  4.34828  4.66959  3.44594  2.99870  3.56410  3.34211  2.77452  1.44111  2.31060     49 w - - -
          2.68618  4.42225  2.77519  2.73123  3.46354  2.40513  3.72494  3.29354  2.67741  2.69355  4.24690  2.90347  2.73739  3.18146  2.89801  2.37887  2.77519  2.98518  4.58477  3.61503
          0.00404  5.91012  6.63247  0.61958  0.77255  0.54812  0.86283
     50   2.61624  5.86729  2.73747  2.12006  5.21310  2.63158  3.44945  4.40783  2.79570  3.73052  4.63475  3.32132  2.02233  2.91031  1.76163  2.93472  3.22381  4.06921  5.40935  4.26670     50 r - - -
          2.68618  4.42225  2.77519  2.73123  3.46354  2.40513  3.72494  3.29354  2.67741  2.69355  4.24690  2.90347  2.73739  3.18146  2.89801  2.37887  2.77519  2.98518  4.58477  3.61503
          0.20636  5.91012  1.69421  0.61958  0.77255  0.54812  0.86283
     51   2.52690  4.56194  4.01205  3.57133  2.67383  4.07972  3.33431  2.01803  4.11402  1.55257  3.50861  4.07404  4.82640  3.73634  3.95960  3.61433  3.31923  2.40274  4.16268  2.17233     51 l - - -
          2.68618  4.42225  2.77519  2.73123  3.46354  2.40513  3.72494  3.29354  2.67741  2.69355  4.24690  2.90347  2.73739  3.18146  2.89801  2.37887  2.77519  2.98518  4.58477  3.61503
          0.00645  5.70871  5.77390  0.61958  0.77255  0.25083  1.50577
     52   3.02173  4.63442  4.27743  4.41186  2.87764  4.21831  4.65580  2.44811  4.58955  1.19404  3.29743  4.78677  4.98636  4.71978  4.37345  3.93419  2.42682  1.59560  4.37423  3.25662     52 l - - -
          2.68618  4.42225  2.77519  2.73123  3.46354  2.40513  3.72494  3.29354  2.67741  2.69355  4.24690  2.90347  2.73739  3.18146  2.89801  2.37887  2.77519  2.98518  4.58477  3.61503
          0.01687  5.89876  4.26987  0.61958  0.77255  0.53383  0.88274
     53   2.00358  4.27079  3.94976  2.92586  2.37278  3.32295  4.11278  3.04431  3.81052  1.70619  3.33007  3.84829  4.55457  3.43100  3.34820  3.31774  3.01933  2.49236  3.44159  3.06992     53 l - - -
          2.68618  4.42225  2.77519  2.73123  3.46354  2.40513  3.72494  3.29354  2.67741  2.69355  4.24690  2.90347  2.73739  3.18146  2.89801  2.37887  2.77519  2.98518  4.58477  3.61503
          0.07836  5.89408  2.62267  0.61958  0.77255  0.64776  0.74069
     54   2.47210  5.19772  2.89690  2.30528  4.39956  3.21830  3.40248  4.49126  2.80247  2.97651  3.91648  3.33283  2.39081  2.65559  2.04160  2.46794  2.69315  3.48327  5.72677  4.33696     54 r - - -
          2.68618  4.42225  2.77519  2.73123  3.46354  2.40513  3.72494  3.29354  2.67741  2.69355  4.24690  2.90347  2.73739  3.18146  2.89801  2.37887  2.77519  2.98518  4.58477  3.61503
          0.06525  5.82014  2.81010  0.61958  0.77255  0.33365  1.25984
     55   2.70344  4.76410  2.86594  2.30477  2.65267  2.61475  3.12928  3.94385  2.70692  3.26462  4.52512  2.82436  3.88388  2.82454  2.47179  2.64693  3.29884  3.58448  3.10041  3.19513     55 e - - -
          2.68618  4.42225  2.77519  2.73123  3.46354  2.40513  3.72494  3.29354  2.67741  2.69355  4.24690  2.90347  2.73739  3.18146  2.89801  2.37887  2.77519  2.98518  4.58477  3.61503
          0.01470  5.85132  4.44702  0.61958  0.77255  0.79970  0.59686
     56   2.87032  4.09014  3.93505  3.95319  3.16562  3.31925  4.32456  2.37299  4.30348  1.18143  2.71151  4.07879  3.91740  4.01286  3.69815  3.64096  2.87780  2.09902  4.44258  3.92514     56 l - - -
          2.68618  4.42225  2.77519  2.73123  3.46354  2.40513  3.72494  3.29354  2.67741  2.69355  4.24690  2.90347  2.73739  3.18146  2.89801  2.37887  2.77519  2.98518  4.58477  3.61503
          0.32064  5.84750  1.30407  0.61958  0.77255  0.66486  0.72225
     57   2.78868  4.38368  2.73090  2.60221  4.50532  3.38155  3.98711  3.36378  2.63348  3.63682  4.63862  3.23588  1.27438  2.97245  2.97365  2.68769  3.19835  3.28324  6.04064  4.53444     57 p - - -
          2.68618  4.42225  2.77519  2.73123  3.46354  2.40513  3.72494  3.29354  2.67741  2.69355  4.24690  2.90347  2.73739  3.18146  2.89801  2.37887  2.77519  2.98518  4.58477  3.61503
          0.01354  5.56370  4.64499  0.61958  0.77255  0.57856  0.82259
     58   2.48276  5.45416  1.96701  1.50815  4.37117  3.15715  3.73668  4.22865  2.63697  3.65106  4.65925  3.03084  3.38042  2.92318  2.78833  2.65673  3.13962  3.70749  6.20827  4.35900     58 e - - -
          2.68618  4.42225  2.77519  2.73123  3.46354  2.40513  3.72494  3.29354  2.67741  2.69355  4.24690  2.90347  2.73739  3.18146  2.89801  2.37887  2.77519  2.98518  4.58477  3.61503
          0.11333  5.76309  2.26334  0.61958  0.77255  0.88648  0.53120
     59   2.53276  5.39758  2.40566  1.89974  4.55068  2.76315  3.68487  3.75054  2.50508  2.72522  4.49806  2.83362  3.56242  2.76754  2.80129  2.45288  2.85854  3.84558  5.67889  4.09102     59 e - - -
          2.68649  4.42292  2.77502  2.73049  3.46287  2.40485  3.72519  3.29384  2.67783  2.69302  4.24624  2.90350  2.73784  3.18166  2.89816  2.37916  2.77545  2.98565  4.58326  3.61415
          1.08330  0.72512  1.73015  0.52677  0.89284  1.19866  0.35896
     60   2.61135  5.31159  2.10262  2.41708  4.35677  2.03193  3.56184  3.90964  2.51593  3.49659  4.31609  2.90039  3.48824  2.74071  2.71412  2.56484  3.19405  3.49850  4.07531  4.42074     62 g - - -
          2.68618  4.42225  2.77519  2.73123  3.46354  2.40513  3.72494  3.29354  2.67741  2.69355  4.24690  2.90347  2.73739  3.18146  2.89801  2.37887  2.77519  2.98518  4.58477  3.61503
          0.12075  5.52583  2.20944  0.61958  0.77255  0.46308  0.99247
     61   2.19127  4.88326  2.65495  1.78275  4.81125  3.56269  3.39322  4.27505  2.29611  3.74123  4.46336  2.96560  3.87102  2.77061  2.31570  2.54382  2.84772  3.37169  5.32089  4.35711     63 e - - -
          2.68618  4.42225  2.77519  2.73123  3.46354  2.40513  3.72494  3.29354  2.67741  2.69355  4.24690  2.90347  2.73739  3.18146  2.89801  2.37887  2.77519  2.98518  4.58477  3.61503
          0.24649  5.70691  1.53647  0.61958  0.77255  0.95509  0.48577
     62   2.53230  5.61263  2.69767  2.45461  4.40136  3.37185  3.63702  3.63754  2.57739  2.84550  3.99711  2.79260  1.85441  2.77933  2.95223  2.55142  3.01211  3.39091  5.56836  4.18855     64 p - - -
          2.68618  4.42225  2.77519  2.73123  3.46354  2.40513  3.72494  3.29354  2.67741  2.69355  4.24690  2.90347  2.73739  3.18146  2.89801  2.37887  2.77519  2.98518  4.58477  3.61503
          0.00906  5.52922  5.28835  0.61958  0.77255  0.30307  1.34150
     63   2.55988  5.50722  2.41176  1.95354  4.68078  3.33030  3.84146  4.65964  2.75394  3.75282  4.45489  3.14693  2.76237  3.09888  2.94162  2.00338  1.97409  3.75917  6.25991  4.65867     65 e - - -
          2.68618  4.42225  2.77519  2.73123  3.46354  2.40513  3.72494  3.29354  2.67741  2.69355  4.24690  2.90347  2.73739  3.18146  2.89801  2.37887  2.77519  2.98518  4.58477  3.61503
          0.02270  5.84764  3.93417  0.61958  0.77255  0.64953  0.73876
     64   2.33455  5.14194  2.52120  2.54374  4.11729  3.40397  3.35937  4.13110  2.48288  3.91229  4.40803  3.04311  3.00026  2.78042  2.28004  2.72902  3.15072  3.56901  2.71576  2.84491     66 r - - -
          2.68618  4.42225  2.77519  2.73123  3.46354  2.40513  3.72494  3.29354  2.67741  2.69355  4.24690  2.90347  2.73739  3.18146  2.89801  2.37887  2.77519  2.98518  4.58477  3.61503
          0.00427  5.85412  6.57647  0.61958  0.77255  0.35904  1.19848
     65   2.17023  5.08629  2.48651  1.93192  4.61557  2.89711  3.60279  4.30085  2.75447  3.68144  4.73430  3.27969  3.57003  2.39929  2.42959  2.58214  2.70758  3.39780  4.45288  4.13244     67 e - - -
          2.68618  4.42225  2.77519  2.73123  3.46354  2.40513  3.72494  3.29354  2.67741  2.69355  4.24690  2.90347  2.73739  3.18146  2.89801  2.37887  2.77519  2.98518  4.58477  3.61503
          0.00403  5.91197  6.63432  0.61958  0.77255  0.53587  0.87986
     66   2.97763  5.81285  3.17314  1.25298  4.41483  3.81817  4.14869  3.67811  2.81148  2.47760  3.87074  3.41435  3.93811  2.75251  2.01635  3.24805  3.33254  3.66279  4.10191  4.38160     68 e - - -
          2.68618  4.42225  2.77519  2.73123  3.46354  2.40513  3.72494  3.29354  2.67741  2.69355  4.24690  2.90347  2.73739  3.18146  2.89801  2.37887  2.77519  2.98518  4.58477  3.61503
          0.00403  5.91197  6.63432  0.61958  0.77255  0.53587  0.87986
     67   2.79738  5.45012  2.48232  2.15013  4.75636  3.86515  3.79383  3.58960  2.58989  2.52255  3.96605  2.93632  3.74363  2.61046  2.01745  2.88321  2.67861  3.58834  3.70025  3.88189     69 r - - -
          2.68618  4.42225  2.77519  2.73123  3.46354  2.40513  3.72494  3.29354  2.67741  2.69355  4.24690  2.90347  2.73739  3.18146  2.89801  2.37887  2.77519  2.98518  4.58477  3.61503
          0.00403  5.91197  6.63432  0.61958  0.77255  0.53587  0.87986
     68   0.95783  4.37642  3.50055  3.13616  4.75905  3.68015  4.34441  3.51986  2.90736  3.39762  4.22315  3.63764  3.10479  3.39047  2.53943  2.91144  3.21536  2.86303  5.24789  4.57260     70 a - - -
          2.68618  4.42225  2.77519  2.73123  3.46354  2.40513  3.72494  3.29354  2.67741  2.69355  4.24690  2.90347  2.73739  3.18146  2.89801  2.37887  2.77519  2.98518  4.58477  3.61503
          0.00403  5.91197  6.63432  0.61958  0.77255  0.53587  0.87986
     69   2.21817  4.65309  5.41631  3.39576  2.81717  4.41600  3.47961  2.18856  4.36480  1.94066  3.41022  4.79052  4.99547  4.72224  4.30719  3.50135  3.38070  1.99021  2.25857  2.33515     71 l - - -
          2.68618  4.42225  2.77519  2.73123  3.46354  2.40513  3.72494  3.29354  2.67741  2.69355  4.24690  2.90347  2.73739  3.18146  2.89801  2.37887  2.77519  2.98518  4.58477  3.61503
          0.00402  5.91427  6.63661  0.61958  0.77255  0.53587  0.87986
     70   1.71442  4.08227  4.94013  3.76008  2.72972  3.75189  2.20940  3.00389  3.90026  2.29049  3.48972  4.41867  4.71325  3.60083  3.46527  3.32874  3.35386  2.87297  4.87419  1.84489     72 a - - -
          2.68618  4.42225  2.77519  2.73123  3.46354  2.40513  3.72494  3.29354  2.67741  2.69355  4.24690  2.90347  2.73739  3.18146  2.89801  2.37887  2.77519  2.98518  4.58477  3.61503
          0.00402  5.91427  6.63661  0.61958  0.77255  0.53587  0.87986
     71   1.94375  4.40303  4.00683  3.86532  3.67211  3.55419  4.15527  2.90549  3.91137  1.63224  3.22941  3.82758  4.65093  3.64051  2.62122  3.43139  1.84210  2.52427  4.99038  4.02198     73 l - - -
          2.68618  4.42225  2.77519  2.73123  3.46354  2.40513  3.72494  3.29354  2.67741  2.69355  4.24690  2.90347  2.73739  3.18146  2.89801  2.37887  2.77519  2.98518  4.58477  3.61503
          0.00402  5.91427  6.63661  0.61958  0.77255  0.53587  0.87986
     72   1.43139  4.47217  5.42505  4.81039  3.54818  4.20871  4.97021  1.96059  4.59678  2.17952  3.62869  4.79692  4.61604  4.72928  4.60725  3.19673  2.72319  1.45030  5.46564  4.28948     74 a - - -
          2.68618  4.42225  2.77519  2.73123  3.46354  2.40513  3.72494  3.29354  2.67741  2.69355  4.24690  2.90347  2.73739  3.18146  2.89801  2.37887  2.77519  2.98518  4.58477  3.61503
          0.00402  5.91427  6.63661  0.61958  0.77255  0.53587  0.87986
     73   1.10776  4.17855  5.42879  4.81414  3.64851  3.47319  4.97295  2.50815  4.60026  1.50140  3.36563  4.79988  5.00224  4.73246  4.61018  3.66174  3.33128  2.15386  5.46778  4.29167     75 a - - -
          2.68618  4.42225  2.77519  2.73123  3.46354  2.40513  3.72494  3.29354  2.67741  2.69355  4.24690  2.90347  2.73739  3.18146  2.89801  2.37887  2.77519  2.98518  4.58477  3.61503
          0.00402  5.91427  6.63661  0.61958  0.77255  0.53587  0.87986
     74   1.72211  3.61999  3.98440  3.38071  3.31925  2.27877  3.47357  3.72826  3.12557  3.39342  3.89434  3.74334  4.46559  2.63576  2.95905  2.69036  1.88731  3.19684  4.67350  3.81055     76 a - - -
          2.68618  4.42225  2.77519  2.73123  3.46354  2.40513  3.72494  3.29354  2.67741  2.69355  4.24690  2.90347  2.73739  3.18146  2.89801  2.37887  2.77519  2.98518  4.58477  3.61503
          0.00402  5.91427  6.63661  0.61958  0.77255  0.49992  0.93288
     75   2.31734  3.42469  5.11722  4.82024  3.22976  3.08210  4.97004  2.78236  4.60368  0.87807  3.02332  4.61143  4.99983  4.73371  4.60966  3.63723  3.32628  2.23906  5.17546  4.10708     77 l - - -
          2.68618  4.42225  2.77519  2.73123  3.46354  2.40513  3.72494  3.29354  2.67741  2.69355  4.24690  2.90347  2.73739  3.18146  2.89801  2.37887  2.77519  2.98518  4.58477  3.61503
          0.00401  5.91746  6.63981  0.61958  0.77255  0.51422  0.91122
     76   2.80135  4.46483  5.44598  4.82963  1.99139  4.63890  4.36685  1.99097  4.61125  1.69100  2.96086  4.80594  5.00243  4.73967  4.61432  3.85262  3.61824  2.63034  2.84361  1.81949     78 l - - -
          2.68618  4.42225  2.77519  2.73123  3.46354  2.40513  3.72494  3.29354  2.67741  2.69355  4.24690  2.90347  2.73739  3.18146  2.89801  2.37887  2.77519  2.98518  4.58477  3.61503
          0.00400  5.91913  6.64148  0.61958  0.77255  0.51422  0.91122
     77   0.37065  4.10939  5.56724  5.16857  5.41118  3.02035  5.84550  4.50450  5.07129  4.31846  5.38295  5.01220  3.36758  5.27454  5.25082  2.58009  3.79886  3.26185  6.84945  5.69637     79 A - - -
          2.68618  4.42225  2.77519  2.73123  3.46354  2.40513  3.72494  3.29354  2.67741  2.69355  4.24690  2.90347  2.73739  3.18146  2.89801  2.37887  2.77519  2.98518  4.58477  3.61503
          0.00400  5.91913  6.64148  0.61958  0.77255  0.51422  0.91122
     78   2.44235  4.30434  4.23109  2.91126  3.62004  4.31181  2.38616  2.66798  3.33059  1.47326  3.48597  3.88292  4.66775  3.52755  2.71174  3.40249  2.97542  2.47796  4.34087  3.63384     80 l - - -
          2.68618  4.42225  2.77519  2.73123  3.46354  2.40513  3.72494  3.29354  2.67741  2.69355  4.24690  2.90347  2.73739  3.18146  2.89801  2.37887  2.77519  2.98518  4.58477  3.61503
          0.13143  5.91913  2.11635  0.61958  0.77255  0.51422  0.91122
     79   2.90300  5.12162  3.26914  2.77036  3.79046  3.40640  1.31372  4.42587  2.19387  3.74364  4.29779  3.38693  4.34959  2.72382  2.44278  3.00140  2.98180  3.82723  5.44888  3.59495     81 h - - -
          2.68618  4.42225  2.77519  2.73123  3.46354  2.40513  3.72494  3.29354  2.67741  2.69355  4.24690  2.90347  2.73739  3.18146  2.89801  2.37887  2.77519  2.98518  4.58477  3.61503
          0.00679  5.79224  5.59550  0.61958  0.77255  1.04518  0.43329
     80   2.74569  5.34747  2.88219  2.42976  4.69731  3.52678  3.57558  4.33575  2.70735  3.92180  3.47366  3.29423  2.18212  1.38564  3.07587  3.00059  3.03549  3.70548  4.60058  4.49383     82 q - - -
          2.68618  4.42225  2.77519  2.73123  3.46354  2.40513  3.72494  3.29354  2.67741  2.69355  4.24690  2.90347  2.73739  3.18146  2.89801  2.37887  2.77519  2.98518  4.58477  3.61503
          0.04624  5.79687  3.16652  0.61958  0.77255  0.38520  1.14041
     81   3.12223  5.83455  2.41001  2.62143  5.18088  3.30676  3.18152  4.20938  2.37962  3.86411  4.60362  2.79540  3.81052  1.32938  2.23157  2.99179  3.34004  4.22587  6.26648  4.51798     83 q - - -
          2.68618  4.42225  2.77519  2.73123  3.46354  2.40513  3.72494  3.29354  2.67741  2.69355  4.24690  2.90347  2.73739  3.18146  2.89801  2.37887  2.77519  2.98518  4.58477  3.61503
          0.31492  5.85640  1.31942  0.61958  0.77255  0.72502  0.66226
     82   2.33231  5.64334  3.07263  2.63334  4.98101  1.95697  3.61006  3.93256  2.82615  3.72127  4.68596  3.31828  3.22943  2.72997  3.13609  1.45872  3.17702  3.82365  6.08049  4.51555     84 s - - -
          2.68618  4.42225  2.77519  2.73123  3.46354  2.40513  3.72494  3.29354  2.67741  2.69355  4.24690  2.90347  2.73739  3.18146  2.89801  2.37887  2.77519  2.98518  4.58477  3.61503
          0.00570  5.56584  6.28818  0.61958  0.77255  1.62773  0.21862
     83   2.12762  5.03916  2.98120  2.46721  5.00452  2.89911  2.94865  3.87544  2.34122  3.21137  4.24409  2.84677  3.61923  2.41715  2.28258  2.55135  2.83985  3.60863  6.09249  4.48639     85 a - - -
          2.68618  4.42225  2.77519  2.73123  3.46354  2.40513  3.72494  3.29354  2.67741  2.69355  4.24690  2.90347  2.73739  3.18146  2.89801  2.37887  2.77519  2.98518  4.58477  3.61503
          0.07476  5.56584  2.68520  0.61958  0.77255  1.62773  0.21862
     84   2.45768  5.62459  2.23233  2.22206  4.97051  3.05251  3.78099  4.07303  2.45393  3.87481  4.29154  3.01169  3.66486  2.75159  2.60006  2.02741  2.30272  3.72268  6.05677  4.64531     86 s - - -
          2.68618  4.42225  2.77519  2.73123  3.46354  2.40513  3.72494  3.29354  2.67741  2.69355  4.24690  2.90347  2.73739  3.18146  2.89801  2.37887  2.77519  2.98518  4.58477  3.61503
          0.04057  5.49718  3.33368  0.61958  0.77255  1.17567  0.36906
     85   2.43017  5.65788  2.71468  2.12342  4.64909  3.35782  3.52877  3.88359  2.49770  3.66446  4.16229  2.43212  3.20932  2.54034  2.58056  2.42459  2.46577  3.29522  6.09022  4.67892     87 e - - -
          2.68613  4.42110  2.77539  2.73153  3.46363  2.40527  3.72535  3.29388  2.67769  2.69364  4.24730  2.90362  2.73565  3.18182  2.89760  2.37873  2.77539  2.98554  4.58517  3.61527
          1.52574  0.57627  1.51163  0.03132  3.47920  0.95510  0.48576
     86   2.40817  4.39439  4.84685  3.97758  3.51749  3.34595  3.34469  2.64783  4.08957  2.43359  1.54242  4.10196  3.21233  4.27097  4.03609  2.89373  3.08022  1.84691  4.55262  3.73960     89 m - - -
          2.68618  4.42225  2.77519  2.73123  3.46354  2.40513  3.72494  3.29354  2.67741  2.69355  4.24690  2.90347  2.73739  3.18146  2.89801  2.37887  2.77519  2.98518  4.58477  3.61503
          0.05859  5.45782  2.94425  0.61958  0.77255  1.77811  0.18507
     87   2.76734  5.19631  3.05568  2.66972  3.98295  3.61161  1.37016  4.07273  2.72312  3.29861  4.13356  2.85948  4.25840  2.94109  2.98585  2.69025  3.09539  3.79902  5.22122  2.74508     90 h - - -
          2.68618  4.42225  2.77519  2.73123  3.46354  2.40513  3.72494  3.29354  2.67741  2.69355  4.24690  2.90347  2.73739  3.18146  2.89801  2.37887  2.77519  2.98518  4.58477  3.61503
          0.07295  5.40593  2.72024  0.61958  0.77255  0.52670  0.89294
     88   2.57062  5.45215  2.26545  2.06157  5.07847  3.50020  3.89246  3.94035  2.39312  3.67821  4.39496  2.90137  3.93611  2.47278  2.34924  2.50075  2.75314  2.70103  6.16534  4.28841     91 e - - -
          2.68618  4.42225  2.77519  2.73123  3.46354  2.40513  3.72494  3.29354  2.67741  2.69355  4.24690  2.90347  2.73739  3.18146  2.89801  2.37887  2.77519  2.98518  4.58477  3.61503
          0.00955  5.69153  5.09472  0.61958  0.77255  1.27420  0.32802
     89   2.65357  5.73903  2.66288  2.28031  4.56889  2.79656  3.99094  4.34836  2.32606  3.93205  4.62369  3.04085  1.79895  2.87293  2.53972  2.42748  2.97223  3.93239  6.17119  4.22240     92 p - - -
          2.68618  4.42225  2.77519  2.73123  3.46354  2.40513  3.72494  3.29354  2.67741  2.69355  4.24690  2.90347  2.73739  3.18146  2.89801  2.37887  2.77519  2.98518  4.58477  3.61503
          0.06878  5.70031  2.76273  0.61958  0.77255  0.31911  1.29755
     90   2.61245  5.81471  2.74450  2.57834  4.73820  1.24461  3.73093  4.64482  2.47529  4.04832  4.69117  2.97988  3.94166  3.24175  2.71141  2.57629  3.15798  3.77829  5.21239  3.92742     93 g - - -
          2.68618  4.42225  2.77519  2.73123  3.46354  2.40513  3.72494  3.29354  2.67741  2.69355  4.24690  2.90347  2.73739  3.18146  2.89801  2.37887  2.77519  2.98518  4.58477  3.61503
          0.23963  5.83100  1.55997  0.61958  0.77255  0.41666  1.07659
     91   2.62226  5.16922  3.20194  2.77483  4.50296  3.44333  3.61196  3.06599  2.43089  3.13794  3.81150  3.07337  3.16563  2.55570  1.99536  2.82029  2.65212  2.50901  4.48757  3.73804     94 r - - -
          2.68618  4.42225  2.77519  2.73123  3.46354  2.40513  3.72494  3.29354  2.67741  2.69355  4.24690  2.90347  2.73739  3.18146  2.89801  2.37887  2.77519  2.98518  4.58477  3.61503
          0.00507  5.68222  6.40456  0.61958  0.77255  0.18896  1.75921
     92   2.99721  5.30798  3.13908  2.88967  4.46687  2.56669  3.90628  4.69884  2.71753  3.91572  4.90934  2.25546  2.79124  3.34318  2.67902  1.39393  2.39204  4.25896  6.30152  4.63225     95 s - - -
          2.68618  4.42225  2.77519  2.73123  3.46354  2.40513  3.72494  3.29354  2.67741  2.69355  4.24690  2.90347  2.73739  3.18146  2.89801  2.37887  2.77519  2.98518  4.58477  3.61503
          0.00401  5.91626  6.63860  0.61958  0.77255  0.45689  1.00307
     93   4.03641  5.36737  6.01546  5.40340  1.54295  5.25140  5.57229  2.24633  5.20129  0.77897  3.10482  5.42151  4.23998  5.25076  5.18074  4.57802  4.01352  2.77654  5.92753  4.60790     96 l - - -
          2.68618  4.42225  2.77519  2.73123  3.46354  2.40513  3.72494  3.29354  2.67741  2.69355  4.24690  2.90347  2.73739  3.18146  2.89801  2.37887  2.77519  2.98518  4.58477  3.61503
          0.00398  5.92479  6.64714  0.61958  0.77255  0.48576  0.95510
     94   1.71603  5.22141  4.60042  3.76208  3.26522  0.70595  4.94050  3.62904  4.02637  3.51257  4.34491  4.39101  3.54418  4.31068  4.34289  3.61807  3.79982  3.60943  5.95251  4.73256     97 g - - -
          2.68618  4.42225  2.77519  2.73123  3.46354  2.40513  3.72494  3.29354  2.67741  2.69355  4.24690  2.90347  2.73739  3.18146  2.89801  2.37887  2.77519  2.98518  4.58477  3.61503
          0.00398  5.92479  6.64714  0.61958  0.77255  0.48576  0.95510
     95   1.84967  5.06357  3.21984  2.49075  5.03253  3.34375  3.66037  4.25500  2.39984  3.66427  4.75112  3.28383  4.53259  2.38647  2.04839  2.48593  2.37003  3.41106  4.47119  4.10199     98 a - - -
          2.68618  4.42225  2.77519  2.73123  3.46354  2.40513  3.72494  3.29354  2.67741  2.69355  4.24690  2.90347  2.73739  3.18146  2.89801  2.37887  2.77519  2.98518  4.58477  3.61503
          0.00398  5.92479  6.64714  0.61958  0.77255  0.48576  0.95510
     96   0.97726  4.09644  4.00938  3.44425  4.44280  4.24298  3.95781  3.49870  3.43473  3.16879  4.14382  3.80876  4.71804  2.61815  3.28805  2.12883  3.09633  2.88576  4.09009  4.32600     99 a - - -
          2.68618  4.42225  2.77519  2.73123  3.46354  2.40513  3.72494  3.29354  2.67741  2.69355  4.24690  2.90347  2.73739  3.18146  2.89801  2.37887  2.77519  2.98518  4.58477  3.61503
          0.00398  5.92479  6.64714  0.61958  0.77255  0.48576  0.95510
     97   2.30248  2.90769  5.47589  4.86047  2.73098  4.67125  5.00683  2.48559  4.64320  1.04144  2.69270  4.83834  5.03269  4.77083  4.64654  3.84198  3.67639  1.96203  5.49352  4.21737    100 l - - -
          2.68618  4.42225  2.77519  2.73123  3.46354  2.40513  3.72494  3.29354  2.67741  2.69355  4.24690  2.90347  2.73739  3.18146  2.89801  2.37887  2.77519  2.98518  4.58477  3.61503
          0.00571  5.92479  5.80114  0.61958  0.77255  0.48576  0.95510
     98   1.49839  5.07026  3.72703  3.16976  4.30318  1.78824  3.93308  4.36277  2.74659  3.48583  4.72897  3.55383  4.58077  3.31265  1.76838  2.65883  3.60824  3.94384  5.09705  3.96723    101 a - - -
          2.68618  4.42225  2.77519  2.73123  3.46354  2.40513  3.72494  3.29354  2.67741  2.69355  4.24690  2.90347  2.73739  3.18146  2.89801  2.37887  2.77519  2.98518  4.58477  3.61503
          0.00398  5.92307  6.64541  0.61958  0.77255  0.49796  0.93590
     99   2.23784  5.51210  2.90000  2.24216  4.58014  3.34187  3.67537  4.02000  2.22618  2.82806  4.31929  3.23482  4.30157  2.34164  1.94522  2.77487  2.83266  3.50133  5.75850  4.40955    102 r - - -
          2.68618  4.42225  2.77519  2.73123  3.46354  2.40513  3.72494  3.29354  2.67741  2.69355  4.24690  2.90347  2.73739  3.18146  2.89801  2.37887  2.77519  2.98518  4.58477  3.61503
          0.34763  5.92307  1.23457  0.61958  0.77255  0.49796  0.93590
    100   2.81879  3.01386  5.20504  4.46470  3.36949  4.14696  4.26163  2.36088  4.37374  0.98934  3.33013  4.57160  4.77194  4.50443  4.38094  3.33909  3.37695  1.88910  5.23496  3.61867    103 l - - -
          2.68618  4.42225  2.77519  2.73123  3.46354  2.40513  3.72494  3.29354  2.67741  2.69355  4.24690  2.90347  2.73739  3.18146  2.89801  2.37887  2.77519  2.98518  4.58477  3.61503
          0.14875  5.58105  2.00657  0.61958  0.77255  0.79870  0.59768
    101   2.07967  5.04940  3.19480  2.74076  3.95320  3.03230  3.49992  3.44437  2.52443  3.35364  3.04931  3.18268  4.27510  2.82771  1.98631  2.72597  3.19726  2.85988  5.50479  2.96209    104 r - - -
          2.68618  4.42225  2.77519  2.73123  3.46354  2.40513  3.72494  3.29354  2.67741  2.69355  4.24690  2.90347  2.73739  3.18146  2.89801  2.37887  2.77519  2.98518  4.58477  3.61503
          0.05239  5.60002  3.05025  0.61958  0.77255  0.72029  0.66673
    102   2.21338  5.35667  2.67609  2.32251  4.46838  2.88377  3.59101  4.37741  2.38511  3.27836  4.65513  2.85331  2.88735  2.61116  2.30152  2.64487  2.68891  3.52860  6.17639  4.20183    105 a - - -
          2.68618  4.42225  2.77519  2.73123  3.46354  2.40513  3.72494  3.29354  2.67741  2.69355  4.24690  2.90347  2.73739  3.18146  2.89801  2.37887  2.77519  2.98518  4.58477  3.61503
          0.02851  5.70990  3.69711  0.61958  0.77255  0.41153  1.08658
    103   2.11832  4.90319  2.27049  2.22534  5.17326  2.52643  3.68058  4.31773  2.30915  3.78600  4.86730  2.85252  3.52109  2.72297  2.52943  2.34778  2.98810  4.07213  5.60712  4.84722    106 a - - -
          2.68618  4.42225  2.77519  2.73123  3.46354  2.40513  3.72494  3.29354  2.67741  2.69355  4.24690  2.90347  2.73739  3.18146  2.89801  2.37887  2.77519  2.98518  4.58477  3.61503
          0.04952  5.84437  3.09185  0.61958  0.77255  0.66357  0.72363
    104   2.78165  5.81629  2.31029  2.43341  5.16232  1.43914  4.10901  4.40192  2.67147  3.86910  4.51045  2.99040  3.85144  2.94644  2.56260  2.39964  2.86830  4.20744  6.24840  4.60070    107 g - - -
          2.68609  4.42248  2.77489  2.73103  3.46373  2.40517  3.72518  3.29377  2.67729  2.69370  4.24713  2.90353  2.73705  3.18151  2.89784  2.37893  2.77531  2.98534  4.58500  3.61526
          0.52972  1.38588  1.82556  0.05209  2.98072  0.60461  0.79029
    105   2.72049  5.73340  1.76383  1.96890  3.70379  3.10419  3.99020  3.95549  2.70345  3.23608  3.48998  2.61962  3.20684  3.09719  2.93184  2.59915  3.09194  3.61176  6.16828  4.17630    109 d - - -
          2.68618  4.42225  2.77519  2.73123  3.46354  2.40513  3.72494  3.29354  2.67741  2.69355  4.24690  2.90347  2.73739  3.18146  2.89801  2.37887  2.77519  2.98518  4.58477  3.61503
          0.10716  5.70824  2.31972  0.61958  0.77255  0.76756  0.62389
    106   2.72391  5.73720  2.77158  2.26946  5.08285  3.00138  3.90708  3.17651  1.95599  3.30289  4.50387  2.71351  3.70101  2.78866  2.31609  2.34118  2.66863  3.55841  6.16954  4.51828    110 k - - -
          2.68618  4.42225  2.77519  2.73123  3.46354  2.40513  3.72494  3.29354  2.67741  2.69355  4.24690  2.90347  2.73739  3.18146  2.89801  2.37887  2.77519  2.98518  4.58477  3.61503
          0.00499  5.69837  6.42071  0.61958  0.77255  0.46486  0.98946
    107   2.44337  5.82818  2.60950  2.19737  4.75524  3.36362  3.96013  4.20387  2.63222  3.52726  4.43126  2.84846  2.07269  3.06257  2.77032  1.87878  3.08912  3.50705  6.26069  4.44788    111 s - - -
          2.68618  4.42225  2.77519  2.73123  3.46354  2.40513  3.72494  3.29354  2.67741  2.69355  4.24690  2.90347  2.73739  3.18146  2.89801  2.37887  2.77519  2.98518  4.58477  3.61503
          0.00429  5.84966  6.57200  0.61958  0.77255  0.89160  0.52763
    108   2.40621  4.49706  2.22880  1.97679  4.68297  2.95104  3.95630  3.98531  2.29647  3.18954  4.67454  2.94029  2.97001  3.12750  3.09585  2.51997  2.80781  2.96265  6.25868  4.23167    112 e - - -
          2.68618  4.42225  2.77519  2.73123  3.46354  2.40513  3.72494  3.29354  2.67741  2.69355  4.24690  2.90347  2.73739  3.18146  2.89801  2.37887  2.77519  2.98518  4.58477  3.61503
          0.00428  5.85132  6.57367  0.61958  0.77255  0.29270  1.37140
    109   1.94428  4.73763  4.82648  4.24320  3.55727  2.69186  4.83844  2.92632  4.02817  2.59173  2.76160  4.18411  2.75251  3.05432  3.30221  2.01877  2.88352  2.13408  5.03403  3.33770    113 a - - -
          2.68618  4.42225  2.77519  2.73123  3.46354  2.40513  3.72494  3.29354  2.67741  2.69355  4.24690  2.90347  2.73739  3.18146  2.89801  2.37887  2.77519  2.98518  4.58477  3.61503
          0.00396  5.92879  6.65113  0.61958  0.77255  0.48576  0.95510
    110   1.96468  4.61326  5.05938  4.70244  3.77302  4.40272  4.95313  2.11677  4.13212  2.09108  3.31432  4.03295  4.38663  4.66903  4.38553  1.60157  2.63257  1.89121  5.12461  4.30686    114 s - - -
          2.68618  4.42225  2.77519  2.73123  3.46354  2.40513  3.72494  3.29354  2.67741  2.69355  4.24690  2.90347  2.73739  3.18146  2.89801  2.37887  2.77519  2.98518  4.58477  3.61503
          0.00396  5.92879  6.65113  0.61958  0.77255  0.48576  0.95510
    111   2.94631  5.87963  2.13221  1.25008  4.88180  3.40755  3.94315  4.35630  2.24604  3.58009  4.72662  3.49566  3.66456  3.16621  2.23771  3.16252  3.14338  4.07726  6.31177  4.19204    115 e - - -
          2.68618  4.42225  2.77519  2.73123  3.46354  2.40513  3.72494  3.29354  2.67741  2.69355  4.24690  2.90347  2.73739  3.18146  2.89801  2.37887  2.77519  2.98518  4.58477  3.61503
          0.00396  5.92879  6.65113  0.61958  0.77255  0.48576  0.95510
    112   2.25068  5.86753  3.36868  2.91859  5.20812  3.59749  3.74073  4.29175  2.25886  2.22855  3.60230  3.26172  3.60779  2.83134  1.51501  2.52222  3.16618  4.03067  6.30290  4.89466    116 r - - -
          2.68618  4.42225  2.77519  2.73123  3.46354  2.40513  3.72494  3.29354  2.67741  2.69355  4.24690  2.90347  2.73739  3.18146  2.89801  2.37887  2.77519  2.98518  4.58477  3.61503
          0.00396  5.92879  6.65113  0.61958  0.77255  0.48576  0.95510
    113   3.63684  6.19058  4.34022  3.89312  5.55895  4.79577  4.40559  4.91029  2.84632  3.51438  5.26460  4.31553  5.14396  3.73166  0.34424  3.95106  4.14503  4.26162  6.52371  4.51380    117 R - - -
          2.68618  4.42225  2.77519  2.73123  3.46354  2.40513  3.72494  3.29354  2.67741  2.69355  4.24690  2.90347  2.73739  3.18146  2.89801  2.37887  2.77519  2.98518  4.58477  3.61503
          0.00396  5.92879  6.65113  0.61958  0.77255  0.48576  0.95510
    114   4.83751  6.06036  6.81676  6.21805  0.83094  6.17339  6.40601  3.21367  6.05860  1.06199  3.35061  6.34909  6.22425  5.89171  5.96128  5.54955  5.03621  2.38185  6.42836  4.56124    118 f - - -
          2.68618  4.42225  2.77519  2.73123  3.46354  2.40513  3.72494  3.29354  2.67741  2.69355  4.24690  2.90347  2.73739  3.18146  2.89801  2.37887  2.77519  2.98518  4.58477  3.61503
          0.00396  5.92879  6.65113  0.61958  0.77255  0.48576  0.95510
    115   2.54564  5.20741  2.75381  2.37568  3.77206  3.54457  3.06560  3.55871  2.55964  3.54352  4.00640  2.37048  4.53680  2.42511  2.18635  2.79908  2.74497  2.78021  5.27025  4.52689    119 r - - -
          2.68618  4.42225  2.77519  2.73123  3.46354  2.40513  3.72494  3.29354  2.67741  2.69355  4.24690  2.90347  2.73739  3.18146  2.89801  2.37887  2.77519  2.98518  4.58477  3.61503
          0.00396  5.92879  6.65113  0.61958  0.77255  0.48576  0.95510
    116   1.70265  5.61688  3.70381  3.20767  4.37604  4.20847  4.05444  3.82008  2.86655  2.60026  4.01935  3.52961  4.05252  2.25043  1.54476  2.91362  2.89073  3.28079  6.11307  4.00548    120 r - - -
          2.68618  4.42225  2.77519  2.73123  3.46354  2.40513  3.72494  3.29354  2.67741  2.69355  4.24690  2.90347  2.73739  3.18146  2.89801  2.37887  2.77519  2.98518  4.58477  3.61503
          0.00396  5.92879  6.65113  0.61958  0.77255  0.48576  0.95510
    117   2.54752  5.04074  5.98714  5.38714  3.86795  5.23490  5.58610  2.41008  5.19282  0.64300  2.49104  5.40388  5.53292  5.27654  5.19042  4.56499  4.09282  2.14010  5.97468  4.84456    121 L - - -
          2.68618  4.42225  2.77519  2.73123  3.46354  2.40513  3.72494  3.29354  2.67741  2.69355  4.24690  2.90347  2.73739  3.18146  2.89801  2.37887  2.77519  2.98518  4.58477  3.61503
          0.00396  5.92879  6.65113  0.61958  0.77255  0.48576  0.95510
    118   2.57739  3.82707  5.27702  3.97561  3.74021  2.75297  3.93918  2.32241  4.49319  1.15235  3.14627  4.56679  4.98093  2.84214  4.55305  3.34104  2.81170  2.30357  5.47657  4.03882    122 l - - -
          2.68618  4.42225  2.77519  2.73123  3.46354  2.40513  3.72494  3.29354  2.67741  2.69355  4.24690  2.90347  2.73739  3.18146  2.89801  2.37887  2.77519  2.98518  4.58477  3.61503
          0.00396  5.92879  6.65113  0.61958  0.77255  0.48576  0.95510
    119   1.91887  5.87813  2.74905  2.72791  4.92380  3.39304  4.19370  4.70958  2.61384  3.45049  4.71445  3.00498  4.34702  2.93883  2.00762  2.62475  1.66054  3.87877  6.31067  4.89957    123 t - - -
          2.68618  4.42225  2.77519  2.73123  3.46354  2.40513  3.72494  3.29354  2.67741  2.69355  4.24690  2.90347  2.73739  3.18146  2.89801  2.37887  2.77519  2.98518  4.58477  3.61503
          0.00396  5.92879  6.65113  0.61958  0.77255  0.48576  0.95510
    120   1.09886  2.98544  3.96911  3.43673  4.47968  4.08670  4.55388  3.60241  3.46783  3.16478  4.29760  3.85159  4.37091  2.55150  3.49705  1.86250  3.03975  3.00963  5.86756  4.21062    124 a - - -
          2.68618  4.42225  2.77519  2.73123  3.46354  2.40513  3.72494  3.29354  2.67741  2.69355  4.24690  2.90347  2.73739  3.18146  2.89801  2.37887  2.77519  2.98518  4.58477  3.61503
          0.00396  5.92879  6.65113  0.61958  0.77255  0.48576  0.95510
    121   2.78463  5.88052  2.03931  2.34627  5.22690  3.32622  3.40706  4.49012  2.67193  4.06409  4.92083  3.00628  2.97533  2.82752  2.09131  2.19748  2.24826  3.93174  6.31242  4.70118    125 d - - -
          2.68618  4.42225  2.77519  2.73123  3.46354  2.40513  3.72494  3.29354  2.67741  2.69355  4.24690  2.90347  2.73739  3.18146  2.89801  2.37887  2.77519  2.98518  4.58477  3.61503
          0.14989  5.92879  1.99115  0.61958  0.77255  0.48576  0.95510
    122   2.88237  5.36576  1.86348  2.57055  4.59883  2.75142  4.01946  4.47403  2.90267  4.00277  4.64605  2.80794  3.80049  3.02923  2.80484  1.95602  1.91054  4.00781  5.06713  4.12019    126 d - - -
          2.68618  4.42225  2.77519  2.73123  3.46354  2.40513  3.72494  3.29354  2.67741  2.69355  4.24690  2.90347  2.73739  3.18146  2.89801  2.37887  2.77519  2.98518  4.58477  3.61503
          0.22670  5.78348  1.61062  0.61958  0.77255  0.21788  1.63079
    123   2.76065  4.51505  3.96174  3.27812  2.39722  3.52699  3.97710  2.45967  4.24638  2.00399  3.35484  4.52501  2.07826  4.43307  3.54694  3.32129  2.70743  2.12389  4.09701  3.10539    127 l - - -
          2.68618  4.42225  2.77519  2.73123  3.46354  2.40513  3.72494  3.29354  2.67741  2.69355  4.24690  2.90347  2.73739  3.18146  2.89801  2.37887  2.77519  2.98518  4.58477  3.61503
          0.00478  5.74070  6.46305  0.61958  0.77255  0.21021  1.66293
    124   2.50091  5.87692  1.50742  1.66310  4.97339  3.64405  3.82257  4.48651  2.85078  3.89605  4.91727  2.61644  3.40668  2.98893  2.97651  2.83327  2.88473  3.86257  6.30890  4.89723    128 d - - -
          2.68618  4.42225  2.77519  2.73123  3.46354  2.40513  3.72494  3.29354  2.67741  2.69355  4.24690  2.90347  2.73739  3.18146  2.89801  2.37887  2.77519  2.98518  4.58477  3.61503
          0.01873  5.92361  4.14293  0.61958  0.77255  0.46379  0.99127
    125   2.16422  5.85789  2.38872  1.38792  4.53779  2.67772  4.32118  4.24258  3.05766  3.53107  4.28457  3.16696  4.52701  2.61076  3.32000  2.57326  2.91844  3.28140  6.29333  4.46216    129 e - - -
          2.68618  4.42225  2.77519  2.73123  3.46354  2.40513  3.72494  3.29354  2.67741  2.69355  4.24690  2.90347  2.73739  3.18146  2.89801  2.37887  2.77519  2.98518  4.58477  3.61503
          0.00402  5.91418  6.63653  0.61958  0.77255  0.56451  0.84081
    126   2.49867  4.34217  5.42154  4.80667  2.29994  4.63345  4.96664  2.52008  4.39295  1.02184  3.21265  4.79357  4.55817  4.35749  2.86196  3.59659  3.36514  2.17555  5.46246  4.28635    130 l - - -
          2.68618  4.42225  2.77519  2.73123  3.46354  2.40513  3.72494  3.29354  2.67741  2.69355  4.24690  2.90347  2.73739  3.18146  2.89801  2.37887  2.77519  2.98518  4.58477  3.61503
          0.00401  5.91592  6.63827  0.61958  0.77255  0.43479  1.04242
    127   2.05484  2.91529  4.33866  3.48695  2.80991  3.92840  2.79317  2.39870  3.87749  2.11993  3.62101  4.33179  3.21875  3.65021  3.34416  3.07836  2.98447  2.30790  4.08676  3.05094    131 a - - -
          2.68618  4.42225  2.77519  2.73123  3.46354  2.40513  3.72494  3.29354  2.67741  2.69355  4.24690  2.90347  2.73739  3.18146  2.89801  2.37887  2.77519  2.98518  4.58477  3.61503
          0.04403  5.92879  3.20866  0.61958  0.77255  0.48576  0.95510
    128   2.98815  5.73695  3.01147  2.88436  4.12660  3.68014  2.47750  3.18645  2.95510  3.34142  3.72587  2.90994  3.73769  2.55344  1.78596  3.08136  2.60550  3.04848  4.35127  2.82544    132 r - - -
          2.68618  4.42225  2.77519  2.73123  3.46354  2.40513  3.72494  3.29354  2.67741  2.69355  4.24690  2.90347  2.73739  3.18146  2.89801  2.37887  2.77519  2.98518  4.58477  3.61503
          0.00412  5.88888  6.61123  0.61958  0.77255  0.39328  1.12345
    129   2.78082  5.41620  3.60828  2.83852  4.90478  3.41701  1.70239  3.53359  2.95772  2.66133  4.40692  3.28335  4.09199  2.44579  1.92620  2.75399  3.37713  3.45204  6.23276  3.11735    133 h - - -
          2.68618  4.42225  2.77519  2.73123  3.46354  2.40513  3.72494  3.29354  2.67741  2.69355  4.24690  2.90347  2.73739  3.18146  2.89801  2.37887  2.77519  2.98518  4.58477  3.61503
          0.00398  5.92441  6.64676  0.61958  0.77255  0.51647  0.90789
    130   2.81861  4.94889  5.55627  4.94157  3.33851  4.76114  5.09467  2.44893  4.72730  0.57017  3.23884  4.92695  5.11265  4.84586  4.72946  3.89796  3.45848  2.62669  5.14163  4.40029    134 L - - -
          2.68618  4.42225  2.77519  2.73123  3.46354  2.40513  3.72494  3.29354  2.67741  2.69355  4.24690  2.90347  2.73739  3.18146  2.89801  2.37887  2.77519  2.98518  4.58477  3.61503
          0.00398  5.92441  6.64676  0.61958  0.77255  0.48227  0.96072
    131   3.17912  4.82526  4.11466  3.33608  4.42403  4.19093  4.34988  3.03658  3.39156  2.96142  3.75491  3.93829  2.62414  3.18951  0.87128  3.34701  3.09968  2.98271  5.04121  4.36991    135 r - - -
          2.68618  4.42225  2.77519  2.73123  3.46354  2.40513  3.72494  3.29354  2.67741  2.69355  4.24690  2.90347  2.73739  3.18146  2.89801  2.37887  2.77519  2.98518  4.58477  3.61503
          0.00502  5.92742  6.05499  0.61958  0.77255  0.47973  0.96483
    132   2.60636  5.28858  3.31319  2.69675  5.22381  2.30245  2.89128  4.71016  2.99230  4.09694  4.91872  3.45899  3.10496  2.18639  1.46509  2.41573  3.31396  4.26913  6.31055  4.40957    136 r - - -
          2.68618  4.42225  2.77519  2.73123  3.46354  2.40513  3.72494  3.29354  2.67741  2.69355  4.24690  2.90347  2.73739  3.18146  2.89801  2.37887  2.77519  2.98518  4.58477  3.61503
          0.00397  5.92774  6.65008  0.61958  0.77255  0.49323  0.94327
    133   1.69458  4.50233  5.44162  4.82595  3.50127  4.17686  4.80992  2.21847  4.60979  1.15633  2.60966  4.80719  4.74590  4.61982  4.61638  3.47478  2.90800  2.39826  5.18092  4.29372    137 l - - -
          2.68618  4.42225  2.77519  2.73123  3.46354  2.40513  3.72494  3.29354  2.67741  2.69355  4.24690  2.90347  2.73739  3.18146  2.89801  2.37887  2.77519  2.98518  4.58477  3.61503
          0.00698  5.92774  5.45013  0.61958  0.77255  0.49323  0.94327
    134   2.93436  4.35325  5.53018  4.91937  3.41254  4.54135  5.07837  1.50501  4.70641  1.75737  3.34781  4.68290  5.09347  4.83867  4.71390  4.04941  3.29671  1.10511  5.56500  4.38788    138 v - - -
          2.68618  4.42225  2.77519  2.73123  3.46354  2.40513  3.72494  3.29354  2.67741  2.69355  4.24690  2.90347  2.73739  3.18146  2.89801  2.37887  2.77519  2.98518  4.58477  3.61503
          0.00578  5.92473  5.78003  0.61958  0.77255  0.51426  0.91117
    135   2.49250  5.87482  3.06697  2.81968  5.22034  3.17150  3.69794  4.28741  2.30669  3.11575  4.11910  3.18515  3.45046  2.28389  1.83803  2.34909  2.34359  3.59768  6.30724  4.89602    139 r - - -
          2.68618  4.42225  2.77519  2.73123  3.46354  2.40513  3.72494  3.29354  2.67741  2.69355  4.24690  2.90347  2.73739  3.18146  2.89801  2.37887  2.77519  2.98518  4.58477  3.61503
          0.00399  5.92294  6.64528  0.61958  0.77255  0.52655  0.89315
    136   3.29247  4.85953  5.32289  4.71478  3.09382  4.62468  3.76259  2.39137  4.52301  0.95900  2.72735  4.52506  4.76079  2.17688  3.23212  3.75850  3.69965  2.97238  4.88215  3.41788    140 l - - -
          2.68618  4.42225  2.77519  2.73123  3.46354  2.40513  3.72494  3.29354  2.67741  2.69355  4.24690  2.90347  2.73739  3.18146  2.89801  2.37887  2.77519  2.98518  4.58477  3.61503
          0.00399  5.92294  6.64528  0.61958  0.77255  0.52655  0.89315
    137   2.36413  3.91517  5.44435  4.82844  3.50573  4.48150  4.97641  2.29904  4.61136  0.82290  2.73610  4.80759  5.00579  4.74087  3.89497  3.72753  3.52099  2.36315  5.46747  4.18053    141 l - - -
          2.68618  4.42225  2.77519  2.73123  3.46354  2.40513  3.72494  3.29354  2.67741  2.69355  4.24690  2.90347  2.73739  3.18146  2.89801  2.37887  2.77519  2.98518  4.58477  3.61503
          0.00399  5.92294  6.64528  0.61958  0.77255  0.52655  0.89315
    138   2.24435  5.23460  2.71418  2.47542  5.22273  2.73603  4.03455  4.70952  1.73336  3.75127  4.91684  3.09822  4.40977  2.97031  1.60646  2.76262  3.41043  3.95027  6.30846  4.89681    142 r - - -
          2.68618  4.42225  2.77519  2.73123  3.46354  2.40513  3.72494  3.29354  2.67741  2.69355  4.24690  2.90347  2.73739  3.18146  2.89801  2.37887  2.77519  2.98518  4.58477  3.61503
          0.01572  5.92294  4.34884  0.61958  0.77255  0.52655  0.89315
    139   1.97041  5.38900  3.07893  2.73628  4.98489  2.25852  3.71637  4.70075  2.69179  4.17391  4.90870  3.15296  3.43530  2.89284  2.47864  1.58445  2.79504  4.00319  6.30044  4.66258    143 s - - -
          2.68618  4.42225  2.77519  2.73123  3.46354  2.40513  3.72494  3.29354  2.67741  2.69355  4.24690  2.90347  2.73739  3.18146  2.89801  2.37887  2.77519  2.98518  4.58477  3.61503
          0.04500  5.91125  3.18699  0.61958  0.77255  0.60275  0.79253
    140   2.10023  4.24031  2.86044  2.18222  5.18804  3.47692  3.24407  3.90516  1.69333  3.35959  4.88268  2.94321  4.36817  2.76706  2.48099  2.73411  2.82950  3.72868  6.27445  4.65699    144 k - - -
          2.68618  4.42225  2.77519  2.73123  3.46354  2.40513  3.72494  3.29354  2.67741  2.69355  4.24690  2.90347  2.73739  3.18146  2.89801  2.37887  2.77519  2.98518  4.58477  3.61503
          0.21708  5.87045  1.64862  0.61958  0.77255  0.69967  0.68667
    141   2.63993  5.72421  2.12687  2.23916  5.07047  1.73510  3.82967  4.55728  2.41940  3.93060  4.76457  2.89611  4.06421  2.71735  2.73307  2.57077  2.93587  3.89795  6.15619  4.40965    145 g - - -
          2.68618  4.42225  2.77519  2.73123  3.46354  2.40513  3.72494  3.29354  2.67741  2.69355  4.24690  2.90347  2.73739  3.18146  2.89801  2.37887  2.77519  2.98518  4.58477  3.61503
          0.01139  5.67358  4.84210  0.61958  0.77255  1.38321  0.28871
    142   2.76931  4.26563  4.75026  3.32626  3.51955  3.92932  4.17555  1.44377  3.83633  2.50860  3.63103  4.37059  3.64319  2.56572  3.73529  3.44244  2.72389  1.69157  5.37480  3.79209    146 i - - -
          2.68618  4.42225  2.77519  2.73123  3.46354  2.40513  3.72494  3.29354  2.67741  2.69355  4.24690  2.90347  2.73739  3.18146  2.89801  2.37887  2.77519  2.98518  4.58477  3.61503
          0.00511  5.67437  6.39671  0.61958  0.77255  0.85698  0.55242
    143   2.18220  5.76755  3.26833  2.76418  5.11062  2.45908  4.08710  4.38085  2.38989  3.92640  4.80873  3.35092  1.63717  2.91901  2.66588  2.58571  2.54331  3.88481  5.66074  4.46252    147 p - - -
          2.68618  4.42225  2.77519  2.73123  3.46354  2.40513  3.72494  3.29354  2.67741  2.69355  4.24690  2.90347  2.73739  3.18146  2.89801  2.37887  2.77519  2.98518  4.58477  3.61503
          0.00470  5.75916  6.48151  0.61958  0.77255  0.21780  1.63110
    144   2.58781  3.50725  5.45201  4.83607  2.66533  4.46151  4.98203  1.96892  4.61844  1.37098  3.50239  4.81375  2.90224  4.62236  4.62248  3.95934  3.38888  1.57094  5.47203  4.29633    148 l - - -
          2.68618  4.42225  2.77519  2.73123  3.46354  2.40513  3.72494  3.29354  2.67741  2.69355  4.24690  2.90347  2.73739  3.18146  2.89801  2.37887  2.77519  2.98518  4.58477  3.61503
          0.00398  5.92473  6.64708  0.61958  0.77255  0.51426  0.91117
    145   3.24638  5.00657  0.90969  3.00418  4.87099  3.90032  3.87655  4.67531  3.03874  4.16314  4.90656  1.81670  3.82387  3.44190  3.47353  2.70849  3.60828  4.09718  6.30176  4.28591    149 d - - -
          2.68618  4.42225  2.77519  2.73123  3.46354  2.40513  3.72494  3.29354  2.67741  2.69355  4.24690  2.90347  2.73739  3.18146  2.89801  2.37887  2.77519  2.98518  4.58477  3.61503
          0.00398  5.92473  6.64708  0.61958  0.77255  0.51426  0.91117
    146   3.36439  4.39360  4.97586  4.82595  2.43449  4.64545  4.28703  2.95737  4.61039  2.57177  3.87901  4.80753  3.97237  4.74067  4.61772  3.95689  3.70864  2.07188  1.81127  1.23948    150 y - - -
          2.68618  4.42225  2.77519  2.73123  3.46354  2.40513  3.72494  3.29354  2.67741  2.69355  4.24690  2.90347  2.73739  3.18146  2.89801  2.37887  2.77519  2.98518  4.58477  3.61503
          0.00398  5.92473  6.64708  0.61958  0.77255  0.51426  0.91117
    147   1.61295  4.32748  3.21827  2.83244  4.03429  2.06595  3.87612  3.48160  2.99217  2.85736  4.58784  3.46970  2.84857  3.27030  3.06718  2.75494  2.97497  2.69829  6.13521  4.06288    151 a - - -
          2.68618  4.42225  2.77519  2.73123  3.46354  2.40513  3.72494  3.29354  2.67741  2.69355  4.24690  2.90347  2.73739  3.18146  2.89801  2.37887  2.77519  2.98518  4.58477  3.61503
          0.00398  5.92473  6.64708  0.61958  0.77255  0.51426  0.91117
    148   2.51392  5.61934  2.45468  2.44557  5.21742  3.38760  3.63950  4.36573  2.58943  2.57526  4.44214  3.34283  4.53197  1.99808  1.99556  2.28907  3.45731  3.33983  5.26305  4.54890    152 r - - -
          2.68618  4.42225  2.77519  2.73123  3.46354  2.40513  3.72494  3.29354  2.67741  2.69355  4.24690  2.90347  2.73739  3.18146  2.89801  2.37887  2.77519  2.98518  4.58477  3.61503
          0.00591  5.92473  5.73975  0.61958  0.77255  0.51426  0.91117
    149   3.29065  4.96767  5.55459  4.94200  2.54317  4.57655  5.11006  3.08919  4.73183  0.47631  3.58649  4.93642  4.71502  4.85239  4.74008  3.94175  3.57802  2.97783  5.58332  4.41900    153 L - - -
          2.68618  4.42225  2.77519  2.73123  3.46354  2.40513  3.72494  3.29354  2.67741  2.69355  4.24690  2.90347  2.73739  3.18146  2.89801  2.37887  2.77519  2.98518  4.58477  3.61503
          0.00399  5.92281  6.64516  0.61958  0.77255  0.52742  0.89190
    150   1.01001  4.57719  5.35742  4.34309  3.40655  3.03483  4.95887  2.77299  4.54829  1.67814  3.42130  4.76693  4.79003  4.69351  3.84946  3.21224  3.17528  2.66515  4.86660  3.88828    154 a - - -
          2.68618  4.42225  2.77519  2.73123  3.46354  2.40513  3.72494  3.29354  2.67741  2.69355  4.24690  2.90347  2.73739  3.18146  2.89801  2.37887  2.77519  2.98518  4.58477  3.61503
          0.00399  5.92281  6.64516  0.61958  0.77255  0.52742  0.89190
    151   2.54512  4.74133  2.04047  2.13301  4.86142  3.00356  3.76371  4.40609  2.43970  3.50583  4.49392  2.83010  4.17651  2.42997  2.18224  2.81458  3.06998  3.45574  4.40158  4.02486    155 d - - -
          2.68618  4.42225  2.77519  2.73123  3.46354  2.40513  3.72494  3.29354  2.67741  2.69355  4.24690  2.90347  2.73739  3.18146  2.89801  2.37887  2.77519  2.98518  4.58477  3.61503
          0.00399  5.92281  6.64516  0.61958  0.77255  0.52742  0.89190
    152   2.87502  5.79455  0.96242  2.84622  3.86097  3.42196  3.90230  4.26628  3.09545  2.86829  4.08126  3.46754  4.54784  2.42198  3.52078  2.83805  3.12311  3.84992  6.24788  4.85813    156 d - - -
          2.68618  4.42225  2.77519  2.73123  3.46354  2.40513  3.72494  3.29354  2.67741  2.69355  4.24690  2.90347  2.73739  3.18146  2.89801  2.37887  2.77519  2.98518  4.58477  3.61503
          0.00399  5.92281  6.64516  0.61958  0.77255  0.52742  0.89190
    153   3.65591  4.59820  5.63741  5.02537  3.34935  4.57598  5.18384  1.99824  4.81373  0.60667  3.56850  5.01366  5.19024  4.92788  4.81475  4.16312  3.63575  2.35383  5.64279  4.02521    157 L - - -
          2.68618  4.42225  2.77519  2.73123  3.46354  2.40513  3.72494  3.29354  2.67741  2.69355  4.24690  2.90347  2.73739  3.18146  2.89801  2.37887  2.77519  2.98518  4.58477  3.61503
          0.00399  5.92281  6.64516  0.61958  0.77255  0.52742  0.89190
    154   2.62912  3.90548  4.50782  3.99418  2.29987  4.09097  3.73112  2.76246  4.04939  1.59527  3.54149  4.29662  4.83978  4.12189  2.80148  3.30486  3.26396  2.37694  4.14517  1.94594    158 l - - -
          2.68618  4.42225  2.77519  2.73123  3.46354  2.40513  3.72494  3.29354  2.67741  2.69355  4.24690  2.90347  2.73739  3.18146  2.89801  2.37887  2.77519  2.98518  4.58477  3.61503
          0.00673  5.92281  5.51513  0.61958  0.77255  0.52742  0.89190
    155   2.44697  5.42760  2.78003  2.89596  3.40920  3.33335  3.20994  3.88376  2.69715  2.75815  4.56002  3.02082  4.54382  2.51048  2.27402  2.70519  2.84642  3.71968  2.79767  2.70005    159 r - - -
          2.68618  4.42225  2.77519  2.73123  3.46354  2.40513  3.72494  3.29354  2.67741  2.69355  4.24690  2.90347  2.73739  3.18146  2.89801  2.37887  2.77519  2.98518  4.58477  3.61503
          0.00400  5.92008  6.64243  0.61958  0.77255  0.54580  0.86602
    156   3.05528  4.70856  4.51921  3.72417  2.13199  4.47568  4.74145  3.10227  4.20149  2.15388  3.81924  4.14336  4.72858  4.14023  3.95070  3.84556  3.54137  2.99655  0.98656  3.23906    160 w - - -
          2.68618  4.42225  2.77519  2.73123  3.46354  2.40513  3.72494  3.29354  2.67741  2.69355  4.24690  2.90347  2.73739  3.18146  2.89801  2.37887  2.77519  2.98518  4.58477  3.61503
          0.01723  5.92008  4.24102  0.61958  0.77255  0.54580  0.86602
    157   3.16708  4.53337  2.37724  2.72546  3.69198  2.51707  3.12282  4.33198  2.96838  2.95282  3.57794  2.64246  3.23076  1.74633  2.98499  2.57699  3.15637  3.90951  5.19090  4.22422    161 q - - -
          2.68618  4.42225  2.77519  2.73123  3.46354  2.40513  3.72494  3.29354  2.67741  2.69355  4.24690  2.90347  2.73739  3.18146  2.89801  2.37887  2.77519  2.98518  4.58477  3.61503
          0.20062  5.90691  1.72007  0.61958  0.77255  0.60751  0.78681
    158   2.84716  5.27143  2.43984  2.67701  3.02126  3.18274  2.72443  3.87605  2.51668  3.57000  4.27597  2.44997  4.40509  2.80039  2.17682  2.48264  3.00765  3.85264  3.89667  3.36853    162 r - - -
          2.68618  4.42225  2.77519  2.73123  3.46354  2.40513  3.72494  3.29354  2.67741  2.69355  4.24690  2.90347  2.73739  3.18146  2.89801  2.37887  2.77519  2.98518  4.58477  3.61503
          0.13901  5.71359  2.06769  0.61958  0.77255  1.35373  0.29878
    159   2.89986  5.66891  2.44031  1.75089  4.65147  3.38339  3.70911  4.50037  2.80003  3.86378  4.70951  3.03060  1.76957  3.01469  2.78722  2.37421  3.01823  3.90027  6.10144  4.07008    163 e - - -
          2.68618  4.42225  2.77519  2.73123  3.46354  2.40513  3.72494  3.29354  2.67741  2.69355  4.24690  2.90347  2.73739  3.18146  2.89801  2.37887  2.77519  2.98518  4.58477  3.61503
          0.36045  5.58020  1.20776  0.61958  0.77255  0.57501  0.82713
    160   2.68053  5.62874  2.27548  1.86335  4.74070  2.48560  3.64541  4.22700  2.45145  3.68015  4.66916  2.67225  3.26490  2.86555  2.47171  2.67654  2.87734  3.75258  5.31612  4.24365    164 e - - -
          2.68618  4.42225  2.77519  2.73123  3.46354  2.40513  3.72494  3.29354  2.67741  2.69355  4.24690  2.90347  2.73739  3.18146  2.89801  2.37887  2.77519  2.98518  4.58477  3.61503
          0.00606  5.50463  6.22698  0.61958  0.77255  1.68880  0.20425
    161   2.35052  4.78496  3.15813  2.59179  4.51023  2.43804  3.50077  3.80143  2.36202  3.55627  4.26460  3.14081  2.72825  2.83223  2.22366  2.41866  3.00136  3.60356  4.72548  3.20070    165 r - - -
          2.68618  4.42225  2.77519  2.73123  3.46354  2.40513  3.72494  3.29354  2.67741  2.69355  4.24690  2.90347  2.73739  3.18146  2.89801  2.37887  2.77519  2.98518  4.58477  3.61503
          0.00603  5.51005  6.23239  0.61958  0.77255  1.56753  0.23390
    162   1.86061  4.89803  3.06311  2.70113  3.94904  3.00753  3.96359  3.73790  2.47145  3.42829  4.16023  3.21139  3.70263  2.76486  1.80081  2.47714  2.95935  3.40801  4.91800  4.63267    166 r - - -
          2.68618  4.42225  2.77519  2.73123  3.46354  2.40513  3.72494  3.29354  2.67741  2.69355  4.24690  2.90347  2.73739  3.18146  2.89801  2.37887  2.77519  2.98518  4.58477  3.61503
          0.00590  5.53167  6.25402  0.61958  0.77255  0.15738  1.92678
    163   2.64683  5.87151  1.86077  1.87612  5.21795  2.93235  3.77009  4.70490  2.31315  3.73530  4.91181  2.70999  3.69358  2.41012  2.39191  2.83142  3.28155  4.08933  6.30337  4.72784    167 d - - -
          2.68618  4.42225  2.77519  2.73123  3.46354  2.40513  3.72494  3.29354  2.67741  2.69355  4.24690  2.90347  2.73739  3.18146  2.89801  2.37887  2.77519  2.98518  4.58477  3.61503
          0.00402  5.91446  6.63681  0.61958  0.77255  0.58244  0.81765
    164   2.54506  5.86942  3.01219  2.51275  3.95367  2.86121  3.52621  4.35875  2.39455  3.84249  4.59478  3.10021  3.70220  2.47638  1.46529  2.57264  3.14927  3.99705  4.92216  4.04617    168 r - - -
          2.68618  4.42225  2.77519  2.73123  3.46354  2.40513  3.72494  3.29354  2.67741  2.69355  4.24690  2.90347  2.73739  3.18146  2.89801  2.37887  2.77519  2.98518  4.58477  3.61503
          0.00633  5.91446  5.62312  0.61958  0.77255  0.55287  0.85637
    165   2.76850  4.85399  4.55322  4.70671  3.62935  4.61848  4.41339  1.75518  4.30439  2.32063  3.83418  4.07172  4.80666  4.35969  3.92018  3.40652  2.44414  1.03472  4.78072  4.29537    169 v - - -
          2.68618  4.42225  2.77519  2.73123  3.46354  2.40513  3.72494  3.29354  2.67741  2.69355  4.24690  2.90347  2.73739  3.18146  2.89801  2.37887  2.77519  2.98518  4.58477  3.61503
          0.00402  5.91479  6.63713  0.61958  0.77255  0.47213  0.97729
    166   2.28605  4.12964  3.67121  3.11474  4.13491  3.85665  3.55913  3.83148  2.10577  3.21922  4.57285  3.40463  4.17541  2.38275  1.25914  2.75040  3.45531  3.82280  5.79554  4.84238    170 r - - -
          2.68618  4.42225  2.77519  2.73123  3.46354  2.40513  3.72494  3.29354  2.67741  2.69355  4.24690  2.90347  2.73739  3.18146  2.89801  2.37887  2.77519  2.98518  4.58477  3.61503
          0.00398  5.92473  6.64708  0.61958  0.77255  0.51426  0.91117
    167   2.61796  5.40357  3.35251  3.33438  3.62138  4.06790  3.84219  3.18620  2.70044  1.68056  3.47946  3.50995  4.53286  2.98343  1.69920  3.30370  2.80884  2.67302  5.94247  4.00497    171 l - - -
          2.68618  4.42225  2.77519  2.73123  3.46354  2.40513  3.72494  3.29354  2.67741  2.69355  4.24690  2.90347  2.73739  3.18146  2.89801  2.37887  2.77519  2.98518  4.58477  3.61503
          0.00398  5.92473  6.64708  0.61958  0.77255  0.51426  0.91117
    168   2.48125  4.81166  3.05933  2.60200  5.21910  3.77915  3.58660  3.94058  2.46479  3.85008  4.43164  3.01219  4.53173  2.55251  1.18943  2.69667  3.03323  3.77165  6.30718  4.51469    172 r - - -
          2.68618  4.42225  2.77519  2.73123  3.46354  2.40513  3.72494  3.29354  2.67741  2.69355  4.24690  2.90347  2.73739  3.18146  2.89801  2.37887  2.77519  2.98518  4.58477  3.61503
          0.00398  5.92473  6.64708  0.61958  0.77255  0.48006  0.96430
    169   4.27940  5.57023  6.21011  5.63093  3.70453  5.51285  5.75880  2.24575  5.44365  2.28679  3.82761  5.66174  5.74970  5.46134  5.42017  4.85888  4.31558  3.21809  0.46648  4.86295    173 W - - -
          2.68618  4.42225  2.77519  2.73123  3.46354  2.40513  3.72494  3.29354  2.67741  2.69355  4.24690  2.90347  2.73739  3.18146  2.89801  2.37887  2.77519  2.98518  4.58477  3.61503
          0.00397  5.92774  6.65008  0.61958  0.77255  0.49323  0.94327
    170   1.12470  4.00510  4.31465  4.33997  3.68059  1.74607  4.86552  3.13910  4.21942  2.15687  3.60559  4.16053  4.93175  4.29182  3.98612  3.03270  3.28246  2.73620  5.54582  4.35416    174 a - - -
          2.68618  4.42225  2.77519  2.73123  3.46354  2.40513  3.72494  3.29354  2.67741  2.69355  4.24690  2.90347  2.73739  3.18146  2.89801  2.37887  2.77519  2.98518  4.58477  3.61503
          0.00698  5.92774  5.45013  0.61958  0.77255  0.49323  0.94327
    171   2.91112  5.48890  3.23389  2.42816  3.38939  3.72604  4.09304  4.55720  2.68667  3.37951  3.66827  3.17881  4.53483  2.01066  1.28344  2.92247  3.37942  3.96572  6.29644  3.53538    175 r - - -
          2.68618  4.42225  2.77519  2.73123  3.46354  2.40513  3.72494  3.29354  2.67741  2.69355  4.24690  2.90347  2.73739  3.18146  2.89801  2.37887  2.77519  2.98518  4.58477  3.61503
          0.00591  5.92473  5.73975  0.61958  0.77255  0.51426  0.91117
    172   2.38664  5.88631  1.12765  2.11696  5.23209  3.38401  3.60177  4.71916  2.99060  4.10653  4.92705  3.36119  4.29481  2.55746  3.37060  2.38939  3.30498  4.27738  6.31829  4.90593    176 d - - -
          2.68618  4.42225  2.77519  2.73123  3.46354  2.40513  3.72494  3.29354  2.67741  2.69355  4.24690  2.90347  2.73739  3.18146  2.89801  2.37887  2.77519  2.98518  4.58477  3.61503
          0.00399  5.92281  6.64516  0.61958  0.77255  0.52742  0.89190
    173   6.17955  6.94096  6.81873  6.87930  0.89213  6.47864  4.59015  5.69256  6.63182  3.84828  6.17136  5.93593  6.70904  6.14853  6.33901  5.29008  6.35136  5.66707  5.02592  0.65258    177 Y - - -
          2.68618  4.42225  2.77519  2.73123  3.46354  2.40513  3.72494  3.29354  2.67741  2.69355  4.24690  2.90347  2.73739  3.18146  2.89801  2.37887  2.77519  2.98518  4.58477  3.61503
          0.00399  5.92281  6.64516  0.61958  0.77255  0.52742  0.89190
    174   2.85005  4.91212  4.68932  4.28074  2.03193  4.57698  2.50215  3.15535  4.29026  2.85797  4.02801  4.18913  4.94522  3.91441  4.02220  3.58812  3.57118  3.02408  3.26797  1.03739    178 y - - -
          2.68618  4.42225  2.77519  2.73123  3.46354  2.40513  3.72494  3.29354  2.67741  2.69355  4.24690  2.90347  2.73739  3.18146  2.89801  2.37887  2.77519  2.98518  4.58477  3.61503
          0.00399  5.92281  6.64516  0.61958  0.77255  0.52742  0.89190
    175   2.51014  5.08555  3.43358  2.94169  3.88792  2.48229  3.95376  3.87472  2.70595  2.75514  4.12524  3.34015  4.19808  2.90078  1.58057  2.34706  2.74957  3.70011  4.06925  3.71927    179 r - - -
          2.68618  4.42225  2.77519  2.73123  3.46354  2.40513  3.72494  3.29354  2.67741  2.69355  4.24690  2.90347  2.73739  3.18146  2.89801  2.37887  2.77519  2.98518  4.58477  3.61503
          0.00719  5.92281  5.40573  0.61958  0.77255  0.52742  0.89190
    176   1.81505  5.80205  3.42943  2.90862  3.95514  3.00001  3.53367  3.65657  2.84805  3.32644  4.85063  2.87255  3.04243  2.71079  2.59204  2.54695  2.29490  3.17800  4.46953  3.13060    180 a - - -
          2.68618  4.42225  2.77519  2.73123  3.46354  2.40513  3.72494  3.29354  2.67741  2.69355  4.24690  2.90347  2.73739  3.18146  2.89801  2.37887  2.77519  2.98518  4.58477  3.61503
          0.02516  5.91961  3.80947  0.61958  0.77255  0.54890  0.86176
    177   2.15620  5.83726  3.03506  2.68419  3.96924  3.17408  3.47344  3.63924  2.63012  2.38104  4.23135  2.93110  2.91673  2.82535  2.41782  2.43940  2.71049  3.36855  6.27552  3.81581    181 a - - -
          2.68618  4.42225  2.77519  2.73123  3.46354  2.40513  3.72494  3.29354  2.67741  2.69355  4.24690  2.90347  2.73739  3.18146  2.89801  2.37887  2.77519  2.98518  4.58477  3.61503
          0.01588  5.89854  4.34200  0.61958  0.77255  0.64070  0.74850
    178   2.34052  5.24690  2.62896  2.44031  4.00649  3.53737  3.34635  3.83833  2.44022  3.39011  4.35223  2.70000  2.62535  2.70702  2.62252  2.32230  2.80324  3.59625  5.24702  3.47086    182 s - - -
          2.68618  4.42225  2.77519  2.73123  3.46354  2.40513  3.72494  3.29354  2.67741  2.69355  4.24690  2.90347  2.73739  3.18146  2.89801  2.37887  2.77519  2.98518  4.58477  3.61503
          0.03602  5.89026  3.42312  0.61958  0.77255  0.66323  0.72398
    179   2.48070  5.50557  2.71756  2.32582  4.52906  3.30863  3.63251  4.23219  2.06751  3.50906  4.54627  3.04424  2.48740  2.51671  2.44449  2.39478  2.81158  3.46655  6.27088  4.55824    183 k - - -
          2.68618  4.42225  2.77519  2.73123  3.46354  2.40513  3.72494  3.29354  2.67741  2.69355  4.24690  2.90347  2.73739  3.18146  2.89801  2.37887  2.77519  2.98518  4.58477  3.61503
          0.03428  5.86433  3.47840  0.61958  0.77255  0.85429  0.55441
    180   2.09172  5.82007  2.38311  2.14062  4.95151  2.98218  3.85697  4.15340  2.31557  3.74744  4.59873  2.74301  3.28384  2.82936  2.96800  2.30833  2.58706  3.48037  5.66319  4.16634    184 a - - -
          2.68618  4.42225  2.77519  2.73123  3.46354  2.40513  3.72494  3.29354  2.67741  2.69355  4.24690  2.90347  2.73739  3.18146  2.89801  2.37887  2.77519  2.98518  4.58477  3.61503
          0.03835  5.83441  3.36097  0.61958  0.77255  0.84961  0.55788
    181   2.41789  5.80740  2.37566  1.86571  5.15376  3.42149  3.97705  4.27685  2.25043  3.90987  4.66537  2.79176  2.82183  2.64559  2.88204  2.29789  2.62619  3.86520  6.23931  4.53410    185 e - - -
          2.68618  4.42225  2.77519  2.73123  3.46354  2.40513  3.72494  3.29354  2.67741  2.69355  4.24690  2.90347  2.73739  3.18146  2.89801  2.37887  2.77519  2.98518  4.58477  3.61503
          0.04851  5.81251  3.11532  0.61958  0.77255  1.00892  0.45352
    182   2.32660  5.78368  2.54044  2.03816  5.13002  3.08416  3.83726  4.39739  2.23173  3.66869  4.82401  2.76763  3.01846  2.71561  2.72378  2.27710  2.53775  3.55915  6.21560  4.80389    186 e - - -
          2.68618  4.42225  2.77519  2.73123  3.46354  2.40513  3.72494  3.29354  2.67741  2.69355  4.24690  2.90347  2.73739  3.18146  2.89801  2.37887  2.77519  2.98518  4.58477  3.61503
          0.07306  5.77370  2.69797  0.61958  0.77255  1.16672  0.37307
    183   2.15337  5.74287  2.30720  2.08714  5.08918  2.97782  3.76888  4.25023  2.15240  3.71009  4.61776  2.74984  3.30362  2.64878  2.82532  2.55759  2.67095  3.72359  6.17480  4.76310    187 e - - -
          2.68618  4.42225  2.77519  2.73123  3.46354  2.40513  3.72494  3.29354  2.67741  2.69355  4.24690  2.90347  2.73739  3.18146  2.89801  2.37887  2.77519  2.98518  4.58477  3.61503
          0.13089  5.70545  2.12564  0.61958  0.77255  1.11595  0.39691
    184   2.32284  5.68962  2.52752  1.99879  4.70835  3.14167  3.78448  4.10315  2.43845  3.70028  4.43040  2.56824  3.22158  2.59684  2.86180  2.31982  2.38548  4.01173  6.12164  4.71001    188 e - - -
          2.68618  4.42225  2.77519  2.73123  3.46354  2.40513  3.72494  3.29354  2.67741  2.69355  4.24690  2.90347  2.73739  3.18146  2.89801  2.37887  2.77519  2.98518  4.58477  3.61503
          0.04224  5.61384  3.27775  0.61958  0.77255  1.52624  0.24507
    185   2.16393  5.66959  2.39885  1.95477  4.83531  3.08393  3.94815  4.23702  2.38302  3.54939  4.43464  2.95847  3.01976  2.81562  3.20437  2.25697  2.45162  3.72169  6.10194  4.55565    189 e - - -
          2.68618  4.42225  2.77519  2.73123  3.46354  2.40513  3.72494  3.29354  2.67741  2.69355  4.24690  2.90347  2.73739  3.18146  2.89801  2.37887  2.77519  2.98518  4.58477  3.61503
          0.04246  5.58041  3.27555  0.61958  0.77255  1.57914  0.23086
    186   2.20799  5.64766  2.30361  1.88333  4.99380  3.03805  3.78381  4.11363  2.37882  3.95340  4.52186  2.69943  3.23106  2.72778  2.98239  2.60614  2.51669  3.53899  6.07971  4.66811    190 e - - -
          2.68618  4.42225  2.77519  2.73123  3.46354  2.40513  3.72494  3.29354  2.67741  2.69355  4.24690  2.90347  2.73739  3.18146  2.89801  2.37887  2.77519  2.98518  4.58477  3.61503
          0.23153  5.53874  1.59578  0.61958  0.77255  1.61519  0.22171
    187   2.19704  5.53070  2.59281  1.98867  4.87511  3.06992  3.57258  3.72804  2.45099  3.56629  4.57153  2.90676  3.41211  2.64905  3.03069  2.53368  2.23565  3.36877  5.96378  4.39741    191 e - - -
          2.68618  4.42225  2.77519  2.73123  3.46354  2.40513  3.72494  3.29354  2.67741  2.69355  4.24690  2.90347  2.73739  3.18146  2.89801  2.37887  2.77519  2.98518  4.58477  3.61503
          0.00491  5.31955        *  0.61958  0.77255  0.00000        *
//
