HMMER3/f [3.2.1 | June 2018]
NAME  CRISPR-CAS_Cas3''
LENG  159
ALPH  amino
RF    no
MM    no
CONS  yes
CS    no
MAP   yes
DATE  Fri Jun 18 18:43:51 2021
NSEQ  320
EFFN  2.358398
CKSUM 4275658876
STATS LOCAL MSV      -10.3201  0.70851
STATS LOCAL VITERBI  -10.8423  0.70851
STATS LOCAL FORWARD   -4.7967  0.70851
HMM          A        C        D        E        F        G        H        I        K        L        M        N        P        Q        R        S        T        V        W        Y   
            m->m     m->i     m->d     i->m     i->i     d->m     d->d
  COMPO   2.48426  3.78391  2.91715  2.47553  3.50030  3.22015  3.18961  2.74358  2.55250  2.50630  3.66885  3.07668  3.81025  3.04425  2.79085  2.71212  2.93745  2.84053  4.81085  3.44647
          2.68618  4.42225  2.77519  2.73123  3.46354  2.40513  3.72494  3.29354  2.67741  2.69355  4.24690  2.90347  2.73739  3.18146  2.89801  2.37887  2.77519  2.98518  4.58477  3.61503
          0.02205  4.74387  4.33520  0.61958  0.77255  0.00000        *
      1   2.77167  4.37733  3.92983  3.10722  3.45911  3.83039  4.06544  2.75777  3.20417  2.25614  1.31538  3.46329  4.10431  3.52276  3.53572  2.99602  2.93696  2.60983  4.97687  3.76757      1 m - - -
          2.68618  4.42225  2.77519  2.73123  3.46354  2.40513  3.72494  3.29354  2.67741  2.69355  4.24690  2.90347  2.73739  3.18146  2.89801  2.37887  2.77519  2.98518  4.58477  3.61503
          0.03434  4.73496  3.68984  0.61958  0.77255  0.50494  0.92518
      2   2.66531  5.26549  2.45346  1.76069  4.17698  3.52402  3.61920  3.91629  2.02468  3.56846  4.30761  2.79663  3.34502  2.73665  2.90559  2.67597  2.69667  3.44769  5.70134  4.20785      2 e - - -
          2.68618  4.42225  2.77519  2.73123  3.46354  2.40513  3.72494  3.29354  2.67741  2.69355  4.24690  2.90347  2.73739  3.18146  2.89801  2.37887  2.77519  2.98518  4.58477  3.61503
          0.02355  4.71403  4.24691  0.61958  0.77255  0.47766  0.96819
      3   2.69376  4.82165  3.12891  2.51124  4.21876  3.58999  3.64419  3.63761  2.29204  3.10253  4.01761  2.78064  3.98038  2.81265  1.55402  2.77761  2.88432  3.23741  5.55150  3.60177      3 r - - -
          2.68618  4.42225  2.77519  2.73123  3.46354  2.40513  3.72494  3.29354  2.67741  2.69355  4.24690  2.90347  2.73739  3.18146  2.89801  2.37887  2.77519  2.98518  4.58477  3.61503
          0.01326  4.72516  5.44751  0.61958  0.77255  0.52542  0.89480
      4   2.53284  3.92552  4.58273  3.97788  2.99877  3.93048  4.02948  1.93317  3.74653  2.11205  3.29858  3.97541  4.29581  3.75739  3.58216  3.17464  2.65799  1.53418  4.47607  3.32600      4 v - - -
          2.68618  4.42225  2.77519  2.73123  3.46354  2.40513  3.72494  3.29354  2.67741  2.69355  4.24690  2.90347  2.73739  3.18146  2.89801  2.37887  2.77519  2.98518  4.58477  3.61503
          0.01326  4.72516  5.44751  0.61958  0.77255  0.52542  0.89480
      5   2.67214  5.25731  2.42357  2.20530  4.29523  3.48915  3.50817  4.07028  2.42952  3.23542  4.30086  1.79620  3.94244  2.58054  2.87182  2.56649  2.92876  3.64221  5.15399  4.21274      5 n - - -
          2.68618  4.42225  2.77519  2.73123  3.46354  2.40513  3.72494  3.29354  2.67741  2.69355  4.24690  2.90347  2.73739  3.18146  2.89801  2.37887  2.77519  2.98518  4.58477  3.61503
          0.01326  4.72516  5.44751  0.61958  0.77255  0.49172  0.94565
      6   2.36436  4.48244  3.06921  2.47233  3.91981  3.31336  3.74543  3.36017  1.97514  2.95949  3.99100  2.93666  3.89146  2.70312  2.31394  2.58768  2.97297  3.40406  5.55863  3.28566      6 k - - -
          2.68618  4.42225  2.77519  2.73123  3.46354  2.40513  3.72494  3.29354  2.67741  2.69355  4.24690  2.90347  2.73739  3.18146  2.89801  2.37887  2.77519  2.98518  4.58477  3.61503
          0.01313  4.73496  5.45730  0.61958  0.77255  0.48632  0.95422
      7   2.98293  4.38246  4.68081  4.09962  3.48989  4.16097  4.52270  1.12085  3.94832  1.84428  3.37072  4.23182  4.13637  4.14361  4.06925  2.70627  3.22223  2.11933  5.09732  3.91591      7 i - - -
          2.68618  4.42225  2.77519  2.73123  3.46354  2.40513  3.72494  3.29354  2.67741  2.69355  4.24690  2.90347  2.73739  3.18146  2.89801  2.37887  2.77519  2.98518  4.58477  3.61503
          0.01306  4.74029  5.46263  0.61958  0.77255  0.49353  0.94281
      8   2.34972  4.02001  4.62227  4.01549  3.01796  3.94220  4.26874  2.12035  3.82802  1.38795  3.16109  4.06128  4.30704  3.98327  3.33045  3.09202  2.96182  2.31123  3.75132  3.27256      8 l - - -
          2.68618  4.42225  2.77519  2.73123  3.46354  2.40513  3.72494  3.29354  2.67741  2.69355  4.24690  2.90347  2.73739  3.18146  2.89801  2.37887  2.77519  2.98518  4.58477  3.61503
          0.01306  4.74029  5.46263  0.61958  0.77255  0.49353  0.94281
      9   2.57954  4.81948  2.84989  2.21818  4.47399  3.43106  3.35450  4.05549  2.07446  3.48824  4.25894  2.21593  3.10011  2.60297  2.61135  2.59529  2.81667  3.63102  5.30620  4.15566      9 k - - -
          2.68618  4.42225  2.77519  2.73123  3.46354  2.40513  3.72494  3.29354  2.67741  2.69355  4.24690  2.90347  2.73739  3.18146  2.89801  2.37887  2.77519  2.98518  4.58477  3.61503
          0.01600  4.74029  4.94292  0.61958  0.77255  0.49353  0.94281
     10   2.79173  5.29356  2.32542  2.30486  4.62492  3.35898  2.12415  4.10443  2.51579  3.37151  4.20296  2.06025  3.78124  2.84536  3.01013  2.61004  2.94613  3.67723  5.73318  4.32520     10 n - - -
          2.68618  4.42225  2.77519  2.73123  3.46354  2.40513  3.72494  3.29354  2.67741  2.69355  4.24690  2.90347  2.73739  3.18146  2.89801  2.37887  2.77519  2.98518  4.58477  3.61503
          0.01310  4.73739  5.45974  0.61958  0.77255  0.48958  0.94903
     11   2.66657  5.27151  2.86524  1.83457  4.52927  3.49514  3.65224  3.98748  2.18411  3.53889  4.31432  2.93150  2.27802  2.74092  2.78199  2.46412  2.89610  3.55084  5.70843  4.30201     11 e - - -
          2.68618  4.42225  2.77519  2.73123  3.46354  2.40513  3.72494  3.29354  2.67741  2.69355  4.24690  2.90347  2.73739  3.18146  2.89801  2.37887  2.77519  2.98518  4.58477  3.61503
          0.01306  4.74029  5.46263  0.61958  0.77255  0.49353  0.94281
     12   2.63527  4.91324  2.66756  2.23951  3.98348  3.40917  3.55833  3.20888  2.24903  2.49501  3.96899  2.99638  3.80044  2.68171  2.77800  2.54424  2.82038  2.92518  5.58511  3.95852     12 e - - -
          2.68618  4.42225  2.77519  2.73123  3.46354  2.40513  3.72494  3.29354  2.67741  2.69355  4.24690  2.90347  2.73739  3.18146  2.89801  2.37887  2.77519  2.98518  4.58477  3.61503
          0.01306  4.74029  5.46263  0.61958  0.77255  0.49353  0.94281
     13   3.47674  4.82436  4.89443  3.73383  1.59367  4.46957  4.03411  3.18732  4.25811  2.85697  3.93845  4.34195  4.80458  4.32909  4.32375  3.78959  3.63851  2.90101  3.85775  0.93554     13 y - - -
          2.68618  4.42225  2.77519  2.73123  3.46354  2.40513  3.72494  3.29354  2.67741  2.69355  4.24690  2.90347  2.73739  3.18146  2.89801  2.37887  2.77519  2.98518  4.58477  3.61503
          0.01306  4.74029  5.46263  0.61958  0.77255  0.49353  0.94281
     14   2.70862  4.82333  3.11863  2.47244  4.24733  3.54000  3.78382  3.03388  2.02504  2.73035  4.10624  2.78846  3.97812  2.26793  2.43250  2.63121  2.75036  3.20296  5.14044  4.20454     14 k - - -
          2.68618  4.42225  2.77519  2.73123  3.46354  2.40513  3.72494  3.29354  2.67741  2.69355  4.24690  2.90347  2.73739  3.18146  2.89801  2.37887  2.77519  2.98518  4.58477  3.61503
          0.01306  4.74029  5.46263  0.61958  0.77255  0.49353  0.94281
     15   2.60311  5.02202  2.62549  1.80515  4.25071  3.51331  3.61913  3.92395  2.13131  3.32460  4.16601  2.91210  3.94671  2.56213  2.75304  2.38405  2.85544  3.40270  5.54258  3.89969     15 e - - -
          2.68618  4.42225  2.77519  2.73123  3.46354  2.40513  3.72494  3.29354  2.67741  2.69355  4.24690  2.90347  2.73739  3.18146  2.89801  2.37887  2.77519  2.98518  4.58477  3.61503
          0.01306  4.74029  5.46263  0.61958  0.77255  0.49353  0.94281
     16   2.51321  3.29795  3.44939  2.77421  3.72318  3.67300  2.72613  3.06708  2.77985  2.60004  3.75141  3.03034  4.08468  2.99841  2.87028  2.66564  2.85486  2.91456  4.71023  2.25901     16 y - - -
          2.68618  4.42225  2.77519  2.73123  3.46354  2.40513  3.72494  3.29354  2.67741  2.69355  4.24690  2.90347  2.73739  3.18146  2.89801  2.37887  2.77519  2.98518  4.58477  3.61503
          0.01306  4.74029  5.46263  0.61958  0.77255  0.48094  0.96287
     17   2.76161  3.97849  4.61741  4.01127  3.21572  3.94554  4.27174  2.07686  3.75769  1.35879  2.68375  3.89236  4.31020  3.65339  3.82812  3.19101  2.97533  2.19235  4.80795  3.01021     17 l - - -
          2.68618  4.42225  2.77519  2.73123  3.46354  2.40513  3.72494  3.29354  2.67741  2.69355  4.24690  2.90347  2.73739  3.18146  2.89801  2.37887  2.77519  2.98518  4.58477  3.61503
          0.01302  4.74387  5.46621  0.61958  0.77255  0.48576  0.95510
     18   2.57934  4.97036  2.85548  1.96295  4.48799  3.35856  3.42163  4.00686  1.96874  3.29300  4.32161  2.63594  3.94555  2.52441  2.55224  2.49008  2.91924  3.57085  5.71467  4.19833     18 e - - -
          2.68618  4.42225  2.77519  2.73123  3.46354  2.40513  3.72494  3.29354  2.67741  2.69355  4.24690  2.90347  2.73739  3.18146  2.89801  2.37887  2.77519  2.98518  4.58477  3.61503
          0.02822  4.74387  3.95703  0.61958  0.77255  0.48576  0.95510
     19   2.62972  5.09693  2.79995  2.16279  4.59565  3.45634  3.64266  3.87816  1.80583  3.33376  4.01217  2.84979  3.94289  2.56456  2.18967  2.71887  2.90625  3.54723  5.30223  3.97410     19 k - - -
          2.68618  4.42225  2.77519  2.73123  3.46354  2.40513  3.72494  3.29354  2.67741  2.69355  4.24690  2.90347  2.73739  3.18146  2.89801  2.37887  2.77519  2.98518  4.58477  3.61503
          0.08476  4.72886  2.62508  0.61958  0.77255  0.51775  0.90599
     20   2.77016  4.21575  4.27164  3.69578  3.47467  3.98852  4.31118  1.53614  3.58569  1.77896  3.34928  2.27492  4.35368  3.82932  3.79857  3.27875  3.04208  2.29553  5.03120  3.83547     20 i - - -
          2.68618  4.42225  2.77519  2.73123  3.46354  2.40513  3.72494  3.29354  2.67741  2.69355  4.24690  2.90347  2.73739  3.18146  2.89801  2.37887  2.77519  2.98518  4.58477  3.61503
          0.01419  4.65829  5.38063  0.61958  0.77255  0.65045  0.73775
     21   2.38591  4.78669  2.82182  1.81121  4.46405  3.46542  3.62923  3.87392  2.15625  3.26787  3.87291  2.68143  3.92018  2.62313  2.67953  2.58169  2.90562  3.43067  5.66424  4.11653     21 e - - -
          2.68618  4.42225  2.77519  2.73123  3.46354  2.40513  3.72494  3.29354  2.67741  2.69355  4.24690  2.90347  2.73739  3.18146  2.89801  2.37887  2.77519  2.98518  4.58477  3.61503
          0.01419  4.65829  5.38063  0.61958  0.77255  0.65045  0.73775
     22   2.48455  5.05273  2.79253  1.86785  4.36716  3.28104  3.57326  3.73156  2.07761  3.39103  4.08326  2.79687  3.91880  2.55035  2.71536  2.60575  2.76667  3.40550  5.67086  4.01644     22 e - - -
          2.68618  4.42225  2.77519  2.73123  3.46354  2.40513  3.72494  3.29354  2.67741  2.69355  4.24690  2.90347  2.73739  3.18146  2.89801  2.37887  2.77519  2.98518  4.58477  3.61503
          0.01908  4.65829  4.66535  0.61958  0.77255  0.65045  0.73775
     23   2.05306  3.50149  3.77431  3.11851  3.13927  3.79318  3.68974  2.69985  3.01166  1.77884  3.26161  3.52579  4.08854  3.41862  3.21842  2.91457  2.94721  2.52106  4.64622  3.11735     23 l - - -
          2.68618  4.42225  2.77519  2.73123  3.46354  2.40513  3.72494  3.29354  2.67741  2.69355  4.24690  2.90347  2.73739  3.18146  2.89801  2.37887  2.77519  2.98518  4.58477  3.61503
          0.01426  4.65346  5.37581  0.61958  0.77255  0.64304  0.74589
     24   2.94466  5.67891  2.72087  0.56157  5.17281  3.65835  4.29779  4.60003  3.25421  4.19306  5.10869  3.24026  4.30853  3.48463  3.75009  3.29368  3.68389  4.19579  6.35675  4.93946     24 E - - -
          2.68618  4.42225  2.77519  2.73123  3.46354  2.40513  3.72494  3.29354  2.67741  2.69355  4.24690  2.90347  2.73739  3.18146  2.89801  2.37887  2.77519  2.98518  4.58477  3.61503
          0.01419  4.65829  5.38063  0.61958  0.77255  0.65045  0.73775
     25   2.50485  5.22999  2.91601  2.11964  4.44545  3.36699  3.67672  3.86429  1.74376  3.50046  4.23072  2.97512  3.63494  2.56731  2.54509  2.54254  2.79314  3.39453  5.47576  4.11255     25 k - - -
          2.68618  4.42225  2.77519  2.73123  3.46354  2.40513  3.72494  3.29354  2.67741  2.69355  4.24690  2.90347  2.73739  3.18146  2.89801  2.37887  2.77519  2.98518  4.58477  3.61503
          0.01419  4.65829  5.38063  0.61958  0.77255  0.65045  0.73775
     26   2.62696  5.26165  1.95856  1.93047  4.60136  3.14903  3.56994  3.99130  2.32711  3.56461  4.24660  2.62235  3.92314  2.75717  2.90552  2.54907  2.77627  3.64954  5.69683  4.12131     26 e - - -
          2.68618  4.42225  2.77519  2.73123  3.46354  2.40513  3.72494  3.29354  2.67741  2.69355  4.24690  2.90347  2.73739  3.18146  2.89801  2.37887  2.77519  2.98518  4.58477  3.61503
          0.01419  4.65829  5.38063  0.61958  0.77255  0.65045  0.73775
     27   3.45831  5.50449  3.61673  3.15851  5.06700  3.99163  4.09605  4.45003  2.38136  3.89762  4.78729  3.62781  4.01314  3.24764  0.59189  3.47308  3.67315  4.10958  5.90706  4.75588     27 R - - -
          2.68618  4.42225  2.77519  2.73123  3.46354  2.40513  3.72494  3.29354  2.67741  2.69355  4.24690  2.90347  2.73739  3.18146  2.89801  2.37887  2.77519  2.98518  4.58477  3.61503
          0.02818  4.65829  4.00086  0.61958  0.77255  0.65045  0.73775
     28   2.67922  4.62583  3.23182  2.33408  3.84241  3.59478  3.83552  2.03571  2.33881  2.91770  3.77997  3.17826  3.54663  2.84512  2.80251  2.68478  2.95872  2.55429  5.30781  3.97894     28 i - - -
          2.68618  4.42225  2.77519  2.73123  3.46354  2.40513  3.72494  3.29354  2.67741  2.69355  4.24690  2.90347  2.73739  3.18146  2.89801  2.37887  2.77519  2.98518  4.58477  3.61503
          0.01439  4.64450  5.36684  0.61958  0.77255  0.62197  0.76978
     29   3.95415  5.17334  5.19700  4.86128  0.66582  4.79340  3.91723  3.66296  4.67036  2.89505  4.26027  4.53205  5.09407  4.59348  4.64288  4.14591  3.44959  3.55767  3.85162  1.70685     29 F - - -
          2.68618  4.42225  2.77519  2.73123  3.46354  2.40513  3.72494  3.29354  2.67741  2.69355  4.24690  2.90347  2.73739  3.18146  2.89801  2.37887  2.77519  2.98518  4.58477  3.61503
          0.01415  4.66081  5.38316  0.61958  0.77255  0.43253  1.04659
     30   3.08505  0.61616  4.87055  4.44474  3.53202  3.93312  4.65639  3.25631  4.13749  2.94563  4.05632  4.34619  4.55325  4.42760  4.24015  3.39159  3.48047  2.92432  3.94631  3.69566     30 C - - -
          2.68618  4.42225  2.77519  2.73123  3.46354  2.40513  3.72494  3.29354  2.67741  2.69355  4.24690  2.90347  2.73739  3.18146  2.89801  2.37887  2.77519  2.98518  4.58477  3.61503
          0.01318  4.73122  5.45356  0.61958  0.77255  0.51283  0.91329
     31   2.78372  4.17033  3.09755  2.47028  4.43748  2.93778  3.10984  3.79062  1.93951  2.78067  3.98738  2.94897  3.97126  2.79979  1.97078  2.76404  2.96391  3.42481  5.60997  4.23905     31 k - - -
          2.68618  4.42225  2.77519  2.73123  3.46354  2.40513  3.72494  3.29354  2.67741  2.69355  4.24690  2.90347  2.73739  3.18146  2.89801  2.37887  2.77519  2.98518  4.58477  3.61503
          0.01318  4.73122  5.45356  0.61958  0.77255  0.51283  0.91329
     32   3.27512  5.61159  2.87622  2.21357  4.87869  3.73378  0.91319  4.38920  2.63293  3.89791  4.74714  3.22660  4.26430  3.23156  3.14169  2.97896  3.52352  4.02337  6.00786  4.63252     32 h - - -
          2.68618  4.42225  2.77519  2.73123  3.46354  2.40513  3.72494  3.29354  2.67741  2.69355  4.24690  2.90347  2.73739  3.18146  2.89801  2.37887  2.77519  2.98518  4.58477  3.61503
          0.01318  4.73122  5.45356  0.61958  0.77255  0.51283  0.91329
     33   2.70601  5.31042  1.91970  2.45216  4.64689  2.41668  3.71995  4.13031  2.27524  3.57360  4.35596  2.29652  3.81430  2.76295  2.92225  2.72016  2.71533  3.69695  5.74683  4.33495     33 d - - -
          2.68618  4.42225  2.77519  2.73123  3.46354  2.40513  3.72494  3.29354  2.67741  2.69355  4.24690  2.90347  2.73739  3.18146  2.89801  2.37887  2.77519  2.98518  4.58477  3.61503
          0.01318  4.73122  5.45356  0.61958  0.77255  0.51283  0.91329
     34   2.56710  4.17140  4.66506  4.05532  2.38114  3.94411  4.27314  2.17430  3.70839  1.54601  2.49101  4.07905  3.89475  4.00471  3.80048  3.18389  2.93435  2.37804  3.85254  3.35888     34 l - - -
          2.68618  4.42225  2.77519  2.73123  3.46354  2.40513  3.72494  3.29354  2.67741  2.69355  4.24690  2.90347  2.73739  3.18146  2.89801  2.37887  2.77519  2.98518  4.58477  3.61503
          0.01318  4.73122  5.45356  0.61958  0.77255  0.51283  0.91329
     35   2.48476  5.15466  2.60679  1.77422  4.62327  3.28065  3.73567  4.06525  2.36285  3.58470  4.24729  2.60942  3.39066  2.31066  2.86512  2.57833  2.82336  3.60076  5.71422  4.30430     35 e - - -
          2.68618  4.42225  2.77519  2.73123  3.46354  2.40513  3.72494  3.29354  2.67741  2.69355  4.24690  2.90347  2.73739  3.18146  2.89801  2.37887  2.77519  2.98518  4.58477  3.61503
          0.01318  4.73122  5.45356  0.61958  0.77255  0.51283  0.91329
     36   2.89768  4.80655  3.48423  2.94954  3.86580  3.50020  1.15601  3.28188  2.71379  2.89783  3.92483  3.39917  4.15930  3.21608  3.13458  2.95436  3.13283  2.94356  5.25786  3.78171     36 h - - -
          2.68618  4.42225  2.77519  2.73123  3.46354  2.40513  3.72494  3.29354  2.67741  2.69355  4.24690  2.90347  2.73739  3.18146  2.89801  2.37887  2.77519  2.98518  4.58477  3.61503
          0.01318  4.73122  5.45356  0.61958  0.77255  0.51283  0.91329
     37   2.59331  3.83387  4.40402  3.90090  1.74297  3.52476  3.91526  2.42242  3.73651  1.73081  3.17961  4.00023  4.28868  3.85546  3.83075  2.78994  3.01444  2.37235  4.81672  3.54998     37 l - - -
          2.68618  4.42225  2.77519  2.73123  3.46354  2.40513  3.72494  3.29354  2.67741  2.69355  4.24690  2.90347  2.73739  3.18146  2.89801  2.37887  2.77519  2.98518  4.58477  3.61503
          0.01318  4.73122  5.45356  0.61958  0.77255  0.51283  0.91329
     38   2.77696  4.14753  4.64750  3.98251  2.67024  3.96639  4.29220  2.26700  3.58162  1.20131  2.88582  4.08658  4.32744  4.00429  3.71954  3.27280  3.02325  2.29066  4.71297  3.36304     38 l - - -
          2.68618  4.42225  2.77519  2.73123  3.46354  2.40513  3.72494  3.29354  2.67741  2.69355  4.24690  2.90347  2.73739  3.18146  2.89801  2.37887  2.77519  2.98518  4.58477  3.61503
          0.01318  4.73122  5.45356  0.61958  0.77255  0.51283  0.91329
     39   2.68718  5.50243  1.24889  2.29045  4.83604  3.50841  3.90948  4.32948  2.73949  3.81472  4.58360  2.64741  3.18757  3.03023  3.26434  2.38863  3.04432  3.89456  5.95946  4.52046     39 d - - -
          2.68618  4.42225  2.77519  2.73123  3.46354  2.40513  3.72494  3.29354  2.67741  2.69355  4.24690  2.90347  2.73739  3.18146  2.89801  2.37887  2.77519  2.98518  4.58477  3.61503
          0.01318  4.73122  5.45356  0.61958  0.77255  0.51283  0.91329
     40   2.99665  4.46088  4.68475  4.11462  3.64658  4.26476  4.64865  2.18130  3.97166  2.41256  3.39805  4.29728  4.61715  4.21072  3.74046  3.58139  2.69502  0.84620  5.27645  4.08289     40 v - - -
          2.68618  4.42225  2.77519  2.73123  3.46354  2.40513  3.72494  3.29354  2.67741  2.69355  4.24690  2.90347  2.73739  3.18146  2.89801  2.37887  2.77519  2.98518  4.58477  3.61503
          0.01318  4.73122  5.45356  0.61958  0.77255  0.46920  0.98217
     41   1.07603  4.12945  3.41541  2.81492  4.13438  3.30675  3.68357  3.53001  2.80813  3.18422  4.02803  3.34352  3.55395  3.21914  3.30238  2.57291  3.05498  3.21630  5.47502  4.19109     41 a - - -
          2.68618  4.42225  2.77519  2.73123  3.46354  2.40513  3.72494  3.29354  2.67741  2.69355  4.24690  2.90347  2.73739  3.18146  2.89801  2.37887  2.77519  2.98518  4.58477  3.61503
          0.01302  4.74387  5.46621  0.61958  0.77255  0.48576  0.95510
     42   2.92036  5.13345  3.06539  2.67311  4.48531  3.67742  3.84992  3.91399  2.49926  3.46758  4.26246  3.21033  4.07483  2.99097  1.09863  2.80130  2.62813  3.56554  5.57702  4.31457     42 r - - -
          2.68618  4.42225  2.77519  2.73123  3.46354  2.40513  3.72494  3.29354  2.67741  2.69355  4.24690  2.90347  2.73739  3.18146  2.89801  2.37887  2.77519  2.98518  4.58477  3.61503
          0.01302  4.74387  5.46621  0.61958  0.77255  0.48576  0.95510
     43   3.55850  4.79271  5.56216  5.04178  3.88117  5.04265  5.57604  0.81132  4.93633  1.74049  3.46993  5.18050  5.26444  5.09484  5.03565  4.29897  3.73800  1.65111  5.89615  4.75028     43 i - - -
          2.68618  4.42225  2.77519  2.73123  3.46354  2.40513  3.72494  3.29354  2.67741  2.69355  4.24690  2.90347  2.73739  3.18146  2.89801  2.37887  2.77519  2.98518  4.58477  3.61503
          0.01302  4.74387  5.46621  0.61958  0.77255  0.48576  0.95510
     44   1.46947  3.77323  3.58245  3.01736  3.71197  3.27913  3.99022  2.99726  2.78370  2.67129  3.03083  3.44386  4.12159  3.29016  3.09515  2.72400  2.52861  2.84337  5.13997  3.89541     44 a - - -
          2.68618  4.42225  2.77519  2.73123  3.46354  2.40513  3.72494  3.29354  2.67741  2.69355  4.24690  2.90347  2.73739  3.18146  2.89801  2.37887  2.77519  2.98518  4.58477  3.61503
          0.01302  4.74387  5.46621  0.61958  0.77255  0.48576  0.95510
     45   2.70843  4.24195  3.81519  3.17664  3.45196  3.80257  3.75444  2.88668  3.17723  2.53670  3.12518  3.60387  4.17891  3.06520  2.62640  2.98002  2.94638  2.63662  3.38784  1.67627     45 y - - -
          2.68618  4.42225  2.77519  2.73123  3.46354  2.40513  3.72494  3.29354  2.67741  2.69355  4.24690  2.90347  2.73739  3.18146  2.89801  2.37887  2.77519  2.98518  4.58477  3.61503
          0.01302  4.74387  5.46621  0.61958  0.77255  0.48576  0.95510
     46   2.88184  4.15541  4.84858  4.08539  3.52949  4.24340  4.61386  1.00144  4.10284  2.02102  3.05505  4.34964  4.58767  4.27963  4.18787  3.39483  3.15932  2.01362  5.14307  3.95997     46 i - - -
          2.68618  4.42225  2.77519  2.73123  3.46354  2.40513  3.72494  3.29354  2.67741  2.69355  4.24690  2.90347  2.73739  3.18146  2.89801  2.37887  2.77519  2.98518  4.58477  3.61503
          0.01302  4.74387  5.46621  0.61958  0.77255  0.48576  0.95510
     47   2.78718  4.13864  4.42344  3.46783  2.62752  3.83868  4.10560  2.07609  3.38459  1.55786  2.66561  3.99437  4.29095  3.72853  3.51966  3.13284  2.95052  2.42326  4.68681  2.99439     47 l - - -
          2.68618  4.42225  2.77519  2.73123  3.46354  2.40513  3.72494  3.29354  2.67741  2.69355  4.24690  2.90347  2.73739  3.18146  2.89801  2.37887  2.77519  2.98518  4.58477  3.61503
          0.01302  4.74387  5.46621  0.61958  0.77255  0.48576  0.95510
     48   2.22742  3.41719  3.23517  2.83370  3.72993  3.33945  3.93983  2.92854  2.82101  2.67119  3.59552  2.14279  4.08943  3.13340  3.27509  2.51176  2.80630  2.43958  4.79908  3.89934     48 n - - -
          2.68618  4.42225  2.77519  2.73123  3.46354  2.40513  3.72494  3.29354  2.67741  2.69355  4.24690  2.90347  2.73739  3.18146  2.89801  2.37887  2.77519  2.98518  4.58477  3.61503
          0.01302  4.74387  5.46621  0.61958  0.77255  0.48576  0.95510
     49   2.61177  4.05094  3.96280  3.57617  3.29636  3.67593  4.17669  2.57152  3.42236  1.20442  3.08389  3.79891  4.07682  3.54892  3.44572  3.03708  2.87392  2.47386  4.88938  3.39409     49 l - - -
          2.68618  4.42225  2.77519  2.73123  3.46354  2.40513  3.72494  3.29354  2.67741  2.69355  4.24690  2.90347  2.73739  3.18146  2.89801  2.37887  2.77519  2.98518  4.58477  3.61503
          0.01988  4.74387  4.51176  0.61958  0.77255  0.48576  0.95510
     50   3.19681  5.85744  2.26198  0.75769  5.15832  3.62690  4.08221  4.67620  2.77633  4.14047  4.95168  3.04797  4.20204  3.07747  3.42412  3.14667  3.48031  4.23202  6.28049  4.79063     50 e - - -
          2.68618  4.42225  2.77519  2.73123  3.46354  2.40513  3.72494  3.29354  2.67741  2.69355  4.24690  2.90347  2.73739  3.18146  2.89801  2.37887  2.77519  2.98518  4.58477  3.61503
          0.04152  4.73709  3.44493  0.61958  0.77255  0.47672  0.96973
     51   2.68713  5.27570  2.73262  1.77870  4.52403  3.37549  3.50741  4.07124  2.16265  3.39870  4.24265  2.40781  3.89392  2.58395  2.53338  2.56022  2.97590  3.66560  5.70907  4.16149     51 e - - -
          2.68618  4.42225  2.77519  2.73123  3.46354  2.40513  3.72494  3.29354  2.67741  2.69355  4.24690  2.90347  2.73739  3.18146  2.89801  2.37887  2.77519  2.98518  4.58477  3.61503
          0.01339  4.71602  5.43837  0.61958  0.77255  0.54398  0.86853
     52   2.55879  4.88642  2.77583  2.31810  4.59743  2.21138  3.56566  3.88306  2.12505  3.53237  4.30300  2.30308  3.89609  2.61594  2.81619  2.64337  2.94023  3.52697  5.69749  4.29138     52 k - - -
          2.68618  4.42225  2.77519  2.73123  3.46354  2.40513  3.72494  3.29354  2.67741  2.69355  4.24690  2.90347  2.73739  3.18146  2.89801  2.37887  2.77519  2.98518  4.58477  3.61503
          0.01339  4.71602  5.43837  0.61958  0.77255  0.45101  1.01332
     53   2.63409  3.56360  4.50242  3.91613  3.02277  3.88007  4.26375  2.15450  3.58546  1.38826  3.10586  3.90529  4.30409  3.81372  3.50931  3.20080  2.91102  2.16162  4.67204  3.16440     53 l - - -
          2.68618  4.42225  2.77519  2.73123  3.46354  2.40513  3.72494  3.29354  2.67741  2.69355  4.24690  2.90347  2.73739  3.18146  2.89801  2.37887  2.77519  2.98518  4.58477  3.61503
          0.09977  4.74387  2.45053  0.61958  0.77255  0.48576  0.95510
     54   2.56975  4.88709  2.50004  2.24375  4.41677  2.49310  3.60933  3.88453  2.27273  3.33572  4.06112  2.47118  3.33797  2.73754  2.89626  2.44188  2.91562  3.56615  5.66974  4.09104     54 e - - -
          2.68618  4.42225  2.77519  2.73123  3.46354  2.40513  3.72494  3.29354  2.67741  2.69355  4.24690  2.90347  2.73739  3.18146  2.89801  2.37887  2.77519  2.98518  4.58477  3.61503
          0.02818  4.65829  4.00086  0.61958  0.77255  0.65045  0.73775
     55   2.43768  3.97340  4.43439  3.61333  2.76513  3.83291  4.21805  1.81785  3.70212  1.80970  3.20511  3.99397  4.19772  3.72163  3.77256  3.16160  2.96474  2.06083  4.77103  2.91948     55 l - - -
          2.68618  4.42225  2.77519  2.73123  3.46354  2.40513  3.72494  3.29354  2.67741  2.69355  4.24690  2.90347  2.73739  3.18146  2.89801  2.37887  2.77519  2.98518  4.58477  3.61503
          0.01439  4.64450  5.36684  0.61958  0.77255  0.67345  0.71324
     56   2.45443  5.12333  2.24095  2.14709  4.51594  3.38356  3.62619  4.05483  2.26845  3.45564  4.09861  2.78576  3.25586  2.79148  2.84370  2.07790  2.92634  3.55803  5.67400  4.26756     56 s - - -
          2.68618  4.42225  2.77519  2.73123  3.46354  2.40513  3.72494  3.29354  2.67741  2.69355  4.24690  2.90347  2.73739  3.18146  2.89801  2.37887  2.77519  2.98518  4.58477  3.61503
          0.01439  4.64450  5.36684  0.61958  0.77255  0.38409  1.14279
     57   2.70752  5.13884  3.16443  2.52790  4.67186  3.65779  3.79257  4.11995  1.21632  3.60039  4.24691  3.13564  3.74666  2.67327  2.20712  2.81390  3.07669  3.67450  5.72182  4.36845     57 k - - -
          2.68618  4.42225  2.77519  2.73123  3.46354  2.40513  3.72494  3.29354  2.67741  2.69355  4.24690  2.90347  2.73739  3.18146  2.89801  2.37887  2.77519  2.98518  4.58477  3.61503
          0.01302  4.74387  5.46621  0.61958  0.77255  0.48576  0.95510
     58   2.79581  5.20670  1.79308  1.30254  4.77696  3.57954  3.86148  4.26697  2.63183  3.74928  4.50845  2.96460  3.85988  2.90805  3.14240  2.73081  3.12433  3.83361  5.88917  4.31599     58 e - - -
          2.68618  4.42225  2.77519  2.73123  3.46354  2.40513  3.72494  3.29354  2.67741  2.69355  4.24690  2.90347  2.73739  3.18146  2.89801  2.37887  2.77519  2.98518  4.58477  3.61503
          0.01302  4.74387  5.46621  0.61958  0.77255  0.48576  0.95510
     59   2.61838  4.10270  4.14030  3.90700  3.14155  3.86213  4.20768  1.86591  3.76638  1.81195  2.73435  4.05539  4.30591  3.86294  3.87699  2.99829  2.75001  1.88061  4.25646  3.31744     59 l - - -
          2.68618  4.42225  2.77519  2.73123  3.46354  2.40513  3.72494  3.29354  2.67741  2.69355  4.24690  2.90347  2.73739  3.18146  2.89801  2.37887  2.77519  2.98518  4.58477  3.61503
          0.01302  4.74387  5.46621  0.61958  0.77255  0.48576  0.95510
     60   3.03225  4.61251  5.30631  4.75856  3.17733  4.71160  5.17589  0.97521  4.62534  2.14001  3.59698  4.84818  5.00030  4.79885  4.70987  4.06753  3.38569  1.42033  5.60915  4.42956     60 i - - -
          2.68618  4.42225  2.77519  2.73123  3.46354  2.40513  3.72494  3.29354  2.67741  2.69355  4.24690  2.90347  2.73739  3.18146  2.89801  2.37887  2.77519  2.98518  4.58477  3.61503
          0.01302  4.74387  5.46621  0.61958  0.77255  0.48576  0.95510
     61   2.95211  4.72983  3.67385  2.88787  3.54764  3.85517  3.99664  3.25525  2.79900  2.68533  3.82994  3.52910  4.23548  3.20959  2.88351  3.12577  3.17552  3.02474  5.08818  1.14054     61 y - - -
          2.68618  4.42225  2.77519  2.73123  3.46354  2.40513  3.72494  3.29354  2.67741  2.69355  4.24690  2.90347  2.73739  3.18146  2.89801  2.37887  2.77519  2.98518  4.58477  3.61503
          0.01302  4.74387  5.46621  0.61958  0.77255  0.48576  0.95510
     62   1.52147  4.58450  3.24395  2.77754  3.94482  3.08856  3.89238  3.19898  2.63359  2.63624  3.61192  3.27206  4.05557  2.90157  3.19787  2.57626  2.67376  2.90797  5.30415  4.01846     62 a - - -
          2.68618  4.42225  2.77519  2.73123  3.46354  2.40513  3.72494  3.29354  2.67741  2.69355  4.24690  2.90347  2.73739  3.18146  2.89801  2.37887  2.77519  2.98518  4.58477  3.61503
          0.01302  4.74387  5.46621  0.61958  0.77255  0.48576  0.95510
     63   1.44829  3.98615  4.06831  3.49222  3.43157  3.75444  4.16327  2.58269  3.40122  2.54352  2.68794  3.76750  4.23094  3.65186  3.64420  2.90194  2.18668  2.48709  4.95472  3.69058     63 a - - -
          2.68618  4.42225  2.77519  2.73123  3.46354  2.40513  3.72494  3.29354  2.67741  2.69355  4.24690  2.90347  2.73739  3.18146  2.89801  2.37887  2.77519  2.98518  4.58477  3.61503
          0.01302  4.74387  5.46621  0.61958  0.77255  0.48576  0.95510
     64   1.00678  4.38195  4.08394  3.57897  4.00477  2.29641  4.42257  2.54396  3.51564  3.07243  3.96861  3.78495  4.19324  3.79090  3.80876  2.80657  3.09738  2.71188  5.45988  4.25351     64 a - - -
          2.68618  4.42225  2.77519  2.73123  3.46354  2.40513  3.72494  3.29354  2.67741  2.69355  4.24690  2.90347  2.73739  3.18146  2.89801  2.37887  2.77519  2.98518  4.58477  3.61503
          0.01302  4.74387  5.46621  0.61958  0.77255  0.48576  0.95510
     65   3.09892  4.48537  4.82129  4.22409  2.93412  4.26984  4.58083  2.38971  4.06164  0.84826  3.10955  4.34678  4.58492  4.20098  3.40843  3.57961  3.18859  2.36603  5.06591  3.84601     65 l - - -
          2.68618  4.42225  2.77519  2.73123  3.46354  2.40513  3.72494  3.29354  2.67741  2.69355  4.24690  2.90347  2.73739  3.18146  2.89801  2.37887  2.77519  2.98518  4.58477  3.61503
          0.01302  4.74387  5.46621  0.61958  0.77255  0.48576  0.95510
     66   3.24375  3.99430  5.05972  4.46387  2.50398  4.43428  4.70290  2.60444  4.28910  0.73870  3.05644  4.54237  4.72082  4.37406  4.32436  3.75506  3.38004  2.65279  5.08542  3.50425     66 l - - -
          2.68618  4.42225  2.77519  2.73123  3.46354  2.40513  3.72494  3.29354  2.67741  2.69355  4.24690  2.90347  2.73739  3.18146  2.89801  2.37887  2.77519  2.98518  4.58477  3.61503
          0.01302  4.74387  5.46621  0.61958  0.77255  0.48576  0.95510
     67   4.43239  5.93288  4.46097  4.36921  4.34344  4.51881  0.19021  5.30703  4.22351  4.63814  5.80871  4.71472  5.13964  4.77032  4.39463  4.52405  4.79594  5.01928  5.75236  4.28632     67 H - - -
          2.68618  4.42225  2.77519  2.73123  3.46354  2.40513  3.72494  3.29354  2.67741  2.69355  4.24690  2.90347  2.73739  3.18146  2.89801  2.37887  2.77519  2.98518  4.58477  3.61503
          0.01302  4.74387  5.46621  0.61958  0.77255  0.48576  0.95510
     68   4.20492  6.21846  0.21175  3.30546  5.78042  4.13891  5.03123  5.62904  4.31231  5.08215  6.14956  3.88167  4.84389  4.31885  4.88430  4.11791  4.57919  5.19276  6.72530  5.60638     68 D - - -
          2.68618  4.42225  2.77519  2.73123  3.46354  2.40513  3.72494  3.29354  2.67741  2.69355  4.24690  2.90347  2.73739  3.18146  2.89801  2.37887  2.77519  2.98518  4.58477  3.61503
          0.01302  4.74387  5.46621  0.61958  0.77255  0.48576  0.95510
     69   3.52862  4.36228  5.52448  4.99064  3.80364  4.97339  5.46798  0.83911  4.87510  1.59768  3.35158  5.11510  5.20148  5.00978  4.95491  4.35148  3.69340  1.82636  5.78991  4.65692     69 i - - -
          2.68618  4.42225  2.77519  2.73123  3.46354  2.40513  3.72494  3.29354  2.67741  2.69355  4.24690  2.90347  2.73739  3.18146  2.89801  2.37887  2.77519  2.98518  4.58477  3.61503
          0.01302  4.74387  5.46621  0.61958  0.77255  0.48576  0.95510
     70   2.51038  4.68956  4.08719  4.05530  5.26500  0.42677  5.16400  4.70246  4.30403  4.43112  5.25202  4.01417  4.26490  4.50745  4.50197  2.95355  3.19437  3.95268  6.58609  5.45538     70 G - - -
          2.68618  4.42225  2.77519  2.73123  3.46354  2.40513  3.72494  3.29354  2.67741  2.69355  4.24690  2.90347  2.73739  3.18146  2.89801  2.37887  2.77519  2.98518  4.58477  3.61503
          0.01302  4.74387  5.46621  0.61958  0.77255  0.48576  0.95510
     71   3.83549  5.83279  4.51769  3.54694  5.49426  4.32402  4.04770  4.72773  1.32055  4.02971  4.93575  3.83666  4.63299  3.17383  0.77020  3.80361  3.91605  4.43014  5.94859  4.91351     71 r - - -
          2.68618  4.42225  2.77519  2.73123  3.46354  2.40513  3.72494  3.29354  2.67741  2.69355  4.24690  2.90347  2.73739  3.18146  2.89801  2.37887  2.77519  2.98518  4.58477  3.61503
          0.01787  4.74387  4.70965  0.61958  0.77255  0.48576  0.95510
     72   2.27328  4.01695  3.84321  3.40245  3.05336  3.23236  3.30876  2.68006  3.34776  2.43843  3.38886  3.75206  4.05119  3.59588  3.62233  2.74782  2.55372  2.20341  2.47881  3.09769     72 v - - -
          2.68618  4.42225  2.77519  2.73123  3.46354  2.40513  3.72494  3.29354  2.67741  2.69355  4.24690  2.90347  2.73739  3.18146  2.89801  2.37887  2.77519  2.98518  4.58477  3.61503
          0.01308  4.73908  5.46142  0.61958  0.77255  0.49614  0.93872
     73   2.49053  4.86169  2.73648  2.17394  4.11373  3.51683  3.73424  3.42390  2.07386  2.82160  3.65879  3.07104  3.96778  2.55314  2.62464  2.68990  2.88400  2.93460  5.60250  3.85612     73 k - - -
          2.68618  4.42225  2.77519  2.73123  3.46354  2.40513  3.72494  3.29354  2.67741  2.69355  4.24690  2.90347  2.73739  3.18146  2.89801  2.37887  2.77519  2.98518  4.58477  3.61503
          0.01308  4.73908  5.46142  0.61958  0.77255  0.48625  0.95433
     74   2.77434  5.28654  3.01537  1.77504  4.62552  3.53513  3.75853  3.98678  2.21573  3.58411  4.33156  3.04665  3.84245  1.69101  2.71175  2.72522  3.03850  3.39589  5.71789  4.32122     74 q - - -
          2.68618  4.42225  2.77519  2.73123  3.46354  2.40513  3.72494  3.29354  2.67741  2.69355  4.24690  2.90347  2.73739  3.18146  2.89801  2.37887  2.77519  2.98518  4.58477  3.61503
          0.02229  4.74189  4.31813  0.61958  0.77255  0.48308  0.95941
     75   3.04093  4.49777  4.07714  3.76049  2.77058  4.00581  4.03268  2.78941  3.67188  2.58642  3.58123  3.93376  4.45597  3.93028  3.90838  3.38835  3.27087  2.74767  2.91176  1.04644     75 y - - -
          2.68618  4.42225  2.77519  2.73123  3.46354  2.40513  3.72494  3.29354  2.67741  2.69355  4.24690  2.90347  2.73739  3.18146  2.89801  2.37887  2.77519  2.98518  4.58477  3.61503
          0.01314  4.73476  5.45710  0.61958  0.77255  0.50537  0.92453
     76   2.61767  5.26413  2.86893  1.74190  4.60043  3.52517  3.73964  3.99601  2.24804  3.23283  4.09348  2.94550  3.94515  2.21944  2.70991  2.61323  2.51830  3.55630  5.70190  4.29668     76 e - - -
          2.68618  4.42225  2.77519  2.73123  3.46354  2.40513  3.72494  3.29354  2.67741  2.69355  4.24690  2.90347  2.73739  3.18146  2.89801  2.37887  2.77519  2.98518  4.58477  3.61503
          0.01314  4.73476  5.45710  0.61958  0.77255  0.47370  0.97471
     77   2.70094  5.12203  2.41738  1.95731  4.51601  3.18990  3.60379  4.06019  2.26520  3.39213  4.18030  2.61241  3.89567  2.61263  2.89154  2.44231  2.42403  3.64469  5.71328  3.92654     77 e - - -
          2.68618  4.42225  2.77519  2.73123  3.46354  2.40513  3.72494  3.29354  2.67741  2.69355  4.24690  2.90347  2.73739  3.18146  2.89801  2.37887  2.77519  2.98518  4.58477  3.61503
          0.01780  4.74387  4.71780  0.61958  0.77255  0.48576  0.95510
     78   2.70467  4.53563  3.03365  2.47879  4.00087  1.54093  3.74342  3.74567  2.41335  3.35334  4.14440  2.61598  3.98214  2.85498  2.96530  2.76613  2.99685  3.43033  5.56364  3.89279     78 g - - -
          2.68618  4.42225  2.77519  2.73123  3.46354  2.40513  3.72494  3.29354  2.67741  2.69355  4.24690  2.90347  2.73739  3.18146  2.89801  2.37887  2.77519  2.98518  4.58477  3.61503
          0.01308  4.73915  5.46150  0.61958  0.77255  0.49599  0.93897
     79   2.61807  4.25701  3.31301  2.46092  3.65030  3.66836  4.00853  1.94678  2.92132  2.43979  3.32876  3.48632  4.13635  3.20557  3.27627  2.93286  2.35620  2.30286  5.09260  3.78024     79 i - - -
          2.68618  4.42225  2.77519  2.73123  3.46354  2.40513  3.72494  3.29354  2.67741  2.69355  4.24690  2.90347  2.73739  3.18146  2.89801  2.37887  2.77519  2.98518  4.58477  3.61503
          0.01308  4.73915  5.46150  0.61958  0.77255  0.49599  0.93897
     80   2.74456  5.29628  2.16822  2.36958  4.62917  2.91635  3.60272  4.10937  2.42638  3.59666  4.34272  2.85406  2.03989  2.86820  2.85887  2.39062  3.03971  3.54618  5.73566  4.32710     80 p - - -
          2.68618  4.42225  2.77519  2.73123  3.46354  2.40513  3.72494  3.29354  2.67741  2.69355  4.24690  2.90347  2.73739  3.18146  2.89801  2.37887  2.77519  2.98518  4.58477  3.61503
          0.01308  4.73915  5.46150  0.61958  0.77255  0.47942  0.96532
     81   4.43239  5.93288  4.46097  4.36921  4.34344  4.51881  0.19021  5.30703  4.22351  4.63814  5.80871  4.71472  5.13964  4.77032  4.39463  4.52405  4.79594  5.01928  5.75236  4.28632     81 H - - -
          2.68618  4.42225  2.77519  2.73123  3.46354  2.40513  3.72494  3.29354  2.67741  2.69355  4.24690  2.90347  2.73739  3.18146  2.89801  2.37887  2.77519  2.98518  4.58477  3.61503
          0.01302  4.74387  5.46621  0.61958  0.77255  0.48576  0.95510
     82   1.83198  5.35017  2.39455  1.74747  4.68170  3.56651  2.85226  4.16578  2.56132  3.64994  4.39912  2.83157  3.98924  2.86186  2.98850  2.62626  3.06583  3.73445  5.78792  4.37211     82 e - - -
          2.68618  4.42225  2.77519  2.73123  3.46354  2.40513  3.72494  3.29354  2.67741  2.69355  4.24690  2.90347  2.73739  3.18146  2.89801  2.37887  2.77519  2.98518  4.58477  3.61503
          0.01302  4.74387  5.46621  0.61958  0.77255  0.48576  0.95510
     83   2.58422  4.84626  3.16399  2.07473  4.10719  3.45758  3.82811  2.54931  2.32792  2.69342  3.87599  3.13016  3.24941  2.70852  3.04471  2.71868  2.75159  2.75849  5.44659  3.86930     83 e - - -
          2.68618  4.42225  2.77519  2.73123  3.46354  2.40513  3.72494  3.29354  2.67741  2.69355  4.24690  2.90347  2.73739  3.18146  2.89801  2.37887  2.77519  2.98518  4.58477  3.61503
          0.01302  4.74387  5.46621  0.61958  0.77255  0.48576  0.95510
     84   1.52936  4.42861  3.79987  2.94101  3.55457  3.18821  3.99792  2.40628  3.11774  2.42418  3.50783  3.59439  4.17521  3.45408  3.48531  2.83950  2.93481  2.27269  5.02131  3.54875     84 a - - -
          2.68618  4.42225  2.77519  2.73123  3.46354  2.40513  3.72494  3.29354  2.67741  2.69355  4.24690  2.90347  2.73739  3.18146  2.89801  2.37887  2.77519  2.98518  4.58477  3.61503
          0.01302  4.74387  5.46621  0.61958  0.77255  0.48576  0.95510
     85   2.52584  4.33597  4.39120  4.13589  5.11967  1.14134  5.05478  4.58842  4.14082  4.26589  5.03774  3.99503  4.17468  4.36669  4.36633  0.99688  3.17970  3.73533  6.44639  5.31152     85 s - - -
          2.68618  4.42225  2.77519  2.73123  3.46354  2.40513  3.72494  3.29354  2.67741  2.69355  4.24690  2.90347  2.73739  3.18146  2.89801  2.37887  2.77519  2.98518  4.58477  3.61503
          0.01302  4.74387  5.46621  0.61958  0.77255  0.48576  0.95510
     86   1.46362  3.98223  3.82078  3.09678  3.42775  3.47761  3.85613  2.71527  3.05543  2.54162  3.47257  3.60776  3.97292  3.23482  3.45314  2.86316  2.97543  2.17520  4.40802  3.71018     86 a - - -
          2.68618  4.42225  2.77519  2.73123  3.46354  2.40513  3.72494  3.29354  2.67741  2.69355  4.24690  2.90347  2.73739  3.18146  2.89801  2.37887  2.77519  2.98518  4.58477  3.61503
          0.01302  4.74387  5.46621  0.61958  0.77255  0.48576  0.95510
     87   2.49432  4.73667  2.74809  1.94019  4.34601  3.25309  3.64326  3.43840  2.23255  3.23570  4.05552  2.92152  3.43443  2.67269  2.45969  2.66143  2.81308  3.26495  5.68547  4.19590     87 e - - -
          2.68618  4.42225  2.77519  2.73123  3.46354  2.40513  3.72494  3.29354  2.67741  2.69355  4.24690  2.90347  2.73739  3.18146  2.89801  2.37887  2.77519  2.98518  4.58477  3.61503
          0.03126  4.74387  3.81354  0.61958  0.77255  0.48576  0.95510
     88   2.75323  4.12816  4.66238  4.05505  3.08941  3.96506  4.29376  1.73205  3.76021  1.49234  2.96420  4.03920  4.32692  4.01363  3.83782  3.27254  2.86948  2.28020  4.81576  2.76211     88 l - - -
          2.68618  4.42225  2.77519  2.73123  3.46354  2.40513  3.72494  3.29354  2.67741  2.69355  4.24690  2.90347  2.73739  3.18146  2.89801  2.37887  2.77519  2.98518  4.58477  3.61503
          0.01325  4.72586  5.44821  0.61958  0.77255  0.52397  0.89689
     89   1.00654  3.83046  4.08558  3.54677  3.73900  3.53409  4.30776  2.92591  3.46574  2.38170  3.72066  3.77878  4.20546  3.73191  3.73491  2.66201  3.03503  2.62625  5.21832  4.01463     89 a - - -
          2.68618  4.42225  2.77519  2.73123  3.46354  2.40513  3.72494  3.29354  2.67741  2.69355  4.24690  2.90347  2.73739  3.18146  2.89801  2.37887  2.77519  2.98518  4.58477  3.61503
          0.01325  4.72586  5.44821  0.61958  0.77255  0.52397  0.89689
     90   2.46525  5.18953  2.92160  2.07668  4.30036  3.01766  3.64777  3.67451  2.15632  3.02527  4.19545  2.95248  3.54942  2.77919  2.37774  2.63919  2.93352  3.30947  4.00102  3.82891     90 e - - -
          2.68618  4.42225  2.77519  2.73123  3.46354  2.40513  3.72494  3.29354  2.67741  2.69355  4.24690  2.90347  2.73739  3.18146  2.89801  2.37887  2.77519  2.98518  4.58477  3.61503
          0.01325  4.72586  5.44821  0.61958  0.77255  0.52397  0.89689
     91   2.66600  5.15553  2.59926  1.83062  4.52738  3.06638  3.67290  3.67559  2.06853  3.49356  4.22837  2.96963  2.97229  2.65686  2.77351  2.66110  2.94647  3.52014  5.70308  3.90511     91 e - - -
          2.68618  4.42225  2.77519  2.73123  3.46354  2.40513  3.72494  3.29354  2.67741  2.69355  4.24690  2.90347  2.73739  3.18146  2.89801  2.37887  2.77519  2.98518  4.58477  3.61503
          0.01325  4.72586  5.44821  0.61958  0.77255  0.46259  0.99331
     92   2.77176  4.21609  4.62279  4.01934  2.85180  3.97512  4.30067  1.17915  3.50313  2.05654  3.27158  4.08239  4.33712  3.99996  3.90402  3.17184  2.96452  2.29858  4.43303  3.60710     92 i - - -
          2.68618  4.42225  2.77519  2.73123  3.46354  2.40513  3.72494  3.29354  2.67741  2.69355  4.24690  2.90347  2.73739  3.18146  2.89801  2.37887  2.77519  2.98518  4.58477  3.61503
          0.01302  4.74387  5.46621  0.61958  0.77255  0.48576  0.95510
     93   3.45513  4.80454  5.13526  4.55177  3.12089  4.65990  4.93138  2.49137  4.39203  0.60177  2.80322  4.02592  4.90108  4.48839  4.46910  3.98769  3.67630  2.70509  5.28867  4.16010     93 L - - -
          2.68618  4.42225  2.77519  2.73123  3.46354  2.40513  3.72494  3.29354  2.67741  2.69355  4.24690  2.90347  2.73739  3.18146  2.89801  2.37887  2.77519  2.98518  4.58477  3.61503
          0.01302  4.74387  5.46621  0.61958  0.77255  0.48576  0.95510
     94   2.54720  4.84456  2.82532  2.03995  4.05384  3.21848  3.58283  3.81108  2.07370  3.28550  3.72654  2.99176  2.95787  2.71214  2.67863  2.54061  2.74590  3.43922  5.68553  4.24618     94 e - - -
          2.68618  4.42225  2.77519  2.73123  3.46354  2.40513  3.72494  3.29354  2.67741  2.69355  4.24690  2.90347  2.73739  3.18146  2.89801  2.37887  2.77519  2.98518  4.58477  3.61503
          0.06259  4.74387  2.95709  0.61958  0.77255  0.48576  0.95510
     95   2.57888  5.13146  2.08369  2.01053  4.54590  3.41115  3.65076  4.05330  2.27183  3.45834  4.19583  2.84662  3.89939  2.64669  2.43770  2.53049  2.78187  3.61048  5.69784  4.21616     95 e - - -
          2.68618  4.42225  2.77519  2.73123  3.46354  2.40513  3.72494  3.29354  2.67741  2.69355  4.24690  2.90347  2.73739  3.18146  2.89801  2.37887  2.77519  2.98518  4.58477  3.61503
          0.04915  4.69495  3.24892  0.61958  0.77255  0.58489  0.81456
     96   2.31632  2.15696  3.62090  2.97641  3.40297  3.73247  3.84634  2.49999  3.04634  2.39110  3.40392  3.59283  4.15178  3.37316  3.45535  2.69806  2.58374  2.48183  4.96544  3.42676     96 c - - -
          2.68618  4.42225  2.77519  2.73123  3.46354  2.40513  3.72494  3.29354  2.67741  2.69355  4.24690  2.90347  2.73739  3.18146  2.89801  2.37887  2.77519  2.98518  4.58477  3.61503
          0.02842  4.65997  3.98733  0.61958  0.77255  0.64759  0.74088
     97   2.58802  4.86158  2.52515  2.29739  4.29299  1.93719  3.59911  3.99190  2.37908  3.37346  4.18460  2.68032  3.85545  2.80840  2.74798  2.58322  2.93955  3.51274  5.64605  4.20138     97 g - - -
          2.68618  4.42225  2.77519  2.73123  3.46354  2.40513  3.72494  3.29354  2.67741  2.69355  4.24690  2.90347  2.73739  3.18146  2.89801  2.37887  2.77519  2.98518  4.58477  3.61503
          0.01437  4.64592  5.36826  0.61958  0.77255  0.54628  0.86535
     98   2.87382  3.36805  4.67367  4.08677  1.34435  4.01170  4.19750  2.59633  3.89922  2.39722  3.29990  4.10210  4.37194  4.03629  3.94637  3.13468  3.10525  2.37586  4.13568  2.27285     98 f - - -
          2.68618  4.42225  2.77519  2.73123  3.46354  2.40513  3.72494  3.29354  2.67741  2.69355  4.24690  2.90347  2.73739  3.18146  2.89801  2.37887  2.77519  2.98518  4.58477  3.61503
          0.01379  4.68642  5.40877  0.61958  0.77255  0.60074  0.79497
     99   2.65403  4.82339  2.64515  2.34307  4.48735  3.34246  3.48432  4.02373  2.35504  3.37008  4.26923  2.47788  3.33073  2.79779  2.94698  1.98312  2.36643  3.42734  5.66748  4.15903     99 s - - -
          2.68618  4.42225  2.77519  2.73123  3.46354  2.40513  3.72494  3.29354  2.67741  2.69355  4.24690  2.90347  2.73739  3.18146  2.89801  2.37887  2.77519  2.98518  4.58477  3.61503
          0.01379  4.68642  5.40877  0.61958  0.77255  0.47433  0.97367
    100   2.55664  5.27387  2.60524  1.80957  4.61574  3.39115  3.51430  3.93901  2.18719  3.44667  4.27070  2.83632  3.21334  2.57936  2.82589  2.40636  2.87680  3.56996  5.24229  4.19968    100 e - - -
          2.68618  4.42225  2.77519  2.73123  3.46354  2.40513  3.72494  3.29354  2.67741  2.69355  4.24690  2.90347  2.73739  3.18146  2.89801  2.37887  2.77519  2.98518  4.58477  3.61503
          0.01325  4.72586  5.44821  0.61958  0.77255  0.52397  0.89689
    101   2.55869  5.03037  2.39751  1.71103  4.51754  3.11344  3.69194  3.94865  2.31042  3.47414  4.25836  2.76415  3.66209  2.63323  2.81550  2.61159  2.83716  3.46863  5.70679  4.29839    101 e - - -
          2.68618  4.42225  2.77519  2.73123  3.46354  2.40513  3.72494  3.29354  2.67741  2.69355  4.24690  2.90347  2.73739  3.18146  2.89801  2.37887  2.77519  2.98518  4.58477  3.61503
          0.01325  4.72586  5.44821  0.61958  0.77255  0.52397  0.89689
    102   2.76277  5.18118  2.70676  1.37477  4.48602  3.54189  3.75468  3.63276  2.40838  2.93702  4.12630  3.04821  3.95572  2.79710  2.79205  2.72507  2.96980  3.39138  5.45860  3.97602    102 e - - -
          2.68618  4.42225  2.77519  2.73123  3.46354  2.40513  3.72494  3.29354  2.67741  2.69355  4.24690  2.90347  2.73739  3.18146  2.89801  2.37887  2.77519  2.98518  4.58477  3.61503
          0.01695  4.72586  4.83563  0.61958  0.77255  0.52397  0.89689
    103   2.69237  4.30744  3.30714  2.69741  3.93603  3.60015  3.83210  2.08899  2.09692  3.02666  3.80104  3.12239  4.03731  2.72442  2.67169  2.66121  2.65077  2.83254  5.32606  3.56749    103 i - - -
          2.68618  4.42225  2.77519  2.73123  3.46354  2.40513  3.72494  3.29354  2.67741  2.69355  4.24690  2.90347  2.73739  3.18146  2.89801  2.37887  2.77519  2.98518  4.58477  3.61503
          0.01330  4.72222  5.44457  0.61958  0.77255  0.53145  0.88614
    104   2.44808  4.97868  2.53044  1.77105  4.39576  3.44558  3.67412  3.96004  2.27324  3.41132  4.17175  2.67091  3.86761  2.64133  2.69778  2.57241  2.87420  3.59544  4.83509  3.91684    104 e - - -
          2.68618  4.42225  2.77519  2.73123  3.46354  2.40513  3.72494  3.29354  2.67741  2.69355  4.24690  2.90347  2.73739  3.18146  2.89801  2.37887  2.77519  2.98518  4.58477  3.61503
          0.01330  4.72222  5.44457  0.61958  0.77255  0.47007  0.98072
    105   2.37038  4.75326  3.27905  2.39311  3.75847  3.57883  3.70738  2.63564  2.49778  2.27540  3.31843  3.23386  3.54577  2.79732  2.96189  2.76443  2.79005  2.69490  5.01313  3.87899    105 l - - -
          2.68618  4.42225  2.77519  2.73123  3.46354  2.40513  3.72494  3.29354  2.67741  2.69355  4.24690  2.90347  2.73739  3.18146  2.89801  2.37887  2.77519  2.98518  4.58477  3.61503
          0.01306  4.74029  5.46263  0.61958  0.77255  0.48094  0.96287
    106   2.97300  4.16181  4.72786  4.14530  3.51340  3.77906  4.53821  0.95744  3.99170  2.32839  3.21415  4.25558  4.06444  4.18184  4.09963  3.48290  3.01490  1.99279  5.10311  3.91699    106 i - - -
          2.68618  4.42225  2.77519  2.73123  3.46354  2.40513  3.72494  3.29354  2.67741  2.69355  4.24690  2.90347  2.73739  3.18146  2.89801  2.37887  2.77519  2.98518  4.58477  3.61503
          0.01302  4.74387  5.46621  0.61958  0.77255  0.48576  0.95510
    107   2.49773  3.17295  4.21093  3.58470  3.36056  3.82301  4.19644  2.33568  3.21579  1.66843  3.33904  3.83242  4.26145  3.54056  3.62983  2.84605  2.40226  2.07743  4.86968  3.57658    107 l - - -
          2.68618  4.42225  2.77519  2.73123  3.46354  2.40513  3.72494  3.29354  2.67741  2.69355  4.24690  2.90347  2.73739  3.18146  2.89801  2.37887  2.77519  2.98518  4.58477  3.61503
          0.01302  4.74387  5.46621  0.61958  0.77255  0.48576  0.95510
    108   2.52284  4.99041  2.53193  2.15056  3.23833  3.27984  3.63894  4.01096  2.25419  3.20381  4.24970  2.77751  3.89408  2.55950  2.64228  2.48505  2.68359  3.58743  5.69270  3.80899    108 e - - -
          2.68618  4.42225  2.77519  2.73123  3.46354  2.40513  3.72494  3.29354  2.67741  2.69355  4.24690  2.90347  2.73739  3.18146  2.89801  2.37887  2.77519  2.98518  4.58477  3.61503
          0.01302  4.74387  5.46621  0.61958  0.77255  0.48576  0.95510
    109   1.16582  4.02156  3.86447  3.30325  3.59663  3.08861  4.13627  2.89726  3.19749  2.34182  3.50925  3.63841  4.18170  3.52344  3.54961  2.87300  2.94362  2.71914  5.10145  3.88384    109 a - - -
          2.68618  4.42225  2.77519  2.73123  3.46354  2.40513  3.72494  3.29354  2.67741  2.69355  4.24690  2.90347  2.73739  3.18146  2.89801  2.37887  2.77519  2.98518  4.58477  3.61503
          0.01302  4.74387  5.46621  0.61958  0.77255  0.48576  0.95510
    110   3.58520  4.80589  5.62398  5.15970  4.17478  5.14179  5.89526  0.65949  5.08416  2.58707  3.91562  5.31261  5.39869  5.34603  5.25216  4.57256  3.46914  1.41482  6.25797  5.04183    110 I - - -
          2.68618  4.42225  2.77519  2.73123  3.46354  2.40513  3.72494  3.29354  2.67741  2.69355  4.24690  2.90347  2.73739  3.18146  2.89801  2.37887  2.77519  2.98518  4.58477  3.61503
          0.01302  4.74387  5.46621  0.61958  0.77255  0.48576  0.95510
    111   2.15207  4.46181  3.16479  2.46566  4.04071  3.08569  3.79094  3.39263  2.27985  2.40190  3.92665  3.15472  4.00614  2.90990  2.36216  2.48773  2.92618  3.21282  5.27962  3.84352    111 a - - -
          2.68618  4.42225  2.77519  2.73123  3.46354  2.40513  3.72494  3.29354  2.67741  2.69355  4.24690  2.90347  2.73739  3.18146  2.89801  2.37887  2.77519  2.98518  4.58477  3.61503
          0.01302  4.74387  5.46621  0.61958  0.77255  0.48576  0.95510
    112   2.45878  4.72280  2.95731  2.05780  4.38829  2.98525  3.53791  3.15670  2.31000  3.43345  3.80664  2.44501  3.95677  2.73525  2.89187  2.33988  2.77414  3.58173  5.66070  3.85000    112 e - - -
          2.68618  4.42225  2.77519  2.73123  3.46354  2.40513  3.72494  3.29354  2.67741  2.69355  4.24690  2.90347  2.73739  3.18146  2.89801  2.37887  2.77519  2.98518  4.58477  3.61503
          0.01302  4.74387  5.46621  0.61958  0.77255  0.48576  0.95510
    113   3.83879  5.66227  3.90939  3.66820  4.13409  4.21902  0.40613  4.72292  3.19652  4.13369  5.16384  4.04739  4.77389  3.91189  3.10357  3.88382  4.13241  4.42058  5.54675  4.04061    113 H - - -
          2.68618  4.42225  2.77519  2.73123  3.46354  2.40513  3.72494  3.29354  2.67741  2.69355  4.24690  2.90347  2.73739  3.18146  2.89801  2.37887  2.77519  2.98518  4.58477  3.61503
          0.01302  4.74387  5.46621  0.61958  0.77255  0.48576  0.95510
    114   3.05312  5.01628  3.39137  2.79294  4.71816  3.21938  2.55781  4.12766  2.27701  3.61679  4.42115  3.06972  4.16397  2.96266  1.12122  2.97364  3.25974  3.76307  5.73181  4.44311    114 r - - -
          2.68618  4.42225  2.77519  2.73123  3.46354  2.40513  3.72494  3.29354  2.67741  2.69355  4.24690  2.90347  2.73739  3.18146  2.89801  2.37887  2.77519  2.98518  4.58477  3.61503
          0.05891  4.74387  3.02617  0.61958  0.77255  0.48576  0.95510
    115   2.67464  5.25579  2.79072  2.26364  4.59407  2.91856  3.39430  3.90253  2.11343  3.34087  4.29825  2.46576  3.71940  2.74640  2.58668  2.53195  2.33599  3.55713  5.35483  4.21866    115 k - - -
          2.68618  4.42225  2.77519  2.73123  3.46354  2.40513  3.72494  3.29354  2.67741  2.69355  4.24690  2.90347  2.73739  3.18146  2.89801  2.37887  2.77519  2.98518  4.58477  3.61503
          0.09318  4.69858  2.52744  0.61958  0.77255  0.57801  0.82329
    116   2.49534  5.20467  2.38583  2.31338  4.34808  3.18773  3.17299  3.57542  2.02943  3.24335  4.02502  2.89878  3.35000  2.73253  2.78455  2.51142  2.88208  3.52582  5.51710  3.85780    116 k - - -
          2.68618  4.42225  2.77519  2.73123  3.46354  2.40513  3.72494  3.29354  2.67741  2.69355  4.24690  2.90347  2.73739  3.18146  2.89801  2.37887  2.77519  2.98518  4.58477  3.61503
          0.03417  4.62015  3.74053  0.61958  0.77255  0.36649  1.18144
    117   2.59458  5.15732  2.63626  2.18201  4.60803  2.59878  3.56429  3.76248  2.17966  3.41959  4.21395  2.70138  3.58442  2.64887  2.69267  2.44939  2.73462  3.33044  5.70455  4.20111    117 k - - -
          2.68618  4.42225  2.77519  2.73123  3.46354  2.40513  3.72494  3.29354  2.67741  2.69355  4.24690  2.90347  2.73739  3.18146  2.89801  2.37887  2.77519  2.98518  4.58477  3.61503
          0.01685  4.72697  4.84606  0.61958  0.77255  0.52167  0.90024
    118   2.49805  4.86321  2.45406  2.02391  4.61361  2.95190  3.69627  3.92068  2.17847  3.45879  4.13354  2.64233  3.72828  2.71169  2.69021  2.39646  2.83973  3.55712  5.70692  4.29813    118 e - - -
          2.68618  4.42225  2.77519  2.73123  3.46354  2.40513  3.72494  3.29354  2.67741  2.69355  4.24690  2.90347  2.73739  3.18146  2.89801  2.37887  2.77519  2.98518  4.58477  3.61503
          0.01329  4.72341  5.44575  0.61958  0.77255  0.52902  0.88961
    119   2.57545  4.99697  2.43444  2.09678  4.54005  3.12602  3.31894  4.04383  2.17820  3.32299  4.31489  2.32591  3.68923  2.72678  2.87694  2.51618  2.74683  3.52490  5.70793  4.29883    119 e - - -
          2.68618  4.42225  2.77519  2.73123  3.46354  2.40513  3.72494  3.29354  2.67741  2.69355  4.24690  2.90347  2.73739  3.18146  2.89801  2.37887  2.77519  2.98518  4.58477  3.61503
          0.01329  4.72341  5.44575  0.61958  0.77255  0.45963  0.99835
    120   2.49348  5.16106  2.78244  1.83628  4.29293  3.35605  3.74458  3.90246  2.24897  3.20479  3.61163  2.86061  3.50747  2.62072  2.75076  2.41124  2.77615  3.46756  5.69608  4.23245    120 e - - -
          2.68618  4.42225  2.77519  2.73123  3.46354  2.40513  3.72494  3.29354  2.67741  2.69355  4.24690  2.90347  2.73739  3.18146  2.89801  2.37887  2.77519  2.98518  4.58477  3.61503
          0.01302  4.74387  5.46621  0.61958  0.77255  0.48576  0.95510
    121   2.64859  4.98927  2.41271  2.06029  4.41827  3.20752  3.65436  4.03577  2.27169  3.42768  4.15781  2.79932  3.73571  2.70285  2.83299  2.12205  2.49411  3.59527  5.71014  4.23587    121 e - - -
          2.68618  4.42225  2.77519  2.73123  3.46354  2.40513  3.72494  3.29354  2.67741  2.69355  4.24690  2.90347  2.73739  3.18146  2.89801  2.37887  2.77519  2.98518  4.58477  3.61503
          0.01302  4.74387  5.46621  0.61958  0.77255  0.48576  0.95510
    122   2.66067  5.05826  2.55670  2.31570  3.94473  3.03217  3.75591  3.66858  2.39014  3.02351  4.17224  2.73260  3.06351  2.81601  2.89927  2.29087  2.35763  3.36055  5.65702  4.22346    122 s - - -
          2.68618  4.42225  2.77519  2.73123  3.46354  2.40513  3.72494  3.29354  2.67741  2.69355  4.24690  2.90347  2.73739  3.18146  2.89801  2.37887  2.77519  2.98518  4.58477  3.61503
          0.01302  4.74387  5.46621  0.61958  0.77255  0.48576  0.95510
    123   3.06740  4.50969  4.83787  4.24668  2.38246  4.28743  4.58645  2.49130  4.07932  0.83594  3.27049  4.36522  4.31057  4.21952  4.04224  3.60065  3.11206  2.59866  5.05744  3.82392    123 l - - -
          2.68618  4.42225  2.77519  2.73123  3.46354  2.40513  3.72494  3.29354  2.67741  2.69355  4.24690  2.90347  2.73739  3.18146  2.89801  2.37887  2.77519  2.98518  4.58477  3.61503
          0.01302  4.74387  5.46621  0.61958  0.77255  0.48576  0.95510
    124   2.34726  5.15300  2.86186  2.10268  4.38786  2.48697  3.69532  3.90211  2.23517  3.47535  4.22962  2.85287  3.84603  2.79206  2.84660  2.11788  2.77316  3.60357  5.69700  4.23535    124 e - - -
          2.68618  4.42225  2.77519  2.73123  3.46354  2.40513  3.72494  3.29354  2.67741  2.69355  4.24690  2.90347  2.73739  3.18146  2.89801  2.37887  2.77519  2.98518  4.58477  3.61503
          0.01302  4.74387  5.46621  0.61958  0.77255  0.48576  0.95510
    125   2.56673  4.81401  2.70884  1.96344  4.31402  2.82747  3.68793  3.90158  2.25551  3.41749  4.27521  2.69262  3.92031  2.64492  2.44365  2.45421  2.92638  3.56195  5.17317  3.91973    125 e - - -
          2.68618  4.42225  2.77519  2.73123  3.46354  2.40513  3.72494  3.29354  2.67741  2.69355  4.24690  2.90347  2.73739  3.18146  2.89801  2.37887  2.77519  2.98518  4.58477  3.61503
          0.01302  4.74387  5.46621  0.61958  0.77255  0.48576  0.95510
    126   2.39149  4.04470  4.63932  4.03201  3.18119  3.94996  4.16383  1.92148  3.74795  1.60890  2.55286  4.07287  4.31421  3.99548  3.55569  3.25622  2.99723  2.04371  4.80677  3.33031    126 l - - -
          2.68618  4.42225  2.77519  2.73123  3.46354  2.40513  3.72494  3.29354  2.67741  2.69355  4.24690  2.90347  2.73739  3.18146  2.89801  2.37887  2.77519  2.98518  4.58477  3.61503
          0.01302  4.74387  5.46621  0.61958  0.77255  0.48576  0.95510
    127   2.46982  4.58720  5.13225  4.53429  2.35302  4.47359  4.80240  1.75785  4.35948  1.09527  2.97848  4.60638  4.75637  4.44289  4.38535  3.79941  3.47587  2.46931  5.18979  4.07316    127 l - - -
          2.68618  4.42225  2.77519  2.73123  3.46354  2.40513  3.72494  3.29354  2.67741  2.69355  4.24690  2.90347  2.73739  3.18146  2.89801  2.37887  2.77519  2.98518  4.58477  3.61503
          0.02610  4.74387  4.07124  0.61958  0.77255  0.48576  0.95510
    128   2.41505  4.11355  3.35357  2.83548  3.57586  3.62927  3.33190  3.25361  2.59825  2.91394  3.79219  3.23524  4.06750  3.04216  2.66580  2.73600  3.00906  2.92325  5.01081  1.75908    128 y - - -
          2.68618  4.42225  2.77519  2.73123  3.46354  2.40513  3.72494  3.29354  2.67741  2.69355  4.24690  2.90347  2.73739  3.18146  2.89801  2.37887  2.77519  2.98518  4.58477  3.61503
          0.01319  4.73096  5.45330  0.61958  0.77255  0.51338  0.91247
    129   2.71083  5.21443  2.78456  2.16659  4.37930  3.01065  3.54749  3.66123  2.11631  2.94603  4.02623  3.00887  3.95064  2.73022  2.01623  2.72080  2.90456  3.49490  4.68487  4.04739    129 r - - -
          2.68618  4.42225  2.77519  2.73123  3.46354  2.40513  3.72494  3.29354  2.67741  2.69355  4.24690  2.90347  2.73739  3.18146  2.89801  2.37887  2.77519  2.98518  4.58477  3.61503
          0.01319  4.73096  5.45330  0.61958  0.77255  0.51338  0.91247
    130   1.06889  4.24505  3.94064  3.41805  3.96951  3.10842  4.31155  3.31699  3.36305  2.36430  3.92991  3.68333  4.15365  3.65055  3.68475  2.26020  2.92316  2.83230  5.40605  4.18928    130 a - - -
          2.68618  4.42225  2.77519  2.73123  3.46354  2.40513  3.72494  3.29354  2.67741  2.69355  4.24690  2.90347  2.73739  3.18146  2.89801  2.37887  2.77519  2.98518  4.58477  3.61503
          0.01319  4.73096  5.45330  0.61958  0.77255  0.51338  0.91247
    131   3.30638  5.83100  0.75851  2.55709  5.15939  3.66172  4.11756  4.67100  2.83121  4.14377  4.97679  3.05554  4.24461  3.27076  2.48198  3.20767  3.57812  4.24337  6.26895  4.81375    131 d - - -
          2.68618  4.42225  2.77519  2.73123  3.46354  2.40513  3.72494  3.29354  2.67741  2.69355  4.24690  2.90347  2.73739  3.18146  2.89801  2.37887  2.77519  2.98518  4.58477  3.61503
          0.01319  4.73096  5.45330  0.61958  0.77255  0.46887  0.98272
    132   2.77075  5.23672  2.83826  2.45875  4.43434  3.49239  3.52213  3.48299  1.35003  3.41765  4.28379  2.73770  3.95909  2.69585  2.80013  2.73780  2.99606  3.33237  5.68109  4.28718    132 k - - -
          2.68618  4.42225  2.77519  2.73123  3.46354  2.40513  3.72494  3.29354  2.67741  2.69355  4.24690  2.90347  2.73739  3.18146  2.89801  2.37887  2.77519  2.98518  4.58477  3.61503
          0.01302  4.74387  5.46621  0.61958  0.77255  0.48576  0.95510
    133   2.42091  4.28952  3.75919  3.04774  3.50350  3.71321  4.07896  2.75697  2.73463  1.59517  3.26530  3.62410  4.18461  3.20711  3.21278  2.98150  2.96823  2.56919  2.99113  3.37425    133 l - - -
          2.68618  4.42225  2.77519  2.73123  3.46354  2.40513  3.72494  3.29354  2.67741  2.69355  4.24690  2.90347  2.73739  3.18146  2.89801  2.37887  2.77519  2.98518  4.58477  3.61503
          0.01302  4.74387  5.46621  0.61958  0.77255  0.48576  0.95510
    134   2.20377  4.32723  3.14904  2.77647  4.39540  3.46897  4.05989  3.81395  2.89916  3.43430  4.24732  3.33033  3.73941  3.23218  3.34013  1.04492  3.02262  3.32561  5.67873  4.37182    134 s - - -
          2.68618  4.42225  2.77519  2.73123  3.46354  2.40513  3.72494  3.29354  2.67741  2.69355  4.24690  2.90347  2.73739  3.18146  2.89801  2.37887  2.77519  2.98518  4.58477  3.61503
          0.01302  4.74387  5.46621  0.61958  0.77255  0.48576  0.95510
    135   3.33653  5.61828  4.22740  3.40063  5.14171  4.18721  4.02790  4.42611  2.02205  3.41000  4.74186  3.73244  4.52977  3.16367  0.62997  3.60857  3.74040  4.13159  5.86237  4.75862    135 R - - -
          2.68618  4.42225  2.77519  2.73123  3.46354  2.40513  3.72494  3.29354  2.67741  2.69355  4.24690  2.90347  2.73739  3.18146  2.89801  2.37887  2.77519  2.98518  4.58477  3.61503
          0.01302  4.74387  5.46621  0.61958  0.77255  0.48576  0.95510
    136   2.36137  4.26240  2.76265  2.48904  4.10312  2.78885  3.78455  3.45136  2.43616  2.73395  3.48499  2.38159  3.04450  2.77011  2.95643  2.65998  2.95884  3.38695  5.56627  4.14699    136 a - - -
          2.68618  4.42225  2.77519  2.73123  3.46354  2.40513  3.72494  3.29354  2.67741  2.69355  4.24690  2.90347  2.73739  3.18146  2.89801  2.37887  2.77519  2.98518  4.58477  3.61503
          0.01302  4.74387  5.46621  0.61958  0.77255  0.48576  0.95510
    137   2.62937  0.83881  3.68587  3.39373  4.12296  3.57301  4.49658  3.41804  3.57663  3.19842  4.09390  3.79662  3.33269  3.86482  3.85385  2.98184  3.14837  2.93988  5.57020  4.36477    137 c - - -
          2.68618  4.42225  2.77519  2.73123  3.46354  2.40513  3.72494  3.29354  2.67741  2.69355  4.24690  2.90347  2.73739  3.18146  2.89801  2.37887  2.77519  2.98518  4.58477  3.61503
          0.01302  4.74387  5.46621  0.61958  0.77255  0.48576  0.95510
    138   2.76312  4.19051  3.63896  3.33662  1.69820  3.60504  3.45811  2.63259  3.20278  2.44026  3.42300  3.63634  4.19833  3.46711  2.95811  2.63567  3.00122  2.56327  4.86940  2.89449    138 f - - -
          2.68618  4.42225  2.77519  2.73123  3.46354  2.40513  3.72494  3.29354  2.67741  2.69355  4.24690  2.90347  2.73739  3.18146  2.89801  2.37887  2.77519  2.98518  4.58477  3.61503
          0.01302  4.74387  5.46621  0.61958  0.77255  0.48576  0.95510
    139   2.28508  3.97435  2.75561  2.37374  3.56994  3.43547  3.43506  3.41376  2.54085  2.73811  3.59914  2.65228  3.76085  2.73404  2.68465  2.51187  2.86607  3.27763  5.53970  3.92439    139 a - - -
          2.68618  4.42225  2.77519  2.73123  3.46354  2.40513  3.72494  3.29354  2.67741  2.69355  4.24690  2.90347  2.73739  3.18146  2.89801  2.37887  2.77519  2.98518  4.58477  3.61503
          0.01302  4.74387  5.46621  0.61958  0.77255  0.48576  0.95510
    140   2.79866  1.09978  4.53184  3.97630  3.39423  3.98879  4.46313  2.52275  3.81616  2.11646  3.54279  3.77298  4.42468  4.04860  3.97121  3.32498  3.19071  2.44889  5.10354  3.88465    140 c - - -
          2.68618  4.42225  2.77519  2.73123  3.46354  2.40513  3.72494  3.29354  2.67741  2.69355  4.24690  2.90347  2.73739  3.18146  2.89801  2.37887  2.77519  2.98518  4.58477  3.61503
          0.01302  4.74387  5.46621  0.61958  0.77255  0.48576  0.95510
    141   2.47781  5.27295  2.71286  2.09864  4.53258  3.34655  3.71973  3.79051  1.95847  3.27305  4.18801  2.76865  2.78030  2.70479  2.88655  2.45815  2.84205  3.61639  5.70939  4.30226    141 k - - -
          2.68618  4.42225  2.77519  2.73123  3.46354  2.40513  3.72494  3.29354  2.67741  2.69355  4.24690  2.90347  2.73739  3.18146  2.89801  2.37887  2.77519  2.98518  4.58477  3.61503
          0.01302  4.74387  5.46621  0.61958  0.77255  0.48576  0.95510
    142   1.48621  4.80100  3.31229  2.69383  3.99464  3.54170  3.81286  3.38559  2.73510  3.03934  3.45547  3.24467  3.60639  2.61617  3.04464  2.62268  2.94235  2.69295  5.33782  3.53411    142 a - - -
          2.68618  4.42225  2.77519  2.73123  3.46354  2.40513  3.72494  3.29354  2.67741  2.69355  4.24690  2.90347  2.73739  3.18146  2.89801  2.37887  2.77519  2.98518  4.58477  3.61503
          0.01302  4.74387  5.46621  0.61958  0.77255  0.48576  0.95510
    143   2.59443  4.86171  3.09523  2.16241  4.11246  3.57849  2.89788  2.97412  2.30893  3.10173  4.18838  3.01045  3.97026  2.44406  2.46865  2.49940  2.89656  3.33416  5.60167  3.47684    143 e - - -
          2.68618  4.42225  2.77519  2.73123  3.46354  2.40513  3.72494  3.29354  2.67741  2.69355  4.24690  2.90347  2.73739  3.18146  2.89801  2.37887  2.77519  2.98518  4.58477  3.61503
          0.01669  4.74387  4.84792  0.61958  0.77255  0.48576  0.95510
    144   2.55825  5.28386  2.22621  2.11018  4.62721  3.29919  3.62784  3.87067  1.90245  3.47048  4.32505  2.76066  3.56662  2.73517  2.76127  2.51816  2.85494  3.64335  5.71747  4.30745    144 k - - -
          2.68618  4.42225  2.77519  2.73123  3.46354  2.40513  3.72494  3.29354  2.67741  2.69355  4.24690  2.90347  2.73739  3.18146  2.89801  2.37887  2.77519  2.98518  4.58477  3.61503
          0.01306  4.74024  5.46259  0.61958  0.77255  0.48088  0.96297
    145   2.66402  5.23077  2.66585  1.82262  4.55248  3.32952  3.70260  3.76234  2.24903  2.71078  4.09449  3.00468  3.95330  2.60272  2.86610  2.48646  2.72704  3.09339  5.67767  4.28129    145 e - - -
          2.68618  4.42225  2.77519  2.73123  3.46354  2.40513  3.72494  3.29354  2.67741  2.69355  4.24690  2.90347  2.73739  3.18146  2.89801  2.37887  2.77519  2.98518  4.58477  3.61503
          0.01302  4.74387  5.46621  0.61958  0.77255  0.48576  0.95510
    146   2.53199  0.48759  4.86375  4.72304  4.87459  3.41555  5.28789  4.10648  4.53407  4.01728  4.91459  4.23090  4.25812  4.75707  4.58373  2.66817  3.24190  3.56495  6.32583  5.17767    146 C - - -
          2.68618  4.42225  2.77519  2.73123  3.46354  2.40513  3.72494  3.29354  2.67741  2.69355  4.24690  2.90347  2.73739  3.18146  2.89801  2.37887  2.77519  2.98518  4.58477  3.61503
          0.01302  4.74387  5.46621  0.61958  0.77255  0.48576  0.95510
    147   2.70850  4.97586  2.27015  2.49538  4.20945  3.56172  3.33844  4.01889  2.06834  3.49084  4.27716  2.10416  3.73989  2.85759  2.95255  2.67716  3.01121  3.60703  5.67710  2.66826    147 k - - -
          2.68618  4.42225  2.77519  2.73123  3.46354  2.40513  3.72494  3.29354  2.67741  2.69355  4.24690  2.90347  2.73739  3.18146  2.89801  2.37887  2.77519  2.98518  4.58477  3.61503
          0.01302  4.74387  5.46621  0.61958  0.77255  0.48576  0.95510
    148   2.78577  4.58179  3.64391  3.06585  3.72532  3.53984  3.99868  2.62935  2.39073  2.79523  3.68328  3.39924  4.15273  3.26807  2.91930  2.96163  3.05058  2.81080  1.56926  3.67575    148 w - - -
          2.68618  4.42225  2.77519  2.73123  3.46354  2.40513  3.72494  3.29354  2.67741  2.69355  4.24690  2.90347  2.73739  3.18146  2.89801  2.37887  2.77519  2.98518  4.58477  3.61503
          0.01302  4.74387  5.46621  0.61958  0.77255  0.48576  0.95510
    149   2.68977  5.13285  2.80283  2.46903  3.23297  3.48898  3.69308  3.68620  2.30169  3.17331  4.18964  2.92975  2.83041  2.83528  2.73742  1.90772  2.93600  3.20225  5.60280  3.80922    149 s - - -
          2.68618  4.42225  2.77519  2.73123  3.46354  2.40513  3.72494  3.29354  2.67741  2.69355  4.24690  2.90347  2.73739  3.18146  2.89801  2.37887  2.77519  2.98518  4.58477  3.61503
          0.01302  4.74387  5.46621  0.61958  0.77255  0.48576  0.95510
    150   2.28789  5.26639  2.49679  1.91292  4.40768  3.43591  3.56871  3.72867  2.28330  3.26074  4.04464  2.77085  3.56299  2.62773  2.87857  2.45488  2.95481  3.47885  5.70446  4.05219    150 e - - -
          2.68618  4.42225  2.77519  2.73123  3.46354  2.40513  3.72494  3.29354  2.67741  2.69355  4.24690  2.90347  2.73739  3.18146  2.89801  2.37887  2.77519  2.98518  4.58477  3.61503
          0.01955  4.74387  4.54183  0.61958  0.77255  0.48576  0.95510
    151   2.30710  5.28082  2.57085  1.67773  4.62300  3.39744  3.56997  4.01577  2.31660  3.53301  4.27252  2.72303  3.69552  2.67772  2.80158  2.51854  2.88014  3.66993  5.71512  4.17120    151 e - - -
          2.68618  4.42225  2.77519  2.73123  3.46354  2.40513  3.72494  3.29354  2.67741  2.69355  4.24690  2.90347  2.73739  3.18146  2.89801  2.37887  2.77519  2.98518  4.58477  3.61503
          0.01987  4.73742  4.51762  0.61958  0.77255  0.49969  0.93322
    152   2.59471  5.19493  3.04511  2.32522  4.50463  3.18540  3.68214  3.72182  1.57035  3.31972  3.55289  2.97677  3.95517  2.76279  2.58242  2.56195  2.82195  3.35153  5.64901  4.14367    152 k - - -
          2.68618  4.42225  2.77519  2.73123  3.46354  2.40513  3.72494  3.29354  2.67741  2.69355  4.24690  2.90347  2.73739  3.18146  2.89801  2.37887  2.77519  2.98518  4.58477  3.61503
          0.01574  4.73074  4.99155  0.61958  0.77255  0.51384  0.91179
    153   2.77980  5.27212  2.93753  2.05577  4.61077  3.51089  3.71890  4.08354  1.44332  3.48874  3.49591  3.02172  3.76979  2.73896  2.49326  2.76622  3.02752  3.65980  5.70337  4.23766    153 k - - -
          2.68618  4.42225  2.77519  2.73123  3.46354  2.40513  3.72494  3.29354  2.67741  2.69355  4.24690  2.90347  2.73739  3.18146  2.89801  2.37887  2.77519  2.98518  4.58477  3.61503
          0.05604  4.72822  3.08661  0.61958  0.77255  0.47385  0.97446
    154   2.69554  5.22425  2.88544  2.35968  4.54790  3.30948  3.59078  3.97794  2.24371  3.51988  4.16175  1.53532  3.94046  2.76229  2.88992  2.60618  2.95355  3.40214  5.40327  4.21128    154 n - - -
          2.68618  4.42225  2.77519  2.73123  3.46354  2.40513  3.72494  3.29354  2.67741  2.69355  4.24690  2.90347  2.73739  3.18146  2.89801  2.37887  2.77519  2.98518  4.58477  3.61503
          0.01361  4.69971  5.42205  0.61958  0.77255  0.48904  0.94988
    155   2.70576  5.14590  2.85292  2.31959  3.85468  3.28934  3.22695  3.70976  2.16452  2.44066  3.27257  2.67298  3.36103  2.77924  2.78813  2.69415  2.84984  3.46608  5.44715  3.88439    155 k - - -
          2.68618  4.42225  2.77519  2.73123  3.46354  2.40513  3.72494  3.29354  2.67741  2.69355  4.24690  2.90347  2.73739  3.18146  2.89801  2.37887  2.77519  2.98518  4.58477  3.61503
          0.01325  4.72608  5.44842  0.61958  0.77255  0.51532  0.90959
    156   2.66054  4.52491  2.95768  2.13338  4.12890  3.24543  3.59623  2.96857  2.14346  3.08588  4.12141  2.71334  3.59543  2.74359  2.83440  2.56098  2.53827  3.26353  5.37110  3.91850    156 e - - -
          2.68618  4.42225  2.77519  2.73123  3.46354  2.40513  3.72494  3.29354  2.67741  2.69355  4.24690  2.90347  2.73739  3.18146  2.89801  2.37887  2.77519  2.98518  4.58477  3.61503
          0.01322  4.72844  5.45079  0.61958  0.77255  0.50987  0.91772
    157   2.73425  4.21360  4.44352  3.61044  3.16780  3.85466  4.23328  1.49158  3.31545  1.82358  3.18594  3.92298  4.03428  3.78307  3.68375  3.21414  3.01670  2.06005  4.83102  3.51898    157 i - - -
          2.68618  4.42225  2.77519  2.73123  3.46354  2.40513  3.72494  3.29354  2.67741  2.69355  4.24690  2.90347  2.73739  3.18146  2.89801  2.37887  2.77519  2.98518  4.58477  3.61503
          0.01481  4.73096  5.13634  0.61958  0.77255  0.51338  0.91247
    158   2.75323  4.88553  2.98040  2.06832  3.78098  3.48854  3.64610  2.74643  2.13552  2.96439  3.85433  2.92306  3.98217  2.76494  2.76491  2.70141  2.63949  2.95849  5.25555  3.77249    158 e - - -
          2.68618  4.42225  2.77519  2.73123  3.46354  2.40513  3.72494  3.29354  2.67741  2.69355  4.24690  2.90347  2.73739  3.18146  2.89801  2.37887  2.77519  2.98518  4.58477  3.61503
          0.01748  4.72936  4.76862  0.61958  0.77255  0.51672  0.90751
    159   2.64635  3.92529  4.27441  3.78381  3.27093  3.90309  4.21412  2.35116  3.39265  2.24379  3.31484  3.87147  4.27079  3.69730  3.54390  3.19663  3.01202  2.22845  3.97934  1.49828    159 y - - -
          2.68618  4.42225  2.77519  2.73123  3.46354  2.40513  3.72494  3.29354  2.67741  2.69355  4.24690  2.90347  2.73739  3.18146  2.89801  2.37887  2.77519  2.98518  4.58477  3.61503
          0.00895  4.72083        *  0.61958  0.77255  0.00000        *
//
