HMMER3/f [3.2.1 | June 2018]
NAME  CRISPR-CAS_Csm2
LENG  124
ALPH  amino
RF    no
MM    no
CONS  yes
CS    no
MAP   yes
DATE  Fri Jun 18 18:44:04 2021
NSEQ  500
EFFN  4.734039
CKSUM 1682549262
STATS LOCAL MSV       -9.8325  0.71283
STATS LOCAL VITERBI  -10.5201  0.71283
STATS LOCAL FORWARD   -3.9536  0.71283
HMM          A        C        D        E        F        G        H        I        K        L        M        N        P        Q        R        S        T        V        W        Y   
            m->m     m->i     m->d     i->m     i->i     d->m     d->d
  COMPO   2.45177  4.72249  3.00476  2.52413  3.09714  3.28937  3.79300  2.82457  2.38529  2.47801  3.48764  3.03130  3.80972  2.96769  2.80521  2.78810  2.95514  2.76128  5.16155  3.23024
          2.68618  4.42225  2.77519  2.73123  3.46354  2.40513  3.72494  3.29354  2.67741  2.69355  4.24690  2.90347  2.73739  3.18146  2.89801  2.37887  2.77519  2.98518  4.58477  3.61503
          0.11435  5.29857  2.27248  0.61958  0.77255  0.00000        *
      1   3.96644  5.39363  5.39673  4.93126  3.74333  4.99914  5.33387  3.06841  4.49513  2.26827  0.43266  5.09551  5.33936  4.41922  4.60225  4.41875  4.23869  3.14792  5.72055  4.27591      1 M - - -
          2.68618  4.42225  2.77519  2.73123  3.46354  2.40513  3.72494  3.29354  2.67741  2.69355  4.24690  2.90347  2.73739  3.18146  2.89801  2.37887  2.77519  2.98518  4.58477  3.61503
          0.09617  5.19251  2.45186  0.61958  0.77255  0.79295  0.60241
      2   2.16307  5.39703  2.92710  2.35055  4.64137  3.25649  3.80798  3.76877  2.48604  3.64967  3.77039  2.32107  2.90439  2.89502  2.97663  2.17172  2.62407  3.24093  5.83878  4.00830      2 a - - -
          2.68618  4.42225  2.77519  2.73123  3.46354  2.40513  3.72494  3.29354  2.67741  2.69355  4.24690  2.90347  2.73739  3.18146  2.89801  2.37887  2.77519  2.98518  4.58477  3.61503
          0.11341  5.10869  2.29093  0.61958  0.77255  0.99097  0.46397
      3   2.73265  5.37165  2.86614  2.18985  4.43884  3.04997  3.70843  3.82039  2.18519  3.44504  4.06407  2.25536  3.63770  2.43674  2.65187  2.69993  2.82899  3.52793  4.40171  3.28893      3 k - - -
          2.68618  4.42225  2.77519  2.73123  3.46354  2.40513  3.72494  3.29354  2.67741  2.69355  4.24690  2.90347  2.73739  3.18146  2.89801  2.37887  2.77519  2.98518  4.58477  3.61503
          0.20764  5.00528  1.71039  0.61958  0.77255  0.68192  0.70451
      4   2.75028  5.36806  2.54506  1.66510  4.56369  3.44296  3.78603  4.01401  2.12045  3.56886  4.12200  2.59131  3.48273  2.48182  3.01379  2.55844  2.90154  3.60779  5.80121  4.17152      4 e - - -
          2.68618  4.42225  2.77519  2.73123  3.46354  2.40513  3.72494  3.29354  2.67741  2.69355  4.24690  2.90347  2.73739  3.18146  2.89801  2.37887  2.77519  2.98518  4.58477  3.61503
          0.18382  4.96043  1.82692  0.61958  0.77255  0.78866  0.60597
      5   2.85187  4.18651  4.31760  3.52238  3.11054  3.80878  4.10683  1.53868  3.19710  1.96334  3.17847  3.59582  3.67058  3.54825  3.79490  3.20667  2.91635  2.04375  4.93994  3.57808      5 i - - -
          2.68618  4.42225  2.77519  2.73123  3.46354  2.40513  3.72494  3.29354  2.67741  2.69355  4.24690  2.90347  2.73739  3.18146  2.89801  2.37887  2.77519  2.98518  4.58477  3.61503
          0.01539  4.92586  4.82691  0.61958  0.77255  0.99049  0.46425
      6   2.63707  5.38222  2.33844  1.99271  4.72679  3.52131  3.67223  3.84048  2.01262  3.60253  4.25012  2.65442  3.72148  2.59450  2.80113  2.47858  2.76532  3.42949  5.81521  3.99603      6 e - - -
          2.68618  4.42225  2.77519  2.73123  3.46354  2.40513  3.72494  3.29354  2.67741  2.69355  4.24690  2.90347  2.73739  3.18146  2.89801  2.37887  2.77519  2.98518  4.58477  3.61503
          0.04494  4.99364  3.29242  0.61958  0.77255  0.48473  0.95676
      7   2.91605  4.37234  4.92145  4.20861  2.04625  4.01098  4.48963  1.63316  3.84248  1.64869  2.74847  4.22919  4.26062  4.23872  3.86931  3.29976  3.11760  2.38984  4.99363  3.32758      7 i - - -
          2.68618  4.42225  2.77519  2.73123  3.46354  2.40513  3.72494  3.29354  2.67741  2.69355  4.24690  2.90347  2.73739  3.18146  2.89801  2.37887  2.77519  2.98518  4.58477  3.61503
          0.17974  5.16416  1.84016  0.61958  0.77255  0.58667  0.81232
      8   2.70148  5.41445  2.62256  2.12702  4.65655  3.47238  3.70916  3.91753  1.66426  3.62971  4.35055  2.76678  3.49934  2.53038  2.61367  2.58329  2.83748  3.62149  5.84696  4.32421      8 k - - -
          2.68618  4.42225  2.77519  2.73123  3.46354  2.40513  3.72494  3.29354  2.67741  2.69355  4.24690  2.90347  2.73739  3.18146  2.89801  2.37887  2.77519  2.98518  4.58477  3.61503
          0.15634  5.06569  1.97743  0.61958  0.77255  0.99086  0.46403
      9   2.59006  5.36180  2.53612  1.86488  4.70691  3.21026  3.76157  4.04963  2.06674  3.56153  4.40248  2.67245  3.91590  2.64003  2.74197  2.38032  2.66140  3.64187  5.79444  4.38343      9 e - - -
          2.68618  4.42225  2.77519  2.73123  3.46354  2.40513  3.72494  3.29354  2.67741  2.69355  4.24690  2.90347  2.73739  3.18146  2.89801  2.37887  2.77519  2.98518  4.58477  3.61503
          0.02384  4.93896  4.11067  0.61958  0.77255  0.31087  1.31979
     10   3.01062  4.31383  4.69446  4.11049  2.92217  4.19332  4.52287  1.55424  3.24849  1.35614  3.18972  4.33062  3.73469  4.25708  3.89622  3.42515  3.26446  2.21369  4.72613  3.79068     10 l - - -
          2.68618  4.42225  2.77519  2.73123  3.46354  2.40513  3.72494  3.29354  2.67741  2.69355  4.24690  2.90347  2.73739  3.18146  2.89801  2.37887  2.77519  2.98518  4.58477  3.61503
          0.05742  5.23798  2.98594  0.61958  0.77255  0.56372  0.84185
     11   2.63709  5.20635  2.10770  2.32114  4.59113  3.40939  3.81794  3.57502  2.26989  3.42553  4.39790  2.47672  3.02196  2.84452  2.82785  2.46443  2.51017  3.47206  5.90864  4.43837     11 d - - -
          2.68618  4.42225  2.77519  2.73123  3.46354  2.40513  3.72494  3.29354  2.67741  2.69355  4.24690  2.90347  2.73739  3.18146  2.89801  2.37887  2.77519  2.98518  4.58477  3.61503
          0.02588  5.21239  3.90685  0.61958  0.77255  0.45000  1.01508
     12   2.33424  5.17695  2.72602  2.28399  4.15436  2.93715  3.74989  3.07396  2.46223  3.14059  3.84682  2.84225  2.36544  2.97211  3.11237  2.67563  2.86019  3.10408  5.86244  3.90849     12 e - - -
          2.68618  4.42225  2.77519  2.73123  3.46354  2.40513  3.72494  3.29354  2.67741  2.69355  4.24690  2.90347  2.73739  3.18146  2.89801  2.37887  2.77519  2.98518  4.58477  3.61503
          0.00777  5.25770  5.98005  0.61958  0.77255  0.61674  0.77588
     13   2.72942  5.50259  2.19400  1.66544  4.52980  3.52283  3.86370  4.12526  2.07939  3.36061  4.34312  2.79649  3.80022  2.84982  2.57874  2.77635  2.75539  3.85529  5.93508  4.33141     13 e - - -
          2.68618  4.42225  2.77519  2.73123  3.46354  2.40513  3.72494  3.29354  2.67741  2.69355  4.24690  2.90347  2.73739  3.18146  2.89801  2.37887  2.77519  2.98518  4.58477  3.61503
          0.00775  5.25951  5.98186  0.61958  0.77255  0.53087  0.88696
     14   2.61852  5.21823  2.35218  2.24387  4.24209  3.72173  3.94675  3.41623  2.36145  1.93076  4.05628  2.45362  4.18963  2.87688  3.11529  2.85191  2.82881  3.30136  5.08281  4.47023     14 l - - -
          2.68618  4.42225  2.77519  2.73123  3.46354  2.40513  3.72494  3.29354  2.67741  2.69355  4.24690  2.90347  2.73739  3.18146  2.89801  2.37887  2.77519  2.98518  4.58477  3.61503
          0.00763  5.27538  5.99773  0.61958  0.77255  0.56927  0.83456
     15   2.88092  4.23522  4.70210  4.36567  1.79929  3.89595  4.36871  2.37582  3.87348  1.59513  3.19667  4.21869  4.58262  4.29764  4.18099  3.47645  2.95127  2.42931  5.05536  2.11815     15 l - - -
          2.68618  4.42225  2.77519  2.73123  3.46354  2.40513  3.72494  3.29354  2.67741  2.69355  4.24690  2.90347  2.73739  3.18146  2.89801  2.37887  2.77519  2.98518  4.58477  3.61503
          0.00763  5.27538  5.99773  0.61958  0.77255  0.56927  0.83456
     16   2.60522  4.51555  2.70272  3.46049  3.23524  3.83395  4.14511  2.35922  3.27629  2.59349  3.79431  3.13647  4.04604  3.62163  3.72466  2.30289  3.05851  1.50114  5.27828  3.74187     16 v - - -
          2.68618  4.42225  2.77519  2.73123  3.46354  2.40513  3.72494  3.29354  2.67741  2.69355  4.24690  2.90347  2.73739  3.18146  2.89801  2.37887  2.77519  2.98518  4.58477  3.61503
          0.00763  5.27538  5.99773  0.61958  0.77255  0.55988  0.84695
     17   2.75881  5.51170  1.99334  1.88228  4.72061  3.35611  3.73527  3.99614  2.04416  3.53364  4.55220  2.76529  3.79873  2.71664  2.96357  2.52630  2.75105  3.63507  5.94401  4.34740     17 e - - -
          2.68618  4.42225  2.77519  2.73123  3.46354  2.40513  3.72494  3.29354  2.67741  2.69355  4.24690  2.90347  2.73739  3.18146  2.89801  2.37887  2.77519  2.98518  4.58477  3.61503
          0.00762  5.27695  5.99929  0.61958  0.77255  0.56392  0.84159
     18   2.77396  4.66142  2.95786  2.12493  3.18933  3.76599  3.32980  2.75071  2.29041  2.92260  4.16166  3.09146  3.41457  2.75103  2.88885  2.93332  2.68304  2.82807  4.42150  3.45500     18 e - - -
          2.68618  4.42225  2.77519  2.73123  3.46354  2.40513  3.72494  3.29354  2.67741  2.69355  4.24690  2.90347  2.73739  3.18146  2.89801  2.37887  2.77519  2.98518  4.58477  3.61503
          0.00762  5.27695  5.99929  0.61958  0.77255  0.50380  0.92692
     19   0.71362  4.35600  4.38594  3.83298  3.93462  3.66858  4.55623  3.01817  3.75011  2.74950  3.84354  4.07723  4.28159  4.00727  4.00850  2.86641  3.05229  2.82393  5.41705  4.21506     19 a - - -
          2.68618  4.42225  2.77519  2.73123  3.46354  2.40513  3.72494  3.29354  2.67741  2.69355  4.24690  2.90347  2.73739  3.18146  2.89801  2.37887  2.77519  2.98518  4.58477  3.61503
          0.00754  5.28714  6.00949  0.61958  0.77255  0.52803  0.89103
     20   2.78873  5.51666  2.64690  1.27966  4.61415  3.72076  3.44676  4.34830  2.11703  3.57886  4.41791  3.02534  4.17217  2.41158  2.87564  2.86814  3.23636  3.90751  5.94904  4.05149     20 e - - -
          2.68618  4.42225  2.77519  2.73123  3.46354  2.40513  3.72494  3.29354  2.67741  2.69355  4.24690  2.90347  2.73739  3.18146  2.89801  2.37887  2.77519  2.98518  4.58477  3.61503
          0.00991  5.28714  5.33798  0.61958  0.77255  0.52803  0.89103
     21   2.56189  5.12531  2.66849  1.92912  4.64203  3.54563  3.80074  3.98086  1.75765  3.54972  4.47375  2.77532  4.17057  2.47697  2.50318  2.67805  2.95584  3.56470  5.94704  4.20503     21 k - - -
          2.68618  4.42225  2.77519  2.73123  3.46354  2.40513  3.72494  3.29354  2.67741  2.69355  4.24690  2.90347  2.73739  3.18146  2.89801  2.37887  2.77519  2.98518  4.58477  3.61503
          0.00756  5.28479  6.00714  0.61958  0.77255  0.52221  0.89946
     22   2.38954  3.86530  4.57616  3.91776  2.28458  4.22575  4.49102  1.92437  3.60157  1.97752  3.29749  4.14520  4.58978  4.13382  3.97157  3.53557  2.83684  1.75278  3.63107  3.42579     22 v - - -
          2.68618  4.42225  2.77519  2.73123  3.46354  2.40513  3.72494  3.29354  2.67741  2.69355  4.24690  2.90347  2.73739  3.18146  2.89801  2.37887  2.77519  2.98518  4.58477  3.61503
          0.00754  5.28714  6.00949  0.61958  0.77255  0.51288  0.91322
     23   1.50161  4.51843  4.69978  4.10891  3.53425  1.88419  4.53341  1.95654  3.96498  2.67202  2.98955  4.25109  4.57516  4.16064  4.09614  3.17522  3.25328  2.23315  5.15057  3.96442     23 a - - -
          2.68618  4.42225  2.77519  2.73123  3.46354  2.40513  3.72494  3.29354  2.67741  2.69355  4.24690  2.90347  2.73739  3.18146  2.89801  2.37887  2.77519  2.98518  4.58477  3.61503
          0.01751  5.28964  4.39724  0.61958  0.77255  0.51898  0.90418
     24   2.79913  5.51126  2.95914  2.02704  4.53512  3.50345  3.84496  4.13456  1.50096  3.43728  4.55196  3.04135  3.73890  2.46027  2.41487  2.65740  3.01896  3.78001  5.49167  4.17278     24 k - - -
          2.68618  4.42225  2.77519  2.73123  3.46354  2.40513  3.72494  3.29354  2.67741  2.69355  4.24690  2.90347  2.73739  3.18146  2.89801  2.37887  2.77519  2.98518  4.58477  3.61503
          0.01755  5.27973  4.39802  0.61958  0.77255  0.55429  0.85444
     25   2.60202  5.07925  2.62051  2.03721  3.80119  3.43750  3.41679  3.77285  2.07236  3.29723  4.32896  2.86390  4.16581  2.77333  2.62747  2.37275  2.98558  3.61007  5.60350  3.02824     25 e - - -
          2.68618  4.42225  2.77519  2.73123  3.46354  2.40513  3.72494  3.29354  2.67741  2.69355  4.24690  2.90347  2.73739  3.18146  2.89801  2.37887  2.77519  2.98518  4.58477  3.61503
          0.03924  5.26985  3.40108  0.61958  0.77255  0.54537  0.86661
     26   3.03984  4.18135  4.79238  4.22471  2.63499  4.20818  4.54101  1.98039  4.16553  1.05888  2.93049  3.92325  4.57167  4.18664  4.17739  3.51906  3.22452  2.44903  4.70957  3.28320     26 l - - -
          2.68618  4.42225  2.77519  2.73123  3.46354  2.40513  3.72494  3.29354  2.67741  2.69355  4.24690  2.90347  2.73739  3.18146  2.89801  2.37887  2.77519  2.98518  4.58477  3.61503
          0.41191  5.24598  1.10158  0.61958  0.77255  0.65339  0.73455
     27   2.17997  4.72641  2.99478  2.47261  4.05658  2.99482  3.69010  3.38112  2.04373  3.18938  3.80695  2.90319  3.80748  2.80061  2.87291  2.37165  2.85045  2.92743  5.30354  3.89311     27 k - - -
          2.68618  4.42225  2.77519  2.73123  3.46354  2.40513  3.72494  3.29354  2.67741  2.69355  4.24690  2.90347  2.73739  3.18146  2.89801  2.37887  2.77519  2.98518  4.58477  3.61503
          0.06760  4.84844  2.85556  0.61958  0.77255  1.28129  0.32529
     28   2.71313  5.31107  2.68915  2.15014  4.55645  3.17446  3.58616  4.14089  1.93366  3.58127  4.35193  2.58652  3.65719  2.50005  2.66474  2.38003  2.76368  3.36263  5.74416  4.08515     28 k - - -
          2.68625  4.42241  2.77479  2.73091  3.46370  2.40524  3.72500  3.29365  2.67724  2.69363  4.24700  2.90332  2.73747  3.18152  2.89804  2.37891  2.77530  2.98529  4.58493  3.61515
          0.74020  0.71083  3.45003  0.07104  2.67982  0.54291  0.87001
     29   2.44442  5.25228  2.87436  2.34362  4.76399  2.40208  3.76002  4.24870  1.91630  3.62716  4.38652  2.61591  3.91317  2.77445  2.56491  2.51097  2.84743  3.13365  5.85444  4.21664     30 k - - -
          2.68618  4.42225  2.77519  2.73123  3.46354  2.40513  3.72494  3.29354  2.67741  2.69355  4.24690  2.90347  2.73739  3.18146  2.89801  2.37887  2.77519  2.98518  4.58477  3.61503
          0.07486  5.09114  2.71845  0.61958  0.77255  0.57949  0.82140
     30   2.63140  5.10849  2.62576  2.18229  4.64426  2.95137  3.71096  4.06214  1.75500  3.53262  4.48746  2.47988  3.86686  2.67192  2.42167  2.68011  2.97731  3.83786  5.87930  4.30642     31 k - - -
          2.68618  4.42225  2.77519  2.73123  3.46354  2.40513  3.72494  3.29354  2.67741  2.69355  4.24690  2.90347  2.73739  3.18146  2.89801  2.37887  2.77519  2.98518  4.58477  3.61503
          0.02709  5.13833  3.87006  0.61958  0.77255  0.42568  1.05937
     31   2.80451  5.02219  2.60132  2.29527  3.83760  2.88545  3.66042  3.44837  1.95337  3.50041  4.23799  2.32686  3.41419  2.61010  2.69066  2.54613  3.07823  3.81435  5.92310  4.15851     32 k - - -
          2.68618  4.42225  2.77519  2.73123  3.46354  2.40513  3.72494  3.29354  2.67741  2.69355  4.24690  2.90347  2.73739  3.18146  2.89801  2.37887  2.77519  2.98518  4.58477  3.61503
          0.00790  5.24025  5.96260  0.61958  0.77255  0.41896  1.07215
     32   2.60382  4.90958  2.76581  2.31818  4.26210  2.77387  3.83623  3.52401  1.93051  3.27902  3.82415  2.60095  3.61096  2.92099  2.62717  2.41149  2.98298  3.25744  5.93604  4.11863     33 k - - -
          2.68618  4.42225  2.77519  2.73123  3.46354  2.40513  3.72494  3.29354  2.67741  2.69355  4.24690  2.90347  2.73739  3.18146  2.89801  2.37887  2.77519  2.98518  4.58477  3.61503
          0.00752  5.29033  6.01267  0.61958  0.77255  0.51648  0.90787
     33   3.03007  4.46448  4.70823  4.25816  3.30772  3.92444  4.53908  1.98057  3.95419  1.28546  3.21278  2.40362  4.29597  4.24016  4.14439  3.47158  3.08235  1.97680  5.08486  3.90474     34 l - - -
          2.68618  4.42225  2.77519  2.73123  3.46354  2.40513  3.72494  3.29354  2.67741  2.69355  4.24690  2.90347  2.73739  3.18146  2.89801  2.37887  2.77519  2.98518  4.58477  3.61503
          0.00752  5.29033  6.01267  0.61958  0.77255  0.50578  0.92390
     34   2.98039  5.52115  3.23544  2.48771  4.86081  3.62304  3.98799  4.34066  1.64109  3.82307  4.56564  2.86702  4.04988  3.01138  3.07229  2.22413  1.51614  3.90940  5.95667  4.55179     35 t - - -
          2.68618  4.42225  2.77519  2.73123  3.46354  2.40513  3.72494  3.29354  2.67741  2.69355  4.24690  2.90347  2.73739  3.18146  2.89801  2.37887  2.77519  2.98518  4.58477  3.61503
          0.00750  5.29208  6.01442  0.61958  0.77255  0.51004  0.91747
     35   2.73080  5.32882  3.34885  2.72410  4.49516  3.77325  3.83735  3.52657  2.54231  3.60266  3.92240  2.98497  3.06422  3.10981  2.81242  2.12268  1.41627  3.36561  5.80743  4.09511     36 t - - -
          2.68618  4.42225  2.77519  2.73123  3.46354  2.40513  3.72494  3.29354  2.67741  2.69355  4.24690  2.90347  2.73739  3.18146  2.89801  2.37887  2.77519  2.98518  4.58477  3.61503
          0.00750  5.29208  6.01442  0.61958  0.77255  0.51004  0.91747
     36   2.70650  5.34364  3.37083  2.82700  4.66687  3.73838  3.61269  4.10881  2.76701  3.66627  4.44954  2.46235  4.23398  3.18368  3.21704  1.38856  1.70169  3.46713  5.86368  4.50046     37 s - - -
          2.68618  4.42225  2.77519  2.73123  3.46354  2.40513  3.72494  3.29354  2.67741  2.69355  4.24690  2.90347  2.73739  3.18146  2.89801  2.37887  2.77519  2.98518  4.58477  3.61503
          0.00750  5.29208  6.01442  0.61958  0.77255  0.51004  0.91747
     37   3.62198  5.87513  3.97624  3.32554  5.30520  4.28707  4.16357  4.09059  1.84963  4.11130  4.93986  3.77465  4.64779  0.67576  2.76403  3.44001  3.79739  4.33043  6.15621  4.62378     38 Q - - -
          2.68618  4.42225  2.77519  2.73123  3.46354  2.40513  3.72494  3.29354  2.67741  2.69355  4.24690  2.90347  2.73739  3.18146  2.89801  2.37887  2.77519  2.98518  4.58477  3.61503
          0.00750  5.29208  6.01442  0.61958  0.77255  0.48752  0.95230
     38   3.84810  5.13453  5.83214  5.24080  3.36346  5.14316  5.48926  1.06482  5.06852  1.00957  2.98328  5.30885  4.62843  5.08827  5.05390  4.49000  3.94247  2.48124  5.75926  4.68761     39 l - - -
          2.68618  4.42225  2.77519  2.73123  3.46354  2.40513  3.72494  3.29354  2.67741  2.69355  4.24690  2.90347  2.73739  3.18146  2.89801  2.37887  2.77519  2.98518  4.58477  3.61503
          0.00747  5.29578  6.01813  0.61958  0.77255  0.49627  0.93853
     39   4.25206  6.18911  4.91373  3.72787  5.64004  4.73782  4.46727  5.02986  2.56296  4.36236  4.83444  4.26574  5.05788  3.52183  0.31933  4.23811  4.33881  4.75824  6.29011  4.63415     40 R - - -
          2.68618  4.42225  2.77519  2.73123  3.46354  2.40513  3.72494  3.29354  2.67741  2.69355  4.24690  2.90347  2.73739  3.18146  2.89801  2.37887  2.77519  2.98518  4.58477  3.61503
          0.00747  5.29578  6.01813  0.61958  0.77255  0.49627  0.93853
     40   2.88202  5.52318  3.20716  2.72662  4.86701  3.47167  3.84230  4.34641  1.42380  3.54650  4.37792  1.84991  4.19452  2.97200  2.14176  2.76962  3.21631  3.82468  5.95345  4.55136     41 k - - -
          2.68618  4.42225  2.77519  2.73123  3.46354  2.40513  3.72494  3.29354  2.67741  2.69355  4.24690  2.90347  2.73739  3.18146  2.89801  2.37887  2.77519  2.98518  4.58477  3.61503
          0.00747  5.29578  6.01813  0.61958  0.77255  0.49627  0.93853
     41   3.10306  4.50182  5.08954  4.47667  1.30862  4.30320  4.33599  1.88849  4.26357  1.81065  3.43922  4.46251  4.65964  4.38739  4.27043  3.61588  3.31485  2.15854  4.88851  3.35299     42 f - - -
          2.68618  4.42225  2.77519  2.73123  3.46354  2.40513  3.72494  3.29354  2.67741  2.69355  4.24690  2.90347  2.73739  3.18146  2.89801  2.37887  2.77519  2.98518  4.58477  3.61503
          0.00747  5.29578  6.01813  0.61958  0.77255  0.49627  0.93853
     42   3.49708  4.93618  5.32226  4.80244  1.47927  4.67737  3.82599  3.38593  4.19219  1.49314  3.83045  4.68776  5.02135  4.66585  4.60548  3.99874  3.82433  3.17529  4.52792  1.31959     43 y - - -
          2.68618  4.42225  2.77519  2.73123  3.46354  2.40513  3.72494  3.29354  2.67741  2.69355  4.24690  2.90347  2.73739  3.18146  2.89801  2.37887  2.77519  2.98518  4.58477  3.61503
          0.01121  5.29578  5.09423  0.61958  0.77255  0.49627  0.93853
     43   2.28648  5.51536  1.81784  2.58341  4.85568  2.24371  3.56455  4.25428  2.71476  3.81871  4.48630  2.61949  4.18121  2.98395  3.17043  2.10630  2.76053  3.90354  5.95084  4.40288     44 d - - -
          2.68618  4.42225  2.77519  2.73123  3.46354  2.40513  3.72494  3.29354  2.67741  2.69355  4.24690  2.90347  2.73739  3.18146  2.89801  2.37887  2.77519  2.98518  4.58477  3.61503
          0.00750  5.29208  6.01442  0.61958  0.77255  0.50501  0.92507
     44   2.31268  5.47467  2.93914  1.43260  4.49217  3.62215  3.55716  3.95074  2.47120  2.81089  3.10663  3.08435  4.05257  2.85089  2.98636  2.81308  2.95067  3.76689  5.91847  3.88212     45 e - - -
          2.68618  4.42225  2.77519  2.73123  3.46354  2.40513  3.72494  3.29354  2.67741  2.69355  4.24690  2.90347  2.73739  3.18146  2.89801  2.37887  2.77519  2.98518  4.58477  3.61503
          0.00750  5.29290  6.01525  0.61958  0.77255  0.50701  0.92204
     45   2.60860  4.32574  5.03611  4.42404  2.97215  4.18736  4.59805  1.72738  4.21481  1.92329  3.37864  4.24492  4.62401  4.35083  4.23095  3.32881  2.61230  1.35210  5.09611  3.91916     46 v - - -
          2.68618  4.42225  2.77519  2.73123  3.46354  2.40513  3.72494  3.29354  2.67741  2.69355  4.24690  2.90347  2.73739  3.18146  2.89801  2.37887  2.77519  2.98518  4.58477  3.61503
          0.00750  5.29290  6.01525  0.61958  0.77255  0.50701  0.92204
     46   2.64696  4.38805  3.40539  2.82914  4.38314  3.84385  4.04639  3.46140  1.73212  2.72930  3.93594  2.52132  4.23390  2.97201  2.37499  2.42094  2.87373  2.55612  5.73585  4.21599     47 k - - -
          2.68618  4.42225  2.77519  2.73123  3.46354  2.40513  3.72494  3.29354  2.67741  2.69355  4.24690  2.90347  2.73739  3.18146  2.89801  2.37887  2.77519  2.98518  4.58477  3.61503
          0.00750  5.29290  6.01525  0.61958  0.77255  0.47270  0.97635
     47   2.45892  5.51769  2.56237  2.39298  4.78252  3.42868  3.83978  3.88213  2.14402  3.45510  3.29300  2.79090  3.99765  2.55224  1.99188  2.54269  2.86656  3.59933  5.95117  4.29798     48 r - - -
          2.68618  4.42225  2.77519  2.73123  3.46354  2.40513  3.72494  3.29354  2.67741  2.69355  4.24690  2.90347  2.73739  3.18146  2.89801  2.37887  2.77519  2.98518  4.58477  3.61503
          0.00745  5.29857  6.02091  0.61958  0.77255  0.48576  0.95510
     48   2.78469  4.05657  4.70517  4.40492  3.06725  4.23519  4.56815  1.40476  3.94088  1.56130  3.19967  4.39392  4.59898  3.74241  4.20442  3.40384  3.19133  2.31147  2.95905  3.63471     49 i - - -
          2.68618  4.42225  2.77519  2.73123  3.46354  2.40513  3.72494  3.29354  2.67741  2.69355  4.24690  2.90347  2.73739  3.18146  2.89801  2.37887  2.77519  2.98518  4.58477  3.61503
          0.01063  5.29857  5.19035  0.61958  0.77255  0.48576  0.95510
     49   2.89789  4.47216  2.71733  1.84097  4.07053  3.65810  3.65021  4.33706  2.10196  3.46737  4.55314  2.68534  4.10975  2.32788  2.81742  2.77485  2.96295  3.82019  4.94667  2.55188     50 e - - -
          2.68618  4.42225  2.77519  2.73123  3.46354  2.40513  3.72494  3.29354  2.67741  2.69355  4.24690  2.90347  2.73739  3.18146  2.89801  2.37887  2.77519  2.98518  4.58477  3.61503
          0.01561  5.29542  4.55871  0.61958  0.77255  0.49764  0.93640
     50   2.47339  5.50348  2.53836  2.34884  4.57292  3.51745  3.75603  3.96305  2.48196  3.34086  2.98982  2.03199  3.98908  2.59832  2.75136  2.53918  2.69815  3.41873  5.93923  4.13472     51 n - - -
          2.68618  4.42225  2.77519  2.73123  3.46354  2.40513  3.72494  3.29354  2.67741  2.69355  4.24690  2.90347  2.73739  3.18146  2.89801  2.37887  2.77519  2.98518  4.58477  3.61503
          0.04363  5.28735  3.27965  0.61958  0.77255  0.52730  0.89208
     51   2.68845  5.21348  2.68907  2.03023  4.83731  3.55913  3.85985  3.54225  1.71985  3.35852  3.83269  2.85110  4.15538  2.58904  2.32336  2.74977  2.99447  3.51485  5.92773  4.38530     52 k - - -
          2.68618  4.42225  2.77519  2.73123  3.46354  2.40513  3.72494  3.29354  2.67741  2.69355  4.24690  2.90347  2.73739  3.18146  2.89801  2.37887  2.77519  2.98518  4.58477  3.61503
          0.00954  5.25152  5.46014  0.61958  0.77255  0.64674  0.74182
     52   2.36737  4.40305  4.17146  3.28193  3.05277  2.97931  4.46998  2.08078  3.41433  1.99046  3.37859  3.86716  3.98294  4.09434  3.95480  2.95810  3.16338  1.76966  3.70727  3.25525     53 v - - -
          2.68618  4.42225  2.77519  2.73123  3.46354  2.40513  3.72494  3.29354  2.67741  2.69355  4.24690  2.90347  2.73739  3.18146  2.89801  2.37887  2.77519  2.98518  4.58477  3.61503
          0.03202  5.24981  3.63957  0.61958  0.77255  0.65200  0.73606
     53   2.74072  5.46268  2.63676  2.21094  3.41497  3.30661  3.82466  3.37940  1.99231  3.10341  4.17450  2.63400  3.99205  2.52789  2.57675  2.60957  3.03954  3.43170  5.27725  3.77174     54 k - - -
          2.68618  4.42225  2.77519  2.73123  3.46354  2.40513  3.72494  3.29354  2.67741  2.69355  4.24690  2.90347  2.73739  3.18146  2.89801  2.37887  2.77519  2.98518  4.58477  3.61503
          0.06929  5.22581  2.78757  0.61958  0.77255  0.72218  0.66494
     54   2.48309  5.23331  2.86078  2.40576  4.16353  3.20349  3.51258  3.60309  2.24990  2.80459  4.09017  2.61572  4.07104  2.54471  2.57444  2.48402  2.64339  3.08600  5.86249  3.91576     55 k - - -
          2.68618  4.42225  2.77519  2.73123  3.46354  2.40513  3.72494  3.29354  2.67741  2.69355  4.24690  2.90347  2.73739  3.18146  2.89801  2.37887  2.77519  2.98518  4.58477  3.61503
          0.10780  5.16504  2.33837  0.61958  0.77255  0.86280  0.54814
     55   2.51211  4.85485  2.54396  2.19354  4.35827  2.96947  3.55000  4.13752  2.18100  3.48647  4.09608  2.59310  3.77538  2.60352  2.67003  2.40091  2.81105  3.68248  5.42340  3.48302     56 k - - -
          2.68618  4.42225  2.77519  2.73123  3.46354  2.40513  3.72494  3.29354  2.67741  2.69355  4.24690  2.90347  2.73739  3.18146  2.89801  2.37887  2.77519  2.98518  4.58477  3.61503
          0.09559  5.06904  2.46658  0.61958  0.77255  0.97270  0.47491
     56   2.62513  5.38624  2.54264  2.07028  4.11884  2.98754  3.76165  3.93641  1.97656  3.61297  4.42707  2.74912  3.02231  2.60138  2.75565  2.53730  2.93381  3.52497  5.81931  4.12466     57 k - - -
          2.68604  4.42239  2.77516  2.73074  3.46365  2.40514  3.72509  3.29362  2.67739  2.69364  4.24698  2.90352  2.73747  3.18140  2.89809  2.37890  2.77522  2.98527  4.58491  3.61515
          0.63204  1.04646  2.14287  0.08077  2.55632  1.03762  0.43742
     57   2.46335  5.34572  2.17397  1.84421  4.68810  3.45102  3.72854  3.76594  2.23570  3.30146  4.32522  2.90488  3.77041  2.55229  2.93143  2.53000  2.82390  3.58800  5.78000  4.24454     59 e - - -
          2.68618  4.42225  2.77519  2.73123  3.46354  2.40513  3.72494  3.29354  2.67741  2.69355  4.24690  2.90347  2.73739  3.18146  2.89801  2.37887  2.77519  2.98518  4.58477  3.61503
          0.06905  4.91544  2.82368  0.61958  0.77255  0.87776  0.53737
     58   2.41617  5.37221  2.54440  2.01651  4.55638  3.43365  3.76006  3.85119  1.95849  3.29820  4.41326  2.65122  3.62097  2.66735  2.76890  2.57470  2.78778  3.36828  5.80578  4.39574     60 k - - -
          2.68618  4.42225  2.77519  2.73123  3.46354  2.40513  3.72494  3.29354  2.67741  2.69355  4.24690  2.90347  2.73739  3.18146  2.89801  2.37887  2.77519  2.98518  4.58477  3.61503
          0.01032  4.97489  5.69724  0.61958  0.77255  1.04323  0.43435
     59   2.87206  4.17922  4.40577  4.03906  1.59819  3.98953  4.40046  2.46129  3.91335  1.62346  3.31105  4.02933  4.43673  3.94439  3.76111  3.32484  3.11726  2.39644  3.19605  3.17513     61 f - - -
          2.68618  4.42225  2.77519  2.73123  3.46354  2.40513  3.72494  3.29354  2.67741  2.69355  4.24690  2.90347  2.73739  3.18146  2.89801  2.37887  2.77519  2.98518  4.58477  3.61503
          0.07284  5.01319  2.75508  0.61958  0.77255  0.94481  0.49225
     60   2.38051  5.38592  2.40030  1.84971  4.73059  3.51802  3.76728  4.03122  2.21457  3.45303  4.42668  2.72862  3.11292  2.60308  2.81906  2.50317  2.94035  3.59638  5.47185  4.34244     62 e - - -
          2.68618  4.42225  2.77519  2.73123  3.46354  2.40513  3.72494  3.29354  2.67741  2.69355  4.24690  2.90347  2.73739  3.18146  2.89801  2.37887  2.77519  2.98518  4.58477  3.61503
          0.01004  5.00188  5.72423  0.61958  0.77255  0.52719  0.89223
     61   2.69798  5.46518  2.45678  1.71465  4.36570  3.57630  3.79211  3.98131  1.93246  3.43598  4.50578  2.65852  4.00896  2.63488  2.61540  2.67502  3.02482  3.63260  5.89772  4.34060     63 e - - -
          2.68618  4.42225  2.77519  2.73123  3.46354  2.40513  3.72494  3.29354  2.67741  2.69355  4.24690  2.90347  2.73739  3.18146  2.89801  2.37887  2.77519  2.98518  4.58477  3.61503
          0.00840  5.18005  5.90240  0.61958  0.77255  0.47101  0.97915
     62   2.49266  4.44120  3.00423  3.05450  3.34833  3.84203  4.01528  2.01347  3.19933  2.08166  3.47323  3.00920  4.02651  3.31335  3.38900  2.76120  3.00766  2.31067  4.93905  3.03994     64 i - - -
          2.68618  4.42225  2.77519  2.73123  3.46354  2.40513  3.72494  3.29354  2.67741  2.69355  4.24690  2.90347  2.73739  3.18146  2.89801  2.37887  2.77519  2.98518  4.58477  3.61503
          0.00775  5.25966  5.98200  0.61958  0.77255  0.49146  0.94606
     63   2.56884  4.75626  3.10158  2.32380  4.38643  3.75310  3.88494  3.31963  1.97495  2.07226  4.21612  3.20207  3.69098  2.59230  2.65990  2.81135  3.09547  2.84198  5.51831  3.82862     65 k - - -
          2.68618  4.42225  2.77519  2.73123  3.46354  2.40513  3.72494  3.29354  2.67741  2.69355  4.24690  2.90347  2.73739  3.18146  2.89801  2.37887  2.77519  2.98518  4.58477  3.61503
          0.00757  5.28358  6.00593  0.61958  0.77255  0.54582  0.86599
     64   2.41514  5.50638  2.72472  2.41637  4.72475  3.10177  3.69661  3.97170  2.52058  3.63083  4.28592  2.71706  1.98488  2.88763  2.57501  2.50149  2.76310  3.64503  5.94090  3.70989     66 p - - -
          2.68618  4.42225  2.77519  2.73123  3.46354  2.40513  3.72494  3.29354  2.67741  2.69355  4.24690  2.90347  2.73739  3.18146  2.89801  2.37887  2.77519  2.98518  4.58477  3.61503
          0.00757  5.28358  6.00593  0.61958  0.77255  0.44996  1.01516
     65   2.85251  5.51124  2.41110  1.93281  2.93394  3.70311  3.71125  4.14098  2.11992  3.08273  4.13845  3.11449  4.10416  2.49075  2.33677  2.70618  3.22600  3.89950  5.94657  3.38069     67 e - - -
          2.68618  4.42225  2.77519  2.73123  3.46354  2.40513  3.72494  3.29354  2.67741  2.69355  4.24690  2.90347  2.73739  3.18146  2.89801  2.37887  2.77519  2.98518  4.58477  3.61503
          0.00744  5.29998  6.02232  0.61958  0.77255  0.48576  0.95510
     66   3.02391  4.59380  5.21155  4.60675  2.62511  4.44429  4.79428  1.37241  4.03356  1.42376  3.37738  4.60542  4.79140  4.53379  4.41820  3.69546  3.42557  1.78971  5.26852  4.09758     68 i - - -
          2.68618  4.42225  2.77519  2.73123  3.46354  2.40513  3.72494  3.29354  2.67741  2.69355  4.24690  2.90347  2.73739  3.18146  2.89801  2.37887  2.77519  2.98518  4.58477  3.61503
          0.00744  5.29998  6.02232  0.61958  0.77255  0.48576  0.95510
     67   2.60170  5.39670  3.25531  2.49123  4.08419  3.57617  3.23431  3.41811  1.79587  2.84892  3.94776  2.79419  4.09291  2.47772  2.71770  2.85436  3.11673  2.67813  5.40592  3.29998     69 k - - -
          2.68618  4.42225  2.77519  2.73123  3.46354  2.40513  3.72494  3.29354  2.67741  2.69355  4.24690  2.90347  2.73739  3.18146  2.89801  2.37887  2.77519  2.98518  4.58477  3.61503
          0.00744  5.29998  6.02232  0.61958  0.77255  0.48576  0.95510
     68   2.87623  4.47182  4.84259  4.14501  2.90170  4.21343  4.44624  2.77734  3.51667  1.55883  1.59779  4.14395  4.57902  4.22916  3.56295  3.35891  3.22718  2.72061  5.09018  2.23544     70 l - - -
          2.68618  4.42225  2.77519  2.73123  3.46354  2.40513  3.72494  3.29354  2.67741  2.69355  4.24690  2.90347  2.73739  3.18146  2.89801  2.37887  2.77519  2.98518  4.58477  3.61503
          0.00744  5.29998  6.02232  0.61958  0.77255  0.48576  0.95510
     69   3.06336  4.57431  5.14040  4.36951  3.03610  4.38732  4.72108  2.34836  4.15734  0.77010  2.81140  4.53937  4.73451  4.45180  4.34437  3.65498  3.17963  2.45321  5.19755  4.03403     71 l - - -
          2.68618  4.42225  2.77519  2.73123  3.46354  2.40513  3.72494  3.29354  2.67741  2.69355  4.24690  2.90347  2.73739  3.18146  2.89801  2.37887  2.77519  2.98518  4.58477  3.61503
          0.00744  5.29998  6.02232  0.61958  0.77255  0.48576  0.95510
     70   2.96449  5.26184  3.27387  2.62268  4.60778  3.75554  3.91476  3.29041  1.34493  3.16546  4.13543  2.66316  4.19554  2.88294  2.08539  2.87000  3.14208  3.52276  5.88837  3.63946     72 k - - -
          2.68618  4.42225  2.77519  2.73123  3.46354  2.40513  3.72494  3.29354  2.67741  2.69355  4.24690  2.90347  2.73739  3.18146  2.89801  2.37887  2.77519  2.98518  4.58477  3.61503
          0.00744  5.29998  6.02232  0.61958  0.77255  0.48576  0.95510
     71   1.72049  4.53424  4.54851  3.96073  3.57943  4.16898  4.47525  2.42621  3.83753  2.66813  3.18279  4.15956  1.67371  3.92701  4.01101  2.82255  3.21655  1.99950  5.14809  3.75524     73 p - - -
          2.68618  4.42225  2.77519  2.73123  3.46354  2.40513  3.72494  3.29354  2.67741  2.69355  4.24690  2.90347  2.73739  3.18146  2.89801  2.37887  2.77519  2.98518  4.58477  3.61503
          0.00744  5.29998  6.02232  0.61958  0.77255  0.48576  0.95510
     72   3.02245  5.46664  3.29896  2.68740  4.33074  3.80524  3.45054  3.72456  1.17193  3.41134  4.26574  3.02943  4.19743  2.55925  2.21499  2.97713  3.13593  3.66751  5.91247  3.83944     74 k - - -
          2.68618  4.42225  2.77519  2.73123  3.46354  2.40513  3.72494  3.29354  2.67741  2.69355  4.24690  2.90347  2.73739  3.18146  2.89801  2.37887  2.77519  2.98518  4.58477  3.61503
          0.00744  5.29998  6.02232  0.61958  0.77255  0.48576  0.95510
     73   2.22446  4.28057  5.02043  4.40604  2.57187  4.13874  4.08842  2.38172  4.19380  1.33291  2.78294  4.39585  4.60126  4.32738  4.20649  3.35824  3.10424  1.83738  5.06793  3.84274     75 l - - -
          2.68618  4.42225  2.77519  2.73123  3.46354  2.40513  3.72494  3.29354  2.67741  2.69355  4.24690  2.90347  2.73739  3.18146  2.89801  2.37887  2.77519  2.98518  4.58477  3.61503
          0.00744  5.29998  6.02232  0.61958  0.77255  0.48576  0.95510
     74   1.05377  4.61739  4.24991  3.34446  3.63447  4.04151  4.25969  2.63523  3.54773  2.58845  3.53149  3.60203  4.48070  3.62617  3.72542  3.18277  2.98028  2.17488  5.21890  3.56246     76 a - - -
          2.68618  4.42225  2.77519  2.73123  3.46354  2.40513  3.72494  3.29354  2.67741  2.69355  4.24690  2.90347  2.73739  3.18146  2.89801  2.37887  2.77519  2.98518  4.58477  3.61503
          0.00744  5.29998  6.02232  0.61958  0.77255  0.48576  0.95510
     75   4.31904  5.83074  5.53295  5.24423  2.86498  4.64424  4.27636  4.26511  4.98340  3.85292  5.05007  4.55159  5.62468  5.05474  5.02216  4.46786  4.79759  4.18463  4.43217  0.25938     77 Y - - -
          2.68618  4.42225  2.77519  2.73123  3.46354  2.40513  3.72494  3.29354  2.67741  2.69355  4.24690  2.90347  2.73739  3.18146  2.89801  2.37887  2.77519  2.98518  4.58477  3.61503
          0.00744  5.29998  6.02232  0.61958  0.77255  0.48576  0.95510
     76   1.41530  5.47031  3.00915  2.14481  4.47267  3.48342  3.98393  3.86974  2.71275  3.58594  3.83840  3.06366  4.18745  2.20326  3.06873  2.61320  2.88564  3.58335  5.91610  4.51851     78 a - - -
          2.68618  4.42225  2.77519  2.73123  3.46354  2.40513  3.72494  3.29354  2.67741  2.69355  4.24690  2.90347  2.73739  3.18146  2.89801  2.37887  2.77519  2.98518  4.58477  3.61503
          0.00744  5.29998  6.02232  0.61958  0.77255  0.48576  0.95510
     77   1.65491  3.69380  3.29348  2.63320  4.26989  3.57126  3.80531  3.53924  2.24976  3.23055  4.21442  3.11108  4.23158  2.90087  2.85234  2.40045  2.91089  2.55384  5.46204  3.77186     79 a - - -
          2.68618  4.42225  2.77519  2.73123  3.46354  2.40513  3.72494  3.29354  2.67741  2.69355  4.24690  2.90347  2.73739  3.18146  2.89801  2.37887  2.77519  2.98518  4.58477  3.61503
          0.00744  5.29998  6.02232  0.61958  0.77255  0.48576  0.95510
     78   2.05928  5.49293  3.29344  2.66232  4.81862  1.24128  3.92560  4.28457  2.51978  3.79054  4.54813  2.96444  4.15393  3.03914  2.84308  2.66207  3.24243  3.82946  5.94323  4.55208     80 g - - -
          2.68618  4.42225  2.77519  2.73123  3.46354  2.40513  3.72494  3.29354  2.67741  2.69355  4.24690  2.90347  2.73739  3.18146  2.89801  2.37887  2.77519  2.98518  4.58477  3.61503
          0.00744  5.29998  6.02232  0.61958  0.77255  0.48576  0.95510
     79   3.71008  5.05757  4.42997  3.50803  5.54637  4.48975  4.37702  4.84771  2.26888  4.24483  5.11028  3.83751  4.33842  3.50435  0.44599  3.62551  4.03404  4.51847  6.25332  5.12790     81 R - - -
          2.68618  4.42225  2.77519  2.73123  3.46354  2.40513  3.72494  3.29354  2.67741  2.69355  4.24690  2.90347  2.73739  3.18146  2.89801  2.37887  2.77519  2.98518  4.58477  3.61503
          0.01352  5.29998  4.77473  0.61958  0.77255  0.48576  0.95510
     80   2.61051  5.51893  2.35075  1.87174  3.92079  3.07476  3.44361  3.99497  2.06223  3.57975  4.27480  2.45915  4.09875  2.40551  3.02665  2.83838  3.04102  3.65593  5.95150  4.38650     82 e - - -
          2.68618  4.42225  2.77519  2.73123  3.46354  2.40513  3.72494  3.29354  2.67741  2.69355  4.24690  2.90347  2.73739  3.18146  2.89801  2.37887  2.77519  2.98518  4.58477  3.61503
          0.09279  5.29394  2.48176  0.61958  0.77255  0.48665  0.95369
     81   2.77069  5.30081  2.83371  2.34279  4.39201  3.12685  3.14301  3.95124  2.12276  2.42198  4.45546  2.64671  3.19339  2.70846  2.70421  2.44251  2.95985  3.25799  5.90497  4.31068     83 k - - -
          2.68618  4.42225  2.77519  2.73123  3.46354  2.40513  3.72494  3.29354  2.67741  2.69355  4.24690  2.90347  2.73739  3.18146  2.89801  2.37887  2.77519  2.98518  4.58477  3.61503
          0.02088  5.21319  4.18515  0.61958  0.77255  0.34572  1.23001
     82   2.19241  5.02622  2.79777  2.47498  4.66553  2.69146  3.95151  2.60568  2.25829  3.48890  3.97033  2.89332  4.04985  2.98997  3.12479  2.49966  3.11748  2.30916  5.84320  4.08665     84 a - - -
          2.68618  4.42225  2.77519  2.73123  3.46354  2.40513  3.72494  3.29354  2.67741  2.69355  4.24690  2.90347  2.73739  3.18146  2.89801  2.37887  2.77519  2.98518  4.58477  3.61503
          0.01019  5.28838  5.28070  0.61958  0.77255  0.45981  0.99805
     83   2.51524  4.55282  2.90065  3.54182  3.54257  3.42905  4.28157  2.55358  3.37952  2.22555  3.22091  3.33399  3.06122  3.79977  3.71364  2.78692  2.70256  1.63052  4.66208  3.62926     85 v - - -
          2.68618  4.42225  2.77519  2.73123  3.46354  2.40513  3.72494  3.29354  2.67741  2.69355  4.24690  2.90347  2.73739  3.18146  2.89801  2.37887  2.77519  2.98518  4.58477  3.61503
          0.01254  5.29737  4.89805  0.61958  0.77255  0.47964  0.96497
     84   2.85220  5.25666  2.47677  2.11713  4.86546  3.27438  3.83116  4.21115  1.42523  3.69224  4.22793  3.02531  3.60153  2.59037  2.59567  2.86457  3.07181  3.64191  5.51278  4.45066     86 k - - -
          2.68618  4.42225  2.77519  2.73123  3.46354  2.40513  3.72494  3.29354  2.67741  2.69355  4.24690  2.90347  2.73739  3.18146  2.89801  2.37887  2.77519  2.98518  4.58477  3.61503
          0.00748  5.29495  6.01729  0.61958  0.77255  0.47411  0.97402
     85   2.56391  4.93561  2.27233  1.97468  4.52207  3.35680  3.81739  3.84539  2.22428  3.42667  4.41188  2.40223  2.85828  2.90286  2.91974  2.58560  2.89232  3.62650  5.64374  4.23784     87 e - - -
          2.68618  4.42225  2.77519  2.73123  3.46354  2.40513  3.72494  3.29354  2.67741  2.69355  4.24690  2.90347  2.73739  3.18146  2.89801  2.37887  2.77519  2.98518  4.58477  3.61503
          0.00744  5.29998  6.02232  0.61958  0.77255  0.48576  0.95510
     86   3.96425  5.25622  5.83585  4.84854  0.80356  5.18555  5.29990  2.92235  5.07432  1.22903  3.27784  5.29651  5.38991  5.05082  5.04479  4.52746  4.17821  3.16482  5.50961  3.83732     88 f - - -
          2.68618  4.42225  2.77519  2.73123  3.46354  2.40513  3.72494  3.29354  2.67741  2.69355  4.24690  2.90347  2.73739  3.18146  2.89801  2.37887  2.77519  2.98518  4.58477  3.61503
          0.00744  5.29998  6.02232  0.61958  0.77255  0.48576  0.95510
     87   2.56222  4.26154  3.44556  2.53665  3.42004  3.64725  4.10867  2.84488  2.32243  2.64310  3.41299  3.39100  4.33216  3.07669  2.94852  2.74613  3.00464  1.92682  5.48778  2.92879     89 v - - -
          2.68618  4.42225  2.77519  2.73123  3.46354  2.40513  3.72494  3.29354  2.67741  2.69355  4.24690  2.90347  2.73739  3.18146  2.89801  2.37887  2.77519  2.98518  4.58477  3.61503
          0.00744  5.29998  6.02232  0.61958  0.77255  0.48576  0.95510
     88   2.13851  5.13735  2.37611  2.08076  4.13412  3.41302  3.82075  3.91544  2.18317  3.48778  4.28699  2.60379  4.10662  2.64414  2.87869  2.40479  2.78535  3.66886  5.95224  4.34889     90 e - - -
          2.68618  4.42225  2.77519  2.73123  3.46354  2.40513  3.72494  3.29354  2.67741  2.69355  4.24690  2.90347  2.73739  3.18146  2.89801  2.37887  2.77519  2.98518  4.58477  3.61503
          0.00744  5.29998  6.02232  0.61958  0.77255  0.48576  0.95510
     89   2.82606  4.58998  3.47259  3.14271  2.15664  3.26177  3.73357  2.59028  2.84881  2.10345  3.43396  3.26564  4.33896  3.40576  3.38473  3.06963  3.08175  1.92999  4.13480  3.93793     91 v - - -
          2.68618  4.42225  2.77519  2.73123  3.46354  2.40513  3.72494  3.29354  2.67741  2.69355  4.24690  2.90347  2.73739  3.18146  2.89801  2.37887  2.77519  2.98518  4.58477  3.61503
          0.00744  5.29998  6.02232  0.61958  0.77255  0.48576  0.95510
     90   3.10500  4.36644  5.21075  4.59782  2.51176  4.42719  4.76046  1.54909  4.38749  1.26889  2.23765  4.59152  4.63462  4.39819  4.38945  3.74327  3.42792  2.44345  5.21612  3.93160     92 l - - -
          2.68618  4.42225  2.77519  2.73123  3.46354  2.40513  3.72494  3.29354  2.67741  2.69355  4.24690  2.90347  2.73739  3.18146  2.89801  2.37887  2.77519  2.98518  4.58477  3.61503
          0.00744  5.29998  6.02232  0.61958  0.77255  0.48576  0.95510
     91   2.73534  5.11252  2.43078  2.35554  3.96147  3.52761  3.75502  3.31912  2.14333  2.51977  3.86505  2.67598  4.07650  2.85750  2.87164  2.24530  2.73897  3.52378  5.10037  4.29336     93 k - - -
          2.68618  4.42225  2.77519  2.73123  3.46354  2.40513  3.72494  3.29354  2.67741  2.69355  4.24690  2.90347  2.73739  3.18146  2.89801  2.37887  2.77519  2.98518  4.58477  3.61503
          0.00744  5.29998  6.02232  0.61958  0.77255  0.48576  0.95510
     92   2.46848  5.02374  2.47363  1.97050  4.68307  3.59589  3.12991  4.04545  2.19494  3.25036  4.09910  2.71047  3.10105  2.64473  2.84956  2.54626  2.94040  3.55462  5.46400  4.13718     94 e - - -
          2.68618  4.42225  2.77519  2.73123  3.46354  2.40513  3.72494  3.29354  2.67741  2.69355  4.24690  2.90347  2.73739  3.18146  2.89801  2.37887  2.77519  2.98518  4.58477  3.61503
          0.00744  5.29998  6.02232  0.61958  0.77255  0.48576  0.95510
     93   1.78637  2.65193  4.20299  3.52573  3.63928  3.18163  3.39784  2.40023  3.40445  2.10480  3.29380  3.19723  4.23677  3.67088  3.65723  2.92249  3.14533  2.52477  4.70395  3.19856     95 a - - -
          2.68618  4.42225  2.77519  2.73123  3.46354  2.40513  3.72494  3.29354  2.67741  2.69355  4.24690  2.90347  2.73739  3.18146  2.89801  2.37887  2.77519  2.98518  4.58477  3.61503
          0.00744  5.29998  6.02232  0.61958  0.77255  0.48576  0.95510
     94   2.89099  4.35523  5.01971  4.40575  3.42345  4.06036  4.28063  1.19120  4.19444  1.60147  3.20530  4.39752  4.60395  4.32877  4.20853  3.47419  2.98030  2.09363  4.88512  3.68360     96 i - - -
          2.68618  4.42225  2.77519  2.73123  3.46354  2.40513  3.72494  3.29354  2.67741  2.69355  4.24690  2.90347  2.73739  3.18146  2.89801  2.37887  2.77519  2.98518  4.58477  3.61503
          0.00964  5.29998  5.38022  0.61958  0.77255  0.48576  0.95510
     95   2.74781  5.26522  1.57849  2.28510  4.65704  3.25829  3.88763  4.35383  1.98292  3.70930  4.46410  2.72647  3.84843  2.78603  2.78965  2.62877  3.04151  3.81029  5.95412  4.32752     97 d - - -
          2.68618  4.42225  2.77519  2.73123  3.46354  2.40513  3.72494  3.29354  2.67741  2.69355  4.24690  2.90347  2.73739  3.18146  2.89801  2.37887  2.77519  2.98518  4.58477  3.61503
          0.00950  5.29779  5.41536  0.61958  0.77255  0.48062  0.96338
     96   2.47437  4.65783  2.95118  2.21781  4.28843  3.13286  3.62085  3.87573  1.88865  3.05431  3.98944  2.91150  4.18046  2.10880  2.80948  2.60704  3.07354  3.62536  5.08236  3.95014     98 k - - -
          2.68618  4.42225  2.77519  2.73123  3.46354  2.40513  3.72494  3.29354  2.67741  2.69355  4.24690  2.90347  2.73739  3.18146  2.89801  2.37887  2.77519  2.98518  4.58477  3.61503
          0.02716  5.29796  3.82620  0.61958  0.77255  0.48102  0.96274
     97   2.79968  4.55425  5.59589  5.04289  4.13785  4.93439  5.39823  1.07291  4.89264  2.48194  3.51728  5.09149  5.24764  5.07418  4.95940  4.08014  3.49858  1.06749  5.85688  4.65961     99 v - - -
          2.68618  4.42225  2.77519  2.73123  3.46354  2.40513  3.72494  3.29354  2.67741  2.69355  4.24690  2.90347  2.73739  3.18146  2.89801  2.37887  2.77519  2.98518  4.58477  3.61503
          0.01295  5.28046  4.85723  0.61958  0.77255  0.44381  1.02607
     98   2.90611  5.08477  2.65633  2.14403  4.57690  2.56387  3.43878  3.69627  1.89552  3.45343  4.42787  2.41799  4.09244  2.57652  2.86520  2.66134  2.79966  3.52855  5.95132  4.40144    100 k - - -
          2.68618  4.42225  2.77519  2.73123  3.46354  2.40513  3.72494  3.29354  2.67741  2.69355  4.24690  2.90347  2.73739  3.18146  2.89801  2.37887  2.77519  2.98518  4.58477  3.61503
          0.03324  5.29477  3.58703  0.61958  0.77255  0.50535  0.92455
     99   2.82352  5.20728  2.02763  2.38520  4.57561  3.05403  3.77931  4.25593  2.23235  3.69458  4.37671  2.45264  4.07855  2.79819  2.85282  2.15587  2.33174  3.77645  5.93936  4.41007    101 d - - -
          2.68618  4.42225  2.77519  2.73123  3.46354  2.40513  3.72494  3.29354  2.67741  2.69355  4.24690  2.90347  2.73739  3.18146  2.89801  2.37887  2.77519  2.98518  4.58477  3.61503
          0.00952  5.26920  5.44376  0.61958  0.77255  0.45053  1.01415
    100   2.48095  5.19398  2.98316  2.23704  4.35667  3.71630  3.85974  3.48521  1.79135  3.17624  4.10944  3.13774  2.85977  2.81608  2.41478  2.73118  2.90836  3.03898  4.95434  4.19400    102 k - - -
          2.68618  4.42225  2.77519  2.73123  3.46354  2.40513  3.72494  3.29354  2.67741  2.69355  4.24690  2.90347  2.73739  3.18146  2.89801  2.37887  2.77519  2.98518  4.58477  3.61503
          0.00750  5.29299  6.01533  0.61958  0.77255  0.50105  0.93113
    101   2.59808  5.35152  2.49272  1.69534  4.76924  3.44545  3.83172  4.30532  1.79082  3.59852  4.56088  2.89653  3.90855  2.60124  2.74507  2.69293  2.98919  3.73068  5.06839  4.38632    103 e - - -
          2.68618  4.42225  2.77519  2.73123  3.46354  2.40513  3.72494  3.29354  2.67741  2.69355  4.24690  2.90347  2.73739  3.18146  2.89801  2.37887  2.77519  2.98518  4.58477  3.61503
          0.00748  5.29477  6.01711  0.61958  0.77255  0.47370  0.97469
    102   2.66649  5.52210  1.70390  2.44634  4.57919  3.54556  3.42097  4.35360  2.20447  3.67731  4.42816  2.67459  4.17796  2.73129  2.61236  2.59043  2.47361  3.81282  5.95461  3.96217    104 d - - -
          2.68618  4.42225  2.77519  2.73123  3.46354  2.40513  3.72494  3.29354  2.67741  2.69355  4.24690  2.90347  2.73739  3.18146  2.89801  2.37887  2.77519  2.98518  4.58477  3.61503
          0.00744  5.29998  6.02232  0.61958  0.77255  0.48576  0.95510
    103   3.00736  4.37489  5.08897  4.48069  1.22362  4.33173  4.45475  2.82365  4.27409  1.50259  3.30116  4.47775  4.68589  4.39902  4.28972  3.64382  3.35810  2.61957  5.10067  2.49617    105 f - - -
          2.68618  4.42225  2.77519  2.73123  3.46354  2.40513  3.72494  3.29354  2.67741  2.69355  4.24690  2.90347  2.73739  3.18146  2.89801  2.37887  2.77519  2.98518  4.58477  3.61503
          0.00849  5.29998  5.66687  0.61958  0.77255  0.48576  0.95510
    104   2.90811  5.21922  2.63394  1.92512  4.38091  3.58334  3.51611  2.84017  1.98461  2.95523  4.15874  2.77378  4.07275  2.60508  2.49207  2.85517  2.99821  3.68185  5.61741  4.10583    106 e - - -
          2.68618  4.42225  2.77519  2.73123  3.46354  2.40513  3.72494  3.29354  2.67741  2.69355  4.24690  2.90347  2.73739  3.18146  2.89801  2.37887  2.77519  2.98518  4.58477  3.61503
          0.00745  5.29894  6.02129  0.61958  0.77255  0.48969  0.94885
    105   2.48657  5.08043  2.80397  2.56409  4.48717  3.57486  3.14492  3.55240  2.45244  2.82961  4.31726  2.19152  4.18701  2.91935  1.94356  2.80194  3.04218  2.88677  5.91512  4.37422    107 r - - -
          2.68618  4.42225  2.77519  2.73123  3.46354  2.40513  3.72494  3.29354  2.67741  2.69355  4.24690  2.90347  2.73739  3.18146  2.89801  2.37887  2.77519  2.98518  4.58477  3.61503
          0.00745  5.29894  6.02129  0.61958  0.77255  0.48969  0.94885
    106   2.57874  4.09757  4.98221  4.37114  0.99407  3.96939  4.56715  2.75950  4.16831  2.10276  3.30999  4.38156  4.60133  4.30953  4.19600  3.45859  3.25861  2.56861  5.07563  3.04912    108 f - - -
          2.68618  4.42225  2.77519  2.73123  3.46354  2.40513  3.72494  3.29354  2.67741  2.69355  4.24690  2.90347  2.73739  3.18146  2.89801  2.37887  2.77519  2.98518  4.58477  3.61503
          0.00745  5.29894  6.02129  0.61958  0.77255  0.48969  0.94885
    107   2.21512  2.49607  4.36488  3.64241  3.39008  4.04952  4.12739  2.69654  2.21944  2.41752  3.01528  3.72561  4.50313  3.68572  3.40017  2.91174  3.01833  1.90724  5.18519  3.29602    109 v - - -
          2.68618  4.42225  2.77519  2.73123  3.46354  2.40513  3.72494  3.29354  2.67741  2.69355  4.24690  2.90347  2.73739  3.18146  2.89801  2.37887  2.77519  2.98518  4.58477  3.61503
          0.00745  5.29894  6.02129  0.61958  0.77255  0.48969  0.94885
    108   2.91002  5.24291  2.30748  2.49978  4.66200  3.68908  3.01987  4.25270  2.04355  2.54456  4.23873  2.53993  4.17792  2.46305  2.27570  2.69643  2.99256  3.90907  5.95211  4.11769    110 k - - -
          2.68618  4.42225  2.77519  2.73123  3.46354  2.40513  3.72494  3.29354  2.67741  2.69355  4.24690  2.90347  2.73739  3.18146  2.89801  2.37887  2.77519  2.98518  4.58477  3.61503
          0.00745  5.29894  6.02129  0.61958  0.77255  0.48969  0.94885
    109   3.12358  4.54236  5.05151  4.45104  1.39114  4.32160  3.21704  2.69184  4.24932  1.82723  3.43093  4.44932  4.67982  4.37884  4.27406  3.63244  3.32559  2.55567  5.03612  1.85838    111 f - - -
          2.68618  4.42225  2.77519  2.73123  3.46354  2.40513  3.72494  3.29354  2.67741  2.69355  4.24690  2.90347  2.73739  3.18146  2.89801  2.37887  2.77519  2.98518  4.58477  3.61503
          0.00745  5.29894  6.02129  0.61958  0.77255  0.48969  0.94885
    110   2.99223  4.45437  5.04144  4.42659  1.41339  4.25020  4.58263  2.26764  4.21228  2.21889  1.86374  4.29288  4.61249  4.34264  4.22095  3.49197  3.19358  2.23285  4.61074  3.51096    112 f - - -
          2.68618  4.42225  2.77519  2.73123  3.46354  2.40513  3.72494  3.29354  2.67741  2.69355  4.24690  2.90347  2.73739  3.18146  2.89801  2.37887  2.77519  2.98518  4.58477  3.61503
          0.00745  5.29894  6.02129  0.61958  0.77255  0.48969  0.94885
    111   3.30388  5.78342  3.01041  0.60486  5.10437  3.91891  4.21149  4.42709  2.90427  4.07397  4.50136  3.38746  4.38933  3.15479  3.38738  3.20846  3.20888  4.16487  6.22079  4.80700    113 E - - -
          2.68618  4.42225  2.77519  2.73123  3.46354  2.40513  3.72494  3.29354  2.67741  2.69355  4.24690  2.90347  2.73739  3.18146  2.89801  2.37887  2.77519  2.98518  4.58477  3.61503
          0.00745  5.29894  6.02129  0.61958  0.77255  0.48969  0.94885
    112   0.59048  5.02357  4.14910  3.39192  4.75829  3.47800  4.72636  3.98037  3.65883  3.82964  4.41405  3.97467  4.32251  3.96923  4.03316  2.10298  3.33859  3.60270  6.11471  4.87137    114 A - - -
          2.68618  4.42225  2.77519  2.73123  3.46354  2.40513  3.72494  3.29354  2.67741  2.69355  4.24690  2.90347  2.73739  3.18146  2.89801  2.37887  2.77519  2.98518  4.58477  3.61503
          0.01038  5.29894  5.23406  0.61958  0.77255  0.48969  0.94885
    113   3.38838  4.79267  5.45938  4.86392  2.58047  4.71419  5.07678  1.28809  4.67239  1.44690  3.29421  4.87941  5.02671  4.77948  4.68227  4.04359  3.36659  1.63745  5.49507  4.19737    115 i - - -
          2.68618  4.42225  2.77519  2.73123  3.46354  2.40513  3.72494  3.29354  2.67741  2.69355  4.24690  2.90347  2.73739  3.18146  2.89801  2.37887  2.77519  2.98518  4.58477  3.61503
          0.00747  5.29603  6.01838  0.61958  0.77255  0.50064  0.93177
    114   3.39266  4.45351  5.44032  4.85466  3.86926  4.70978  5.09652  1.80518  4.67056  1.74614  2.57161  4.87229  5.03393  4.80661  4.69704  4.04204  3.48989  0.96826  5.54432  3.97592    116 v - - -
          2.68618  4.42225  2.77519  2.73123  3.46354  2.40513  3.72494  3.29354  2.67741  2.69355  4.24690  2.90347  2.73739  3.18146  2.89801  2.37887  2.77519  2.98518  4.58477  3.61503
          0.00747  5.29603  6.01838  0.61958  0.77255  0.50064  0.93177
    115   0.46079  5.09733  4.24213  4.59836  5.78959  1.61449  5.68089  5.28148  4.91612  4.96231  5.72783  4.48602  4.69435  5.02659  5.11282  3.25871  3.72918  4.43813  7.11923  6.00656    117 A - - -
          2.68618  4.42225  2.77519  2.73123  3.46354  2.40513  3.72494  3.29354  2.67741  2.69355  4.24690  2.90347  2.73739  3.18146  2.89801  2.37887  2.77519  2.98518  4.58477  3.61503
          0.00747  5.29603  6.01838  0.61958  0.77255  0.50064  0.93177
    116   5.57338  6.34556  6.22962  6.28179  1.30694  5.88631  4.38110  5.08620  6.03625  4.13686  5.56738  5.34867  6.11729  5.55865  5.74762  5.30918  5.74613  5.06084  3.81181  0.46886    118 Y - - -
          2.68618  4.42225  2.77519  2.73123  3.46354  2.40513  3.72494  3.29354  2.67741  2.69355  4.24690  2.90347  2.73739  3.18146  2.89801  2.37887  2.77519  2.98518  4.58477  3.61503
          0.00747  5.29603  6.01838  0.61958  0.77255  0.50064  0.93177
    117   2.79896  3.87854  3.90496  3.33774  2.83950  3.94833  1.37984  3.20778  3.14722  2.79996  3.67973  3.46997  4.39673  3.28600  3.04350  2.91253  3.19770  3.01256  5.35151  2.44926    119 h - - -
          2.68618  4.42225  2.77519  2.73123  3.46354  2.40513  3.72494  3.29354  2.67741  2.69355  4.24690  2.90347  2.73739  3.18146  2.89801  2.37887  2.77519  2.98518  4.58477  3.61503
          0.00747  5.29603  6.01838  0.61958  0.77255  0.50064  0.93177
    118   3.05782  5.51901  3.32500  2.68867  4.85473  3.80201  4.01913  4.31406  1.04111  3.71729  4.56694  3.25594  3.85324  3.10470  2.03746  3.00116  3.06918  3.82804  5.60850  3.23708    120 k - - -
          2.68618  4.42225  2.77519  2.73123  3.46354  2.40513  3.72494  3.29354  2.67741  2.69355  4.24690  2.90347  2.73739  3.18146  2.89801  2.37887  2.77519  2.98518  4.58477  3.61503
          0.01627  5.29603  4.49818  0.61958  0.77255  0.50064  0.93177
    119   1.98305  4.82783  3.67144  2.84203  2.13466  3.14315  4.16335  3.28994  2.89222  2.60144  3.54776  3.63335  4.24773  3.13290  3.42656  3.05444  3.15498  2.90341  5.39942  2.02502    121 a - - -
          2.68618  4.42225  2.77519  2.73123  3.46354  2.40513  3.72494  3.29354  2.67741  2.69355  4.24690  2.90347  2.73739  3.18146  2.89801  2.37887  2.77519  2.98518  4.58477  3.61503
          0.01706  5.28730  4.43428  0.61958  0.77255  0.53260  0.88449
    120   2.58633  4.70524  3.47812  2.40180  2.94652  3.88678  2.80080  3.53519  2.61883  2.62195  3.92197  3.07787  4.27393  3.09216  3.21537  2.91762  3.22027  3.15384  5.59026  1.71491    122 y - - -
          2.68618  4.42225  2.77519  2.73123  3.46354  2.40513  3.72494  3.29354  2.67741  2.69355  4.24690  2.90347  2.73739  3.18146  2.89801  2.37887  2.77519  2.98518  4.58477  3.61503
          0.02919  5.27785  3.74370  0.61958  0.77255  0.56579  0.83913
    121   2.68006  5.48763  3.08344  2.12330  4.69347  1.44902  3.65074  4.09767  2.49695  3.74514  4.40243  2.86605  4.15950  2.92313  2.71273  2.59898  3.01887  3.66601  5.92366  4.34337    123 g - - -
          2.68618  4.42225  2.77519  2.73123  3.46354  2.40513  3.72494  3.29354  2.67741  2.69355  4.24690  2.90347  2.73739  3.18146  2.89801  2.37887  2.77519  2.98518  4.58477  3.61503
          0.07936  5.25643  2.64398  0.61958  0.77255  0.62427  0.76712
    122   2.82036  5.43811  3.00922  2.31540  4.44059  1.46523  3.85671  4.05343  2.29714  3.61365  4.21780  2.93592  2.93740  2.97463  3.01140  2.72180  2.92881  3.74935  5.53182  4.47540    124 g - - -
          2.68618  4.42225  2.77519  2.73123  3.46354  2.40513  3.72494  3.29354  2.67741  2.69355  4.24690  2.90347  2.73739  3.18146  2.89801  2.37887  2.77519  2.98518  4.58477  3.61503
          0.05592  5.18757  3.02011  0.61958  0.77255  0.56711  0.83740
    123   2.91317  5.47488  2.78496  2.29612  4.82082  3.27824  3.88680  4.30697  1.40096  3.78022  4.51546  2.77665  4.07513  2.63851  2.20743  2.63082  3.02343  3.80814  5.58847  4.42319    125 k - - -
          2.68618  4.42225  2.77519  2.73123  3.46354  2.40513  3.72494  3.29354  2.67741  2.69355  4.24690  2.90347  2.73739  3.18146  2.89801  2.37887  2.77519  2.98518  4.58477  3.61503
          0.22662  5.19481  1.62337  0.61958  0.77255  0.80783  0.59027
    124   2.82087  5.38871  1.73405  1.96493  4.47911  3.46041  3.78262  4.21902  2.17986  3.69346  4.35161  2.32421  4.04113  2.84768  2.73946  2.74721  3.07382  3.70574  5.82128  4.40950    126 d - - -
          2.68618  4.42225  2.77519  2.73123  3.46354  2.40513  3.72494  3.29354  2.67741  2.69355  4.24690  2.90347  2.73739  3.18146  2.89801  2.37887  2.77519  2.98518  4.58477  3.61503
          0.00693  4.97511        *  0.61958  0.77255  0.00000        *
//
