HMMER3/f [3.2.1 | June 2018]
NAME  DND_DndE
LENG  117
ALPH  amino
RF    no
MM    no
CONS  yes
CS    no
MAP   yes
DATE  Fri Jun 18 18:44:15 2021
NSEQ  7
EFFN  0.543457
CKSUM 4145318997
STATS LOCAL MSV       -9.5281  0.71399
STATS LOCAL VITERBI  -10.3848  0.71399
STATS LOCAL FORWARD   -4.0923  0.71399
HMM          A        C        D        E        F        G        H        I        K        L        M        N        P        Q        R        S        T        V        W        Y   
            m->m     m->i     m->d     i->m     i->i     d->m     d->d
  COMPO   2.55738  4.56675  2.97329  2.69370  3.32758  2.97765  3.78786  2.76197  2.60902  2.27092  3.53452  3.08494  3.42288  3.16336  2.86370  2.71691  2.83348  2.68731  4.32950  3.47632
          2.68618  4.42225  2.77519  2.73123  3.46354  2.40513  3.72494  3.29354  2.67741  2.69355  4.24690  2.90347  2.73739  3.18146  2.89801  2.37887  2.77519  2.98518  4.58477  3.61503
          0.08239  3.90383  2.83146  0.61958  0.77255  0.00000        *
      1   2.95451  4.50635  4.02911  3.62130  3.19981  3.81990  4.36085  2.37353  3.39035  1.79750  1.41488  3.90109  4.28054  3.77357  3.59787  3.30155  3.25951  2.37739  5.03800  3.79800      1 m - - -
          2.68618  4.42225  2.77519  2.73123  3.46354  2.40513  3.72494  3.29354  2.67741  2.69355  4.24690  2.90347  2.73739  3.18146  2.89801  2.37887  2.77519  2.98518  4.58477  3.61503
          0.03201  3.85345  4.57579  0.61958  0.77255  0.53102  0.88674
      2   3.13413  4.60216  4.15887  3.79884  3.12881  3.95782  4.46055  2.33206  3.56677  0.89898  3.15808  4.07614  4.39659  3.93965  3.74586  3.52676  3.42933  2.36442  5.00099  3.71984      2 l - - -
          2.68618  4.42225  2.77519  2.73123  3.46354  2.40513  3.72494  3.29354  2.67741  2.69355  4.24690  2.90347  2.73739  3.18146  2.89801  2.37887  2.77519  2.98518  4.58477  3.61503
          0.03201  3.85345  4.57579  0.61958  0.77255  0.53102  0.88674
      3   2.72686  4.48716  3.33201  3.16846  4.16493  3.17575  4.24733  3.70563  3.22416  3.33446  4.38363  3.47698  0.86376  3.61353  3.47169  2.89380  3.16697  3.35315  5.35652  4.28540      3 p - - -
          2.68618  4.42225  2.77519  2.73123  3.46354  2.40513  3.72494  3.29354  2.67741  2.69355  4.24690  2.90347  2.73739  3.18146  2.89801  2.37887  2.77519  2.98518  4.58477  3.61503
          0.03201  3.85345  4.57579  0.61958  0.77255  0.53102  0.88674
      4   2.70800  4.70361  2.69839  2.58204  4.06418  3.17147  3.90620  3.77065  2.80841  3.41974  4.37526  1.19218  3.82250  3.17909  3.16228  2.77602  3.08933  3.39478  5.37230  4.01401      4 n - - -
          2.68618  4.42225  2.77519  2.73123  3.46354  2.40513  3.72494  3.29354  2.67741  2.69355  4.24690  2.90347  2.73739  3.18146  2.89801  2.37887  2.77519  2.98518  4.58477  3.61503
          0.03201  3.85345  4.57579  0.61958  0.77255  0.53102  0.88674
      5   2.98437  4.82444  3.47312  2.98842  4.17421  3.47575  3.81110  3.71477  2.23059  3.23418  4.23504  3.34951  3.97943  3.03254  1.00785  3.06957  3.25174  3.43959  5.26508  4.10590      5 r - - -
          2.68618  4.42225  2.77519  2.73123  3.46354  2.40513  3.72494  3.29354  2.67741  2.69355  4.24690  2.90347  2.73739  3.18146  2.89801  2.37887  2.77519  2.98518  4.58477  3.61503
          0.03201  3.85345  4.57579  0.61958  0.77255  0.53102  0.88674
      6   2.95451  4.50635  4.02911  3.62130  3.19981  3.81990  4.36085  2.37353  3.39035  1.79750  1.41488  3.90109  4.28054  3.77357  3.59787  3.30155  3.25951  2.37739  5.03800  3.79800      6 m - - -
          2.68618  4.42225  2.77519  2.73123  3.46354  2.40513  3.72494  3.29354  2.67741  2.69355  4.24690  2.90347  2.73739  3.18146  2.89801  2.37887  2.77519  2.98518  4.58477  3.61503
          0.03201  3.85345  4.57579  0.61958  0.77255  0.53102  0.88674
      7   2.57897  4.60839  3.04372  2.52669  3.81067  3.40295  3.64126  3.18853  2.41892  2.83682  3.27768  2.66833  3.81617  2.27995  2.80616  2.66281  2.81934  2.69437  5.14217  3.84148      7 q - - -
          2.68618  4.42225  2.77519  2.73123  3.46354  2.40513  3.72494  3.29354  2.67741  2.69355  4.24690  2.90347  2.73739  3.18146  2.89801  2.37887  2.77519  2.98518  4.58477  3.61503
          0.03201  3.85345  4.57579  0.61958  0.77255  0.53102  0.88674
      8   3.13413  4.60216  4.15887  3.79884  3.12881  3.95782  4.46055  2.33206  3.56677  0.89898  3.15808  4.07614  4.39659  3.93965  3.74586  3.52676  3.42933  2.36442  5.00099  3.71984      8 l - - -
          2.68618  4.42225  2.77519  2.73123  3.46354  2.40513  3.72494  3.29354  2.67741  2.69355  4.24690  2.90347  2.73739  3.18146  2.89801  2.37887  2.77519  2.98518  4.58477  3.61503
          0.03201  3.85345  4.57579  0.61958  0.77255  0.53102  0.88674
      9   2.21385  4.15426  3.24878  2.97287  4.12161  2.92880  4.06828  3.46440  2.99704  3.21569  4.08948  3.19146  3.65192  3.33670  3.30803  1.42000  2.19752  3.00343  5.48750  4.23946      9 s - - -
          2.68618  4.42225  2.77519  2.73123  3.46354  2.40513  3.72494  3.29354  2.67741  2.69355  4.24690  2.90347  2.73739  3.18146  2.89801  2.37887  2.77519  2.98518  4.58477  3.61503
          0.03201  3.85345  4.57579  0.61958  0.77255  0.53102  0.88674
     10   2.95146  5.00698  3.34618  2.74304  4.41154  3.56877  3.58487  3.78187  1.69372  3.27287  4.16111  3.14446  3.96497  2.73504  1.42447  2.97038  3.13922  3.47853  5.35025  4.16713     10 r - - -
          2.68618  4.42225  2.77519  2.73123  3.46354  2.40513  3.72494  3.29354  2.67741  2.69355  4.24690  2.90347  2.73739  3.18146  2.89801  2.37887  2.77519  2.98518  4.58477  3.61503
          0.03201  3.85345  4.57579  0.61958  0.77255  0.53102  0.88674
     11   2.83620  4.99613  2.83452  2.48599  4.29766  3.41046  3.62434  3.74358  1.95391  3.26618  4.15445  2.96761  3.88123  1.70681  2.42888  2.83672  3.06806  3.42583  5.40412  4.11710     11 q - - -
          2.68618  4.42225  2.77519  2.73123  3.46354  2.40513  3.72494  3.29354  2.67741  2.69355  4.24690  2.90347  2.73739  3.18146  2.89801  2.37887  2.77519  2.98518  4.58477  3.61503
          0.03201  3.85345  4.57579  0.61958  0.77255  0.53102  0.88674
     12   2.40284  4.24781  3.41156  3.16292  3.95242  3.08766  4.18165  3.07725  3.10552  2.94141  3.99332  3.37521  3.78998  3.50135  3.36500  2.60392  1.20457  2.77426  5.39191  4.16911     12 t - - -
          2.68618  4.42225  2.77519  2.73123  3.46354  2.40513  3.72494  3.29354  2.67741  2.69355  4.24690  2.90347  2.73739  3.18146  2.89801  2.37887  2.77519  2.98518  4.58477  3.61503
          0.03201  3.85345  4.57579  0.61958  0.77255  0.53102  0.88674
     13   2.93633  5.04293  2.48021  1.05274  4.38683  3.26209  3.84751  3.83696  2.72567  3.45724  4.43233  2.92273  3.86583  3.06371  3.13238  2.92080  3.24050  3.52285  5.56200  4.28448     13 e - - -
          2.68618  4.42225  2.77519  2.73123  3.46354  2.40513  3.72494  3.29354  2.67741  2.69355  4.24690  2.90347  2.73739  3.18146  2.89801  2.37887  2.77519  2.98518  4.58477  3.61503
          0.03201  3.85345  4.57579  0.61958  0.77255  0.53102  0.88674
     14   2.93633  5.04293  2.48021  1.05274  4.38683  3.26209  3.84751  3.83696  2.72567  3.45724  4.43233  2.92273  3.86583  3.06371  3.13238  2.92080  3.24050  3.52285  5.56200  4.28448     14 e - - -
          2.68618  4.42225  2.77519  2.73123  3.46354  2.40513  3.72494  3.29354  2.67741  2.69355  4.24690  2.90347  2.73739  3.18146  2.89801  2.37887  2.77519  2.98518  4.58477  3.61503
          0.03201  3.85345  4.57579  0.61958  0.77255  0.53102  0.88674
     15   2.79631  4.94667  2.81205  2.46694  3.92619  3.40162  2.85564  3.68417  2.24925  3.20403  4.09338  2.95614  3.86987  1.78671  2.56408  2.80181  3.03346  3.37043  5.20373  3.79881     15 q - - -
          2.68618  4.42225  2.77519  2.73123  3.46354  2.40513  3.72494  3.29354  2.67741  2.69355  4.24690  2.90347  2.73739  3.18146  2.89801  2.37887  2.77519  2.98518  4.58477  3.61503
          0.03201  3.85345  4.57579  0.61958  0.77255  0.53102  0.88674
     16   3.13413  4.60216  4.15887  3.79884  3.12881  3.95782  4.46055  2.33206  3.56677  0.89898  3.15808  4.07614  4.39659  3.93965  3.74586  3.52676  3.42933  2.36442  5.00099  3.71984     16 l - - -
          2.68618  4.42225  2.77519  2.73123  3.46354  2.40513  3.72494  3.29354  2.67741  2.69355  4.24690  2.90347  2.73739  3.18146  2.89801  2.37887  2.77519  2.98518  4.58477  3.61503
          0.03201  3.85345  4.57579  0.61958  0.77255  0.53102  0.88674
     17   2.92855  5.01214  3.23740  2.69037  4.41093  3.53612  3.59183  3.79098  1.29332  3.28687  4.17269  3.10977  3.94726  2.74205  1.97869  2.94162  3.12567  3.48085  5.36825  4.16825     17 k - - -
          2.68618  4.42225  2.77519  2.73123  3.46354  2.40513  3.72494  3.29354  2.67741  2.69355  4.24690  2.90347  2.73739  3.18146  2.89801  2.37887  2.77519  2.98518  4.58477  3.61503
          0.03201  3.85345  4.57579  0.61958  0.77255  0.53102  0.88674
     18   2.93114  5.01747  3.25074  2.69271  4.41879  3.54200  3.58741  3.79589  1.30568  3.28847  4.17218  3.11110  3.94867  2.73621  1.94680  2.94310  3.12552  3.48535  5.36830  4.17043     18 k - - -
          2.68618  4.42225  2.77519  2.73123  3.46354  2.40513  3.72494  3.29354  2.67741  2.69355  4.24690  2.90347  2.73739  3.18146  2.89801  2.37887  2.77519  2.98518  4.58477  3.61503
          0.03201  3.85345  4.57579  0.61958  0.77255  0.53102  0.88674
     19   3.13413  4.60216  4.15887  3.79884  3.12881  3.95782  4.46055  2.33206  3.56677  0.89898  3.15808  4.07614  4.39659  3.93965  3.74586  3.52676  3.42933  2.36442  5.00099  3.71984     19 l - - -
          2.68618  4.42225  2.77519  2.73123  3.46354  2.40513  3.72494  3.29354  2.67741  2.69355  4.24690  2.90347  2.73739  3.18146  2.89801  2.37887  2.77519  2.98518  4.58477  3.61503
          0.03201  3.85345  4.57579  0.61958  0.77255  0.53102  0.88674
     20   2.95504  4.91766  3.12974  2.75502  4.29974  3.44633  3.74919  3.72786  1.06461  3.29720  4.25986  3.18026  3.94817  2.94188  2.42874  2.99839  3.20982  3.43679  5.36236  4.17246     20 k - - -
          2.68618  4.42225  2.77519  2.73123  3.46354  2.40513  3.72494  3.29354  2.67741  2.69355  4.24690  2.90347  2.73739  3.18146  2.89801  2.37887  2.77519  2.98518  4.58477  3.61503
          0.03201  3.85345  4.57579  0.61958  0.77255  0.53102  0.88674
     21   2.50594  4.50621  2.99848  2.55915  3.85080  2.47534  3.70367  2.85976  2.53663  2.90312  3.76319  3.01453  3.78011  2.55154  2.92866  2.38691  2.79273  2.93302  5.18714  3.89662     21 s - - -
          2.68618  4.42225  2.77519  2.73123  3.46354  2.40513  3.72494  3.29354  2.67741  2.69355  4.24690  2.90347  2.73739  3.18146  2.89801  2.37887  2.77519  2.98518  4.58477  3.61503
          0.03201  3.85345  4.57579  0.61958  0.77255  0.53102  0.88674
     22   3.21999  4.71668  3.81032  3.53631  2.29425  3.80811  3.61021  3.23189  3.39438  2.69068  3.90895  3.70029  4.28248  3.70498  3.58191  3.35851  3.50662  3.10157  3.93723  0.99801     22 y - - -
          2.68618  4.42225  2.77519  2.73123  3.46354  2.40513  3.72494  3.29354  2.67741  2.69355  4.24690  2.90347  2.73739  3.18146  2.89801  2.37887  2.77519  2.98518  4.58477  3.61503
          0.03201  3.85345  4.57579  0.61958  0.77255  0.53102  0.88674
     23   2.53499  4.27780  3.61219  3.17611  3.60952  3.40379  4.11477  2.20016  3.04989  2.43725  3.55013  3.46702  3.96519  3.42870  3.34431  2.79465  1.71531  2.26790  5.20377  3.95001     23 t - - -
          2.68618  4.42225  2.77519  2.73123  3.46354  2.40513  3.72494  3.29354  2.67741  2.69355  4.24690  2.90347  2.73739  3.18146  2.89801  2.37887  2.77519  2.98518  4.58477  3.61503
          0.03201  3.85345  4.57579  0.61958  0.77255  0.53102  0.88674
     24   2.64179  4.41887  3.31164  3.20875  4.35096  0.75907  4.33000  3.94614  3.38742  3.60261  4.57836  3.47600  3.80939  3.71311  3.62536  2.81319  3.12155  3.47814  5.45094  4.45229     24 g - - -
          2.68618  4.42225  2.77519  2.73123  3.46354  2.40513  3.72494  3.29354  2.67741  2.69355  4.24690  2.90347  2.73739  3.18146  2.89801  2.37887  2.77519  2.98518  4.58477  3.61503
          0.03201  3.85345  4.57579  0.61958  0.77255  0.53102  0.88674
     25   3.07502  4.45125  4.50178  4.00894  3.25227  4.28205  4.69258  1.27200  3.82195  1.62215  3.13267  4.27932  4.59239  4.12230  4.02380  3.66643  3.33350  1.80431  5.21565  3.98013     25 i - - -
          2.68618  4.42225  2.77519  2.73123  3.46354  2.40513  3.72494  3.29354  2.67741  2.69355  4.24690  2.90347  2.73739  3.18146  2.89801  2.37887  2.77519  2.98518  4.58477  3.61503
          0.03201  3.85345  4.57579  0.61958  0.77255  0.53102  0.88674
     26   1.91657  4.13760  3.41204  3.10499  4.01172  2.99811  4.13451  3.07893  3.07607  2.98896  3.94530  3.29180  3.70905  3.42224  3.36592  2.45063  1.54217  2.72772  5.44707  4.22594     26 t - - -
          2.68618  4.42225  2.77519  2.73123  3.46354  2.40513  3.72494  3.29354  2.67741  2.69355  4.24690  2.90347  2.73739  3.18146  2.89801  2.37887  2.77519  2.98518  4.58477  3.61503
          0.03201  3.85345  4.57579  0.61958  0.77255  0.53102  0.88674
     27   2.72686  4.48716  3.33201  3.16846  4.16493  3.17575  4.24733  3.70563  3.22416  3.33446  4.38363  3.47698  0.86376  3.61353  3.47169  2.89380  3.16697  3.35315  5.35652  4.28540     27 p - - -
          2.68618  4.42225  2.77519  2.73123  3.46354  2.40513  3.72494  3.29354  2.67741  2.69355  4.24690  2.90347  2.73739  3.18146  2.89801  2.37887  2.77519  2.98518  4.58477  3.61503
          0.03201  3.85345  4.57579  0.61958  0.77255  0.53102  0.88674
     28   2.70800  4.70361  2.69839  2.58204  4.06418  3.17147  3.90620  3.77065  2.80841  3.41974  4.37526  1.19218  3.82250  3.17909  3.16228  2.77602  3.08933  3.39478  5.37230  4.01401     28 n - - -
          2.68618  4.42225  2.77519  2.73123  3.46354  2.40513  3.72494  3.29354  2.67741  2.69355  4.24690  2.90347  2.73739  3.18146  2.89801  2.37887  2.77519  2.98518  4.58477  3.61503
          0.03201  3.85345  4.57579  0.61958  0.77255  0.53102  0.88674
     29   2.96818  4.35499  4.49564  4.00397  3.45506  4.19911  4.76084  1.52109  3.87741  1.99250  3.29264  4.25302  4.56089  4.17110  4.10348  3.58054  3.24515  1.22167  5.37485  4.15397     29 v - - -
          2.68618  4.42225  2.77519  2.73123  3.46354  2.40513  3.72494  3.29354  2.67741  2.69355  4.24690  2.90347  2.73739  3.18146  2.89801  2.37887  2.77519  2.98518  4.58477  3.61503
          0.03201  3.85345  4.57579  0.61958  0.77255  0.53102  0.88674
     30   1.69075  4.18850  3.43076  2.99812  3.74518  3.16906  3.98370  2.50786  2.94608  2.75672  3.69493  3.27814  3.77935  3.28049  3.27040  2.20830  2.73062  2.58125  5.19714  3.95474     30 a - - -
          2.68618  4.42225  2.77519  2.73123  3.46354  2.40513  3.72494  3.29354  2.67741  2.69355  4.24690  2.90347  2.73739  3.18146  2.89801  2.37887  2.77519  2.98518  4.58477  3.61503
          0.03201  3.85345  4.57579  0.61958  0.77255  0.53102  0.88674
     31   1.30718  4.09512  3.33546  3.07976  4.12200  2.89434  4.14340  3.41465  3.12204  3.21066  4.09159  3.23922  3.63922  3.43422  3.41437  1.97399  2.65778  2.95186  5.50789  4.27850     31 a - - -
          2.68618  4.42225  2.77519  2.73123  3.46354  2.40513  3.72494  3.29354  2.67741  2.69355  4.24690  2.90347  2.73739  3.18146  2.89801  2.37887  2.77519  2.98518  4.58477  3.61503
          0.03201  3.85345  4.57579  0.61958  0.77255  0.53102  0.88674
     32   2.98437  4.82444  3.47312  2.98842  4.17421  3.47575  3.81110  3.71477  2.23059  3.23418  4.23504  3.34951  3.97943  3.03254  1.00785  3.06957  3.25174  3.43959  5.26508  4.10590     32 r - - -
          2.68618  4.42225  2.77519  2.73123  3.46354  2.40513  3.72494  3.29354  2.67741  2.69355  4.24690  2.90347  2.73739  3.18146  2.89801  2.37887  2.77519  2.98518  4.58477  3.61503
          0.03201  3.85345  4.57579  0.61958  0.77255  0.53102  0.88674
     33   3.13465  4.53052  4.48909  3.97629  3.10321  4.29946  4.63216  1.79366  3.78118  1.10757  2.97334  4.26602  4.57678  4.04827  3.97300  3.66964  3.38115  2.03550  5.10716  3.90641     33 l - - -
          2.68618  4.42225  2.77519  2.73123  3.46354  2.40513  3.72494  3.29354  2.67741  2.69355  4.24690  2.90347  2.73739  3.18146  2.89801  2.37887  2.77519  2.98518  4.58477  3.61503
          0.03201  3.85345  4.57579  0.61958  0.77255  0.53102  0.88674
     34   1.04153  4.18291  3.44358  3.23423  4.03372  3.00791  4.25848  3.15640  3.25000  3.03887  4.07296  3.38856  3.74536  3.59296  3.50171  2.53345  2.80950  2.81411  5.46278  4.26096     34 a - - -
          2.68618  4.42225  2.77519  2.73123  3.46354  2.40513  3.72494  3.29354  2.67741  2.69355  4.24690  2.90347  2.73739  3.18146  2.89801  2.37887  2.77519  2.98518  4.58477  3.61503
          0.03201  3.85345  4.57579  0.61958  0.77255  0.53102  0.88674
     35   3.23445  4.64187  4.21259  3.92363  1.04337  3.92833  3.86930  2.76067  3.83118  2.13520  3.49376  3.99787  4.38748  4.00445  3.95560  3.50524  3.53564  2.74993  4.12432  2.49385     35 f - - -
          2.68618  4.42225  2.77519  2.73123  3.46354  2.40513  3.72494  3.29354  2.67741  2.69355  4.24690  2.90347  2.73739  3.18146  2.89801  2.37887  2.77519  2.98518  4.58477  3.61503
          0.03201  3.85345  4.57579  0.61958  0.77255  0.53102  0.88674
     36   3.23445  4.64187  4.21259  3.92363  1.04337  3.92833  3.86930  2.76067  3.83118  2.13520  3.49376  3.99787  4.38748  4.00445  3.95560  3.50524  3.53564  2.74993  4.12432  2.49385     36 f - - -
          2.68618  4.42225  2.77519  2.73123  3.46354  2.40513  3.72494  3.29354  2.67741  2.69355  4.24690  2.90347  2.73739  3.18146  2.89801  2.37887  2.77519  2.98518  4.58477  3.61503
          0.03201  3.85345  4.57579  0.61958  0.77255  0.53102  0.88674
     37   2.98437  4.82444  3.47312  2.98842  4.17421  3.47575  3.81110  3.71477  2.23059  3.23418  4.23504  3.34951  3.97943  3.03254  1.00785  3.06957  3.25174  3.43959  5.26508  4.10590     37 r - - -
          2.68618  4.42225  2.77519  2.73123  3.46354  2.40513  3.72494  3.29354  2.67741  2.69355  4.24690  2.90347  2.73739  3.18146  2.89801  2.37887  2.77519  2.98518  4.58477  3.61503
          0.03201  3.85345  4.57579  0.61958  0.77255  0.53102  0.88674
     38   2.30598  4.22602  3.19022  3.00531  4.05745  2.95627  4.11559  3.57759  3.07779  3.29936  4.22718  3.23301  3.69354  3.42864  3.36427  1.12010  2.78472  3.11686  5.43151  4.14093     38 s - - -
          2.68618  4.42225  2.77519  2.73123  3.46354  2.40513  3.72494  3.29354  2.67741  2.69355  4.24690  2.90347  2.73739  3.18146  2.89801  2.37887  2.77519  2.98518  4.58477  3.61503
          0.03201  3.85345  4.57579  0.61958  0.77255  0.45847  1.00036
     39   3.01288  4.36650  4.58206  4.04184  3.37216  4.30005  4.73565  1.53015  3.92959  1.88390  2.80408  4.30014  4.59108  4.16889  4.13606  3.64516  3.26102  1.33144  5.28944  4.12222     39 v - - -
          2.68618  4.42225  2.77519  2.73123  3.46354  2.40513  3.72494  3.29354  2.67741  2.69355  4.24690  2.90347  2.73739  3.18146  2.89801  2.37887  2.77519  2.98518  4.58477  3.61503
          0.03041  3.90383  4.62618  0.61958  0.77255  0.48576  0.95510
     40   2.97891  5.09687  2.50034  0.98162  4.44696  3.29403  3.88328  3.90707  2.76772  3.51906  4.49149  2.95022  3.90003  3.09814  3.17997  2.95799  3.28331  3.58760  5.61262  4.33463     40 e - - -
          2.68618  4.42225  2.77519  2.73123  3.46354  2.40513  3.72494  3.29354  2.67741  2.69355  4.24690  2.90347  2.73739  3.18146  2.89801  2.37887  2.77519  2.98518  4.58477  3.61503
          0.03041  3.90383  4.62618  0.61958  0.77255  0.48576  0.95510
     41   2.33018  4.25111  3.23340  3.05041  4.10740  2.98039  4.15950  3.63414  3.12629  3.35188  4.27521  3.27032  3.72173  3.47311  3.41151  1.04476  2.81262  3.16239  5.47734  4.19103     41 s - - -
          2.68618  4.42225  2.77519  2.73123  3.46354  2.40513  3.72494  3.29354  2.67741  2.69355  4.24690  2.90347  2.73739  3.18146  2.89801  2.37887  2.77519  2.98518  4.58477  3.61503
          0.03041  3.90383  4.62618  0.61958  0.77255  0.48576  0.95510
     42   2.71057  4.98172  2.39857  1.91534  4.41503  1.97845  3.72448  3.87430  2.61319  3.44679  4.28812  2.45570  3.78744  2.89812  3.08687  2.69585  3.01405  3.48265  5.63799  4.25056     42 e - - -
          2.68618  4.42225  2.77519  2.73123  3.46354  2.40513  3.72494  3.29354  2.67741  2.69355  4.24690  2.90347  2.73739  3.18146  2.89801  2.37887  2.77519  2.98518  4.58477  3.61503
          0.03041  3.90383  4.62618  0.61958  0.77255  0.48576  0.95510
     43   3.36685  4.70508  4.36807  4.00058  1.13174  4.18918  3.52186  3.01385  3.86358  2.37123  3.64246  3.93755  4.52265  3.94101  3.97045  3.55678  3.60124  2.95926  3.71163  1.78448     43 f - - -
          2.68618  4.42225  2.77519  2.73123  3.46354  2.40513  3.72494  3.29354  2.67741  2.69355  4.24690  2.90347  2.73739  3.18146  2.89801  2.37887  2.77519  2.98518  4.58477  3.61503
          0.03041  3.90383  4.62618  0.61958  0.77255  0.48576  0.95510
     44   2.69009  4.65311  3.31092  2.73689  3.93081  3.47210  3.69079  3.23784  2.25310  2.61237  3.81778  3.15369  3.90325  2.88344  1.76379  2.79163  2.53695  2.98047  5.20782  3.95437     44 r - - -
          2.68618  4.42225  2.77519  2.73123  3.46354  2.40513  3.72494  3.29354  2.67741  2.69355  4.24690  2.90347  2.73739  3.18146  2.89801  2.37887  2.77519  2.98518  4.58477  3.61503
          0.03041  3.90383  4.62618  0.61958  0.77255  0.48576  0.95510
     45   3.38481  4.75229  4.26209  3.89870  1.80094  4.15610  3.46358  3.15868  3.76529  2.54994  3.79114  3.86791  4.50340  3.87601  3.90247  3.52373  3.62154  3.06756  3.66457  1.06881     45 y - - -
          2.68618  4.42225  2.77519  2.73123  3.46354  2.40513  3.72494  3.29354  2.67741  2.69355  4.24690  2.90347  2.73739  3.18146  2.89801  2.37887  2.77519  2.98518  4.58477  3.61503
          0.03041  3.90383  4.62618  0.61958  0.77255  0.48576  0.95510
     46   2.53748  4.45015  3.14617  2.63378  3.62856  3.40375  3.69985  3.04523  2.59257  2.46696  3.60269  2.80311  3.83047  2.94647  2.98438  2.20617  2.60373  2.78039  5.01989  3.29022     46 s - - -
          2.68618  4.42225  2.77519  2.73123  3.46354  2.40513  3.72494  3.29354  2.67741  2.69355  4.24690  2.90347  2.73739  3.18146  2.89801  2.37887  2.77519  2.98518  4.58477  3.61503
          0.03041  3.90383  4.62618  0.61958  0.77255  0.48576  0.95510
     47   2.33865  4.29717  3.09108  2.86633  4.15644  3.00726  4.03815  3.61596  2.94850  3.29944  4.18044  3.16267  1.53010  3.30034  3.27437  2.14638  2.78831  3.15560  5.49617  4.22229     47 p - - -
          2.68618  4.42225  2.77519  2.73123  3.46354  2.40513  3.72494  3.29354  2.67741  2.69355  4.24690  2.90347  2.73739  3.18146  2.89801  2.37887  2.77519  2.98518  4.58477  3.61503
          0.03041  3.90383  4.62618  0.61958  0.77255  0.48576  0.95510
     48   2.17257  4.93157  2.35198  1.88672  4.26841  3.26584  3.65508  3.67624  2.51678  3.27840  4.10120  2.80656  3.77346  2.81054  3.00773  2.64111  2.61577  3.31654  5.50418  4.12628     48 e - - -
          2.68618  4.42225  2.77519  2.73123  3.46354  2.40513  3.72494  3.29354  2.67741  2.69355  4.24690  2.90347  2.73739  3.18146  2.89801  2.37887  2.77519  2.98518  4.58477  3.61503
          0.03041  3.90383  4.62618  0.61958  0.77255  0.48576  0.95510
     49   2.69220  5.00316  2.79163  2.14848  4.32297  3.37821  3.57972  3.75109  2.22976  3.27916  4.08654  2.61411  3.80759  2.51297  2.15092  2.45939  2.91978  3.38930  5.44031  4.10618     49 e - - -
          2.68618  4.42225  2.77519  2.73123  3.46354  2.40513  3.72494  3.29354  2.67741  2.69355  4.24690  2.90347  2.73739  3.18146  2.89801  2.37887  2.77519  2.98518  4.58477  3.61503
          0.03041  3.90383  4.62618  0.61958  0.77255  0.48576  0.95510
     50   2.72136  5.06550  1.57865  2.18835  4.46789  3.19264  3.71440  3.92407  2.65281  3.50457  4.34105  2.47384  3.77780  2.88097  3.17925  2.68647  2.53123  3.52412  5.69644  4.26881     50 d - - -
          2.68618  4.42225  2.77519  2.73123  3.46354  2.40513  3.72494  3.29354  2.67741  2.69355  4.24690  2.90347  2.73739  3.18146  2.89801  2.37887  2.77519  2.98518  4.58477  3.61503
          0.03041  3.90383  4.62618  0.61958  0.77255  0.48576  0.95510
     51   2.57486  4.73234  2.71585  2.14866  4.14494  3.25522  3.68972  3.55742  2.52181  3.17172  4.00286  2.63846  3.77144  2.86208  2.96222  2.23845  2.19190  3.20189  5.40859  4.07524     51 e - - -
          2.68618  4.42225  2.77519  2.73123  3.46354  2.40513  3.72494  3.29354  2.67741  2.69355  4.24690  2.90347  2.73739  3.18146  2.89801  2.37887  2.77519  2.98518  4.58477  3.61503
          0.03041  3.90383  4.62618  0.61958  0.77255  0.48576  0.95510
     52   2.81486  4.96865  3.13934  2.59623  4.37168  3.48940  3.59271  3.75573  1.49579  3.27079  4.11654  3.04701  3.90130  2.73557  2.05039  2.52336  3.02836  3.42165  5.38861  4.14813     52 k - - -
          2.68618  4.42225  2.77519  2.73123  3.46354  2.40513  3.72494  3.29354  2.67741  2.69355  4.24690  2.90347  2.73739  3.18146  2.89801  2.37887  2.77519  2.98518  4.58477  3.61503
          0.03041  3.90383  4.62618  0.61958  0.77255  0.48576  0.95510
     53   3.00046  4.96587  3.17856  2.79392  4.35946  3.48675  3.77612  3.79064  0.99620  3.34879  4.30838  3.21707  3.98473  2.96570  2.43703  3.04028  3.25130  3.49660  5.40110  4.21830     53 k - - -
          2.68618  4.42225  2.77519  2.73123  3.46354  2.40513  3.72494  3.29354  2.67741  2.69355  4.24690  2.90347  2.73739  3.18146  2.89801  2.37887  2.77519  2.98518  4.58477  3.61503
          0.03041  3.90383  4.62618  0.61958  0.77255  0.48576  0.95510
     54   3.19025  4.64311  4.23988  3.87968  3.14738  4.02207  4.52556  2.35293  3.64712  0.83754  3.16019  4.15213  4.45191  4.00795  3.81814  3.59630  3.48300  2.39844  5.03825  3.76887     54 l - - -
          2.68618  4.42225  2.77519  2.73123  3.46354  2.40513  3.72494  3.29354  2.67741  2.69355  4.24690  2.90347  2.73739  3.18146  2.89801  2.37887  2.77519  2.98518  4.58477  3.61503
          0.03041  3.90383  4.62618  0.61958  0.77255  0.48576  0.95510
     55   3.02301  5.15655  0.87412  2.35410  4.53770  3.23417  3.95828  4.13295  3.04827  3.73562  4.71422  2.91212  3.88916  3.19735  3.56890  2.98170  3.36218  3.76873  5.70024  4.40519     55 d - - -
          2.68618  4.42225  2.77519  2.73123  3.46354  2.40513  3.72494  3.29354  2.67741  2.69355  4.24690  2.90347  2.73739  3.18146  2.89801  2.37887  2.77519  2.98518  4.58477  3.61503
          0.03041  3.90383  4.62618  0.61958  0.77255  0.48576  0.95510
     56   2.70368  4.47624  3.38389  3.28716  4.42934  0.68232  4.40572  4.03639  3.47271  3.68664  4.66247  3.54813  3.86839  3.79436  3.70552  2.87645  3.18734  3.55864  5.51642  4.53222     56 G - - -
          2.68618  4.42225  2.77519  2.73123  3.46354  2.40513  3.72494  3.29354  2.67741  2.69355  4.24690  2.90347  2.73739  3.18146  2.89801  2.37887  2.77519  2.98518  4.58477  3.61503
          0.03041  3.90383  4.62618  0.61958  0.77255  0.48576  0.95510
     57   2.14631  4.36474  3.18604  2.69573  3.23432  3.28525  3.77232  3.09778  2.69006  2.79856  3.66438  2.69350  3.78598  3.01704  3.08452  2.41187  2.30907  2.80122  5.11396  3.84432     57 a - - -
          2.68618  4.42225  2.77519  2.73123  3.46354  2.40513  3.72494  3.29354  2.67741  2.69355  4.24690  2.90347  2.73739  3.18146  2.89801  2.37887  2.77519  2.98518  4.58477  3.61503
          0.03041  3.90383  4.62618  0.61958  0.77255  0.48576  0.95510
     58   3.18793  4.60608  4.48866  3.96217  3.04855  4.31088  4.60816  2.17088  3.73920  0.96398  2.55764  4.26285  4.57497  4.00583  3.92383  3.67517  3.42784  2.25989  5.07257  3.90341     58 l - - -
          2.68618  4.42225  2.77519  2.73123  3.46354  2.40513  3.72494  3.29354  2.67741  2.69355  4.24690  2.90347  2.73739  3.18146  2.89801  2.37887  2.77519  2.98518  4.58477  3.61503
          0.03041  3.90383  4.62618  0.61958  0.77255  0.48576  0.95510
     59   2.64569  4.25871  4.01203  3.61408  3.64901  3.59503  4.46767  2.09268  3.49190  2.36051  3.54160  3.80695  4.16860  3.83921  3.73699  3.01978  2.62451  1.19465  5.36951  4.13545     59 v - - -
          2.68618  4.42225  2.77519  2.73123  3.46354  2.40513  3.72494  3.29354  2.67741  2.69355  4.24690  2.90347  2.73739  3.18146  2.89801  2.37887  2.77519  2.98518  4.58477  3.61503
          0.03041  3.90383  4.62618  0.61958  0.77255  0.48576  0.95510
     60   3.19025  4.64311  4.23988  3.87968  3.14738  4.02207  4.52556  2.35293  3.64712  0.83754  3.16019  4.15213  4.45191  4.00795  3.81814  3.59630  3.48300  2.39844  5.03825  3.76887     60 l - - -
          2.68618  4.42225  2.77519  2.73123  3.46354  2.40513  3.72494  3.29354  2.67741  2.69355  4.24690  2.90347  2.73739  3.18146  2.89801  2.37887  2.77519  2.98518  4.58477  3.61503
          0.03041  3.90383  4.62618  0.61958  0.77255  0.48576  0.95510
     61   3.02301  5.15655  0.87412  2.35410  4.53770  3.23417  3.95828  4.13295  3.04827  3.73562  4.71422  2.91212  3.88916  3.19735  3.56890  2.98170  3.36218  3.76873  5.70024  4.40519     61 d - - -
          2.68618  4.42225  2.77519  2.73123  3.46354  2.40513  3.72494  3.29354  2.67741  2.69355  4.24690  2.90347  2.73739  3.18146  2.89801  2.37887  2.77519  2.98518  4.58477  3.61503
          0.03041  3.90383  4.62618  0.61958  0.77255  0.48576  0.95510
     62   3.00046  4.96587  3.17856  2.79392  4.35946  3.48675  3.77612  3.79064  0.99620  3.34879  4.30838  3.21707  3.98473  2.96570  2.43703  3.04028  3.25130  3.49660  5.40110  4.21830     62 k - - -
          2.68618  4.42225  2.77519  2.73123  3.46354  2.40513  3.72494  3.29354  2.67741  2.69355  4.24690  2.90347  2.73739  3.18146  2.89801  2.37887  2.77519  2.98518  4.58477  3.61503
          0.03041  3.90383  4.62618  0.61958  0.77255  0.48576  0.95510
     63   3.05547  4.46526  4.38050  3.99734  3.39515  4.10058  4.71952  1.03992  3.82609  1.97459  3.32543  4.23827  4.52862  4.17104  4.01906  3.59876  3.35401  1.84662  5.29259  4.03371     63 i - - -
          2.68618  4.42225  2.77519  2.73123  3.46354  2.40513  3.72494  3.29354  2.67741  2.69355  4.24690  2.90347  2.73739  3.18146  2.89801  2.37887  2.77519  2.98518  4.58477  3.61503
          0.03041  3.90383  4.62618  0.61958  0.77255  0.48576  0.95510
     64   2.42930  4.27450  3.45561  3.20885  3.99625  3.11280  4.22382  3.12719  3.15244  2.98958  4.03794  3.41334  3.81895  3.54565  3.40974  2.63090  1.11986  2.81883  5.43130  4.21283     64 t - - -
          2.68618  4.42225  2.77519  2.73123  3.46354  2.40513  3.72494  3.29354  2.67741  2.69355  4.24690  2.90347  2.73739  3.18146  2.89801  2.37887  2.77519  2.98518  4.58477  3.61503
          0.03041  3.90383  4.62618  0.61958  0.77255  0.48576  0.95510
     65   3.38743  4.75102  4.13895  3.85263  2.69802  3.76513  3.93810  3.41215  3.57408  2.80172  4.04453  3.99531  4.28543  3.96006  3.69698  3.59084  3.68936  3.30336  0.82437  2.69844     65 w - - -
          2.68618  4.42225  2.77519  2.73123  3.46354  2.40513  3.72494  3.29354  2.67741  2.69355  4.24690  2.90347  2.73739  3.18146  2.89801  2.37887  2.77519  2.98518  4.58477  3.61503
          0.03041  3.90383  4.62618  0.61958  0.77255  0.48576  0.95510
     66   3.18575  4.59913  4.50168  3.96738  3.04511  4.31987  4.61285  2.17149  3.75659  0.99017  2.41810  4.26919  4.57492  4.00823  3.93979  3.67712  3.42205  2.26539  5.07192  3.91870     66 l - - -
          2.68618  4.42225  2.77519  2.73123  3.46354  2.40513  3.72494  3.29354  2.67741  2.69355  4.24690  2.90347  2.73739  3.18146  2.89801  2.37887  2.77519  2.98518  4.58477  3.61503
          0.03041  3.90383  4.62618  0.61958  0.77255  0.48576  0.95510
     67   2.70368  4.47624  3.38389  3.28716  4.42934  0.68232  4.40572  4.03639  3.47271  3.68664  4.66247  3.54813  3.86839  3.79436  3.70552  2.87645  3.18734  3.55864  5.51642  4.53222     67 G - - -
          2.68618  4.42225  2.77519  2.73123  3.46354  2.40513  3.72494  3.29354  2.67741  2.69355  4.24690  2.90347  2.73739  3.18146  2.89801  2.37887  2.77519  2.98518  4.58477  3.61503
          0.03041  3.90383  4.62618  0.61958  0.77255  0.48576  0.95510
     68   2.89151  5.41076  1.71494  1.40524  4.69888  3.19226  3.72446  4.20026  2.72130  3.72336  4.57997  2.66574  3.80524  2.89230  3.29606  2.78680  3.17797  3.78975  5.87969  4.39884     68 e - - -
          2.68618  4.42225  2.77519  2.73123  3.46354  2.40513  3.72494  3.29354  2.67741  2.69355  4.24690  2.90347  2.73739  3.18146  2.89801  2.37887  2.77519  2.98518  4.58477  3.61503
          0.03041  3.90383  4.62618  0.61958  0.77255  0.48576  0.95510
     69   2.42930  4.27450  3.45561  3.20885  3.99625  3.11280  4.22382  3.12719  3.15244  2.98958  4.03794  3.41334  3.81895  3.54565  3.40974  2.63090  1.11986  2.81883  5.43130  4.21283     69 t - - -
          2.68618  4.42225  2.77519  2.73123  3.46354  2.40513  3.72494  3.29354  2.67741  2.69355  4.24690  2.90347  2.73739  3.18146  2.89801  2.37887  2.77519  2.98518  4.58477  3.61503
          0.03041  3.90383  4.62618  0.61958  0.77255  0.48576  0.95510
     70   2.82822  4.44430  3.74874  3.22501  2.72506  3.80732  3.98107  2.54652  3.07817  1.42628  3.16469  3.58638  4.16169  2.81576  3.36079  3.10422  3.06226  2.51155  4.75115  3.40157     70 l - - -
          2.68618  4.42225  2.77519  2.73123  3.46354  2.40513  3.72494  3.29354  2.67741  2.69355  4.24690  2.90347  2.73739  3.18146  2.89801  2.37887  2.77519  2.98518  4.58477  3.61503
          0.03041  3.90383  4.62618  0.61958  0.77255  0.48576  0.95510
     71   2.75529  4.84739  3.05100  2.56065  4.05435  3.47644  3.62473  3.46082  2.03642  2.61321  3.92728  3.03280  3.88868  1.92642  2.49464  2.79561  2.97485  3.18357  5.27110  3.98339     71 q - - -
          2.68618  4.42225  2.77519  2.73123  3.46354  2.40513  3.72494  3.29354  2.67741  2.69355  4.24690  2.90347  2.73739  3.18146  2.89801  2.37887  2.77519  2.98518  4.58477  3.61503
          0.03041  3.90383  4.62618  0.61958  0.77255  0.48576  0.95510
     72   2.15601  4.21967  3.37703  2.90173  3.79030  3.16246  3.91517  3.07567  2.87006  2.84199  3.71885  3.21584  2.74556  3.18852  3.22520  2.27617  2.45331  2.19430  5.19170  3.95484     72 a - - -
          2.68618  4.42225  2.77519  2.73123  3.46354  2.40513  3.72494  3.29354  2.67741  2.69355  4.24690  2.90347  2.73739  3.18146  2.89801  2.37887  2.77519  2.98518  4.58477  3.61503
          0.03041  3.90383  4.62618  0.61958  0.77255  0.48576  0.95510
     73   2.25299  4.17268  3.32950  3.03592  4.08223  2.98093  4.09755  3.37489  3.02830  3.16120  4.05011  3.24612  3.69536  3.37656  3.32949  2.05279  1.44496  2.95101  5.46582  4.22462     73 t - - -
          2.68618  4.42225  2.77519  2.73123  3.46354  2.40513  3.72494  3.29354  2.67741  2.69355  4.24690  2.90347  2.73739  3.18146  2.89801  2.37887  2.77519  2.98518  4.58477  3.61503
          0.03041  3.90383  4.62618  0.61958  0.77255  0.48576  0.95510
     74   2.97891  5.09687  2.50034  0.98162  4.44696  3.29403  3.88328  3.90707  2.76772  3.51906  4.49149  2.95022  3.90003  3.09814  3.17997  2.95799  3.28331  3.58760  5.61262  4.33463     74 e - - -
          2.68618  4.42225  2.77519  2.73123  3.46354  2.40513  3.72494  3.29354  2.67741  2.69355  4.24690  2.90347  2.73739  3.18146  2.89801  2.37887  2.77519  2.98518  4.58477  3.61503
          0.03041  3.90383  4.62618  0.61958  0.77255  0.48576  0.95510
     75   2.85603  4.56407  3.51545  3.07863  3.30993  3.70222  3.96921  2.68530  2.80041  1.36985  3.33501  3.46895  4.11870  2.68150  3.06439  3.07501  3.10775  2.63394  4.97474  3.67484     75 l - - -
          2.68618  4.42225  2.77519  2.73123  3.46354  2.40513  3.72494  3.29354  2.67741  2.69355  4.24690  2.90347  2.73739  3.18146  2.89801  2.37887  2.77519  2.98518  4.58477  3.61503
          0.03041  3.90383  4.62618  0.61958  0.77255  0.48576  0.95510
     76   3.06369  4.39755  4.65994  4.12849  3.37782  4.37920  4.82413  1.44511  4.01145  1.68014  3.19064  4.38627  4.65597  4.25157  4.21361  3.73526  3.31270  1.39521  5.33934  4.16428     76 v - - -
          2.68618  4.42225  2.77519  2.73123  3.46354  2.40513  3.72494  3.29354  2.67741  2.69355  4.24690  2.90347  2.73739  3.18146  2.89801  2.37887  2.77519  2.98518  4.58477  3.61503
          0.03041  3.90383  4.62618  0.61958  0.77255  0.48576  0.95510
     77   3.19025  4.64311  4.23988  3.87968  3.14738  4.02207  4.52556  2.35293  3.64712  0.83754  3.16019  4.15213  4.45191  4.00795  3.81814  3.59630  3.48300  2.39844  5.03825  3.76887     77 l - - -
          2.68618  4.42225  2.77519  2.73123  3.46354  2.40513  3.72494  3.29354  2.67741  2.69355  4.24690  2.90347  2.73739  3.18146  2.89801  2.37887  2.77519  2.98518  4.58477  3.61503
          0.03041  3.90383  4.62618  0.61958  0.77255  0.48576  0.95510
     78   2.78333  4.76400  3.24142  2.71883  3.97250  3.52381  3.70149  2.76565  1.46206  2.89590  3.87477  3.15453  3.94687  2.88704  2.50644  2.86831  3.01723  2.95589  5.25515  3.98363     78 k - - -
          2.68618  4.42225  2.77519  2.73123  3.46354  2.40513  3.72494  3.29354  2.67741  2.69355  4.24690  2.90347  2.73739  3.18146  2.89801  2.37887  2.77519  2.98518  4.58477  3.61503
          0.03041  3.90383  4.62618  0.61958  0.77255  0.48576  0.95510
     79   3.08718  4.54942  4.33257  3.80898  3.08126  4.16746  4.48462  2.21510  3.58633  1.41545  1.66442  4.11117  4.47489  3.88622  3.78954  3.52577  3.33442  2.27256  5.03793  3.84661     79 l - - -
          2.68618  4.42225  2.77519  2.73123  3.46354  2.40513  3.72494  3.29354  2.67741  2.69355  4.24690  2.90347  2.73739  3.18146  2.89801  2.37887  2.77519  2.98518  4.58477  3.61503
          0.03041  3.90383  4.62618  0.61958  0.77255  0.48576  0.95510
     80   2.81198  4.53526  3.49782  3.02547  3.47613  3.65123  3.91051  2.70866  2.28333  1.48095  3.46987  3.41105  4.07194  3.20415  2.89660  3.02356  3.05940  2.58609  5.03583  3.76577     80 l - - -
          2.68618  4.42225  2.77519  2.73123  3.46354  2.40513  3.72494  3.29354  2.67741  2.69355  4.24690  2.90347  2.73739  3.18146  2.89801  2.37887  2.77519  2.98518  4.58477  3.61503
          0.03041  3.90383  4.62618  0.61958  0.77255  0.48576  0.95510
     81   3.29212  4.76842  3.88437  3.61947  2.29385  3.86654  3.63282  3.29693  3.47608  2.74282  3.96866  3.76187  4.33957  3.77461  3.65344  3.42577  3.57890  3.16894  3.93888  0.91521     81 y - - -
          2.68618  4.42225  2.77519  2.73123  3.46354  2.40513  3.72494  3.29354  2.67741  2.69355  4.24690  2.90347  2.73739  3.18146  2.89801  2.37887  2.77519  2.98518  4.58477  3.61503
          0.03041  3.90383  4.62618  0.61958  0.77255  0.48576  0.95510
     82   2.79269  4.54506  3.40320  3.24658  4.23946  3.23079  4.32164  3.79271  3.30652  3.41624  4.46728  3.55024  0.77135  3.69435  3.54869  2.96111  3.23667  3.43454  5.41764  4.36048     82 p - - -
          2.68618  4.42225  2.77519  2.73123  3.46354  2.40513  3.72494  3.29354  2.67741  2.69355  4.24690  2.90347  2.73739  3.18146  2.89801  2.37887  2.77519  2.98518  4.58477  3.61503
          0.03041  3.90383  4.62618  0.61958  0.77255  0.48576  0.95510
     83   2.68261  5.03622  2.60389  2.11341  4.32225  2.83669  2.86839  3.77457  2.36506  3.31354  4.11943  2.55628  3.78469  2.36342  2.81256  2.65583  2.92278  3.40569  5.49139  4.11617     83 e - - -
          2.68618  4.42225  2.77519  2.73123  3.46354  2.40513  3.72494  3.29354  2.67741  2.69355  4.24690  2.90347  2.73739  3.18146  2.89801  2.37887  2.77519  2.98518  4.58477  3.61503
          0.03041  3.90383  4.62618  0.61958  0.77255  0.48576  0.95510
     84   2.68355  4.30360  3.16333  3.11905  3.33504  3.72121  3.99965  2.22015  3.05709  1.78004  2.88780  3.50298  4.08022  3.35067  3.38196  2.98681  2.91798  2.10408  4.94471  3.73113     84 l - - -
          2.68618  4.42225  2.77519  2.73123  3.46354  2.40513  3.72494  3.29354  2.67741  2.69355  4.24690  2.90347  2.73739  3.18146  2.89801  2.37887  2.77519  2.98518  4.58477  3.61503
          0.03041  3.90383  4.62618  0.61958  0.77255  0.48576  0.95510
     85   2.79009  5.23896  2.07104  1.46475  4.54890  3.22176  3.68105  4.02551  2.60374  3.55834  4.38718  2.70716  3.14910  2.83715  3.13877  2.71978  3.06359  3.62683  5.73478  4.29254     85 e - - -
          2.68618  4.42225  2.77519  2.73123  3.46354  2.40513  3.72494  3.29354  2.67741  2.69355  4.24690  2.90347  2.73739  3.18146  2.89801  2.37887  2.77519  2.98518  4.58477  3.61503
          0.03041  3.90383  4.62618  0.61958  0.77255  0.48576  0.95510
     86   2.68031  4.90857  2.60700  2.34686  4.31326  2.70462  3.68106  3.78443  2.43749  3.34498  4.17975  2.53705  3.79916  1.85884  2.83857  2.68546  2.96461  3.40635  5.50976  4.15585     86 q - - -
          2.68618  4.42225  2.77519  2.73123  3.46354  2.40513  3.72494  3.29354  2.67741  2.69355  4.24690  2.90347  2.73739  3.18146  2.89801  2.37887  2.77519  2.98518  4.58477  3.61503
          0.03041  3.90383  4.62618  0.61958  0.77255  0.48576  0.95510
     87   2.97093  5.06721  3.31543  2.72562  4.48518  3.58247  3.59635  3.85413  1.26396  3.33019  4.20929  3.13938  3.97735  2.74031  1.88885  2.97710  3.15653  3.54061  5.39705  4.20868     87 k - - -
          2.68618  4.42225  2.77519  2.73123  3.46354  2.40513  3.72494  3.29354  2.67741  2.69355  4.24690  2.90347  2.73739  3.18146  2.89801  2.37887  2.77519  2.98518  4.58477  3.61503
          0.03041  3.90383  4.62618  0.61958  0.77255  0.48576  0.95510
     88   2.41509  4.56962  2.76567  2.51060  3.78870  3.39047  3.66749  2.49929  2.53198  2.82421  3.68655  3.00051  3.19797  2.64644  2.95931  2.65335  2.80453  2.87132  5.13885  3.84414     88 a - - -
          2.68618  4.42225  2.77519  2.73123  3.46354  2.40513  3.72494  3.29354  2.67741  2.69355  4.24690  2.90347  2.73739  3.18146  2.89801  2.37887  2.77519  2.98518  4.58477  3.61503
          0.03041  3.90383  4.62618  0.61958  0.77255  0.48576  0.95510
     89   3.17518  4.54450  4.62182  4.05791  3.06860  4.39410  4.68808  1.90698  3.91162  1.10455  2.31764  4.35086  4.60873  4.08788  4.08189  3.72707  3.39973  2.15501  5.10659  4.01131     89 l - - -
          2.68618  4.42225  2.77519  2.73123  3.46354  2.40513  3.72494  3.29354  2.67741  2.69355  4.24690  2.90347  2.73739  3.18146  2.89801  2.37887  2.77519  2.98518  4.58477  3.61503
          0.03041  3.90383  4.62618  0.61958  0.77255  0.48576  0.95510
     90   2.87655  4.31598  4.25448  3.69347  3.26391  4.04751  4.39588  1.59711  3.57060  1.74227  2.64057  3.98171  4.36675  3.82814  3.79845  3.35843  2.72701  1.93974  5.06056  3.89476     90 i - - -
          2.68618  4.42225  2.77519  2.73123  3.46354  2.40513  3.72494  3.29354  2.67741  2.69355  4.24690  2.90347  2.73739  3.18146  2.89801  2.37887  2.77519  2.98518  4.58477  3.61503
          0.03041  3.90383  4.62618  0.61958  0.77255  0.48576  0.95510
     91   2.72654  4.83604  2.95680  2.57263  4.30053  3.35770  3.68072  3.70906  1.43178  3.28648  4.15160  3.02324  3.86205  2.84713  2.50483  2.36230  3.00296  3.35754  5.42600  4.14935     91 k - - -
          2.68618  4.42225  2.77519  2.73123  3.46354  2.40513  3.72494  3.29354  2.67741  2.69355  4.24690  2.90347  2.73739  3.18146  2.89801  2.37887  2.77519  2.98518  4.58477  3.61503
          0.03041  3.90383  4.62618  0.61958  0.77255  0.48576  0.95510
     92   0.96951  4.20744  3.49419  3.28671  4.08337  3.03119  4.30508  3.21356  3.30376  3.09374  4.12197  3.42847  3.77335  3.64201  3.55226  2.55739  2.83690  2.86253  5.50739  4.31107     92 a - - -
          2.68618  4.42225  2.77519  2.73123  3.46354  2.40513  3.72494  3.29354  2.67741  2.69355  4.24690  2.90347  2.73739  3.18146  2.89801  2.37887  2.77519  2.98518  4.58477  3.61503
          0.03041  3.90383  4.62618  0.61958  0.77255  0.48576  0.95510
     93   3.38743  4.75102  4.13895  3.85263  2.69802  3.76513  3.93810  3.41215  3.57408  2.80172  4.04453  3.99531  4.28543  3.96006  3.69698  3.59084  3.68936  3.30336  0.82437  2.69844     93 w - - -
          2.68618  4.42225  2.77519  2.73123  3.46354  2.40513  3.72494  3.29354  2.67741  2.69355  4.24690  2.90347  2.73739  3.18146  2.89801  2.37887  2.77519  2.98518  4.58477  3.61503
          0.03041  3.90383  4.62618  0.61958  0.77255  0.48576  0.95510
     94   0.96951  4.20744  3.49419  3.28671  4.08337  3.03119  4.30508  3.21356  3.30376  3.09374  4.12197  3.42847  3.77335  3.64201  3.55226  2.55739  2.83690  2.86253  5.50739  4.31107     94 a - - -
          2.68618  4.42225  2.77519  2.73123  3.46354  2.40513  3.72494  3.29354  2.67741  2.69355  4.24690  2.90347  2.73739  3.18146  2.89801  2.37887  2.77519  2.98518  4.58477  3.61503
          0.03041  3.90383  4.62618  0.61958  0.77255  0.48576  0.95510
     95   1.29393  4.11322  3.37710  3.11161  4.16717  2.91026  4.17211  3.48278  3.15514  3.25954  4.12807  3.26450  3.65700  3.46004  3.45084  1.86762  2.67344  3.00272  5.54508  4.32065     95 a - - -
          2.68618  4.42225  2.77519  2.73123  3.46354  2.40513  3.72494  3.29354  2.67741  2.69355  4.24690  2.90347  2.73739  3.18146  2.89801  2.37887  2.77519  2.98518  4.58477  3.61503
          0.03041  3.90383  4.62618  0.61958  0.77255  0.48576  0.95510
     96   3.02884  4.84105  3.15599  2.91891  3.30640  3.47375  1.07805  3.73662  2.76109  3.22673  4.27198  3.32704  4.02791  3.28550  3.02502  3.09919  3.33320  3.47113  4.77108  3.25634     96 h - - -
          2.68618  4.42225  2.77519  2.73123  3.46354  2.40513  3.72494  3.29354  2.67741  2.69355  4.24690  2.90347  2.73739  3.18146  2.89801  2.37887  2.77519  2.98518  4.58477  3.61503
          0.03041  3.90383  4.62618  0.61958  0.77255  0.48576  0.95510
     97   2.83275  4.36647  4.16883  3.83273  3.57281  3.75645  4.62897  2.04828  3.70100  2.25427  3.53301  4.01758  4.31508  4.05845  3.91051  3.26180  3.19345  0.98628  5.36261  4.09625     97 v - - -
          2.68618  4.42225  2.77519  2.73123  3.46354  2.40513  3.72494  3.29354  2.67741  2.69355  4.24690  2.90347  2.73739  3.18146  2.89801  2.37887  2.77519  2.98518  4.58477  3.61503
          0.03041  3.90383  4.62618  0.61958  0.77255  0.48576  0.95510
     98   2.88287  5.32617  2.00410  1.25682  4.62385  3.20763  3.73487  4.10691  2.70525  3.65780  4.52476  2.70159  3.81437  2.90772  3.24760  2.79546  3.16987  3.71612  5.81321  4.36521     98 e - - -
          2.68618  4.42225  2.77519  2.73123  3.46354  2.40513  3.72494  3.29354  2.67741  2.69355  4.24690  2.90347  2.73739  3.18146  2.89801  2.37887  2.77519  2.98518  4.58477  3.61503
          0.03041  3.90383  4.62618  0.61958  0.77255  0.48576  0.95510
     99   3.02301  5.15655  0.87412  2.35410  4.53770  3.23417  3.95828  4.13295  3.04827  3.73562  4.71422  2.91212  3.88916  3.19735  3.56890  2.98170  3.36218  3.76873  5.70024  4.40519     99 d - - -
          2.68618  4.42225  2.77519  2.73123  3.46354  2.40513  3.72494  3.29354  2.67741  2.69355  4.24690  2.90347  2.73739  3.18146  2.89801  2.37887  2.77519  2.98518  4.58477  3.61503
          0.03041  3.90383  4.62618  0.61958  0.77255  0.48576  0.95510
    100   2.70368  4.47624  3.38389  3.28716  4.42934  0.68232  4.40572  4.03639  3.47271  3.68664  4.66247  3.54813  3.86839  3.79436  3.70552  2.87645  3.18734  3.55864  5.51642  4.53222    100 G - - -
          2.68618  4.42225  2.77519  2.73123  3.46354  2.40513  3.72494  3.29354  2.67741  2.69355  4.24690  2.90347  2.73739  3.18146  2.89801  2.37887  2.77519  2.98518  4.58477  3.61503
          0.03041  3.90383  4.62618  0.61958  0.77255  0.48576  0.95510
    101   3.05547  4.46526  4.38050  3.99734  3.39515  4.10058  4.71952  1.03992  3.82609  1.97459  3.32543  4.23827  4.52862  4.17104  4.01906  3.59876  3.35401  1.84662  5.29259  4.03371    101 i - - -
          2.68618  4.42225  2.77519  2.73123  3.46354  2.40513  3.72494  3.29354  2.67741  2.69355  4.24690  2.90347  2.73739  3.18146  2.89801  2.37887  2.77519  2.98518  4.58477  3.61503
          0.03041  3.90383  4.62618  0.61958  0.77255  0.48576  0.95510
    102   1.18960  4.11265  3.38659  3.13710  4.15423  2.91514  4.19119  3.43751  3.17693  3.24319  4.12765  3.28040  3.66564  3.48737  3.46223  2.07009  2.68341  2.97330  5.54419  4.31774    102 a - - -
          2.68618  4.42225  2.77519  2.73123  3.46354  2.40513  3.72494  3.29354  2.67741  2.69355  4.24690  2.90347  2.73739  3.18146  2.89801  2.37887  2.77519  2.98518  4.58477  3.61503
          0.03041  3.90383  4.62618  0.61958  0.77255  0.48576  0.95510
    103   1.55921  4.12468  3.31550  3.02718  4.22654  2.50002  4.12534  3.62696  3.10461  3.32288  4.14912  3.21389  3.63542  3.39004  3.43122  1.67297  2.65424  3.09575  5.56820  4.34869    103 a - - -
          2.68618  4.42225  2.77519  2.73123  3.46354  2.40513  3.72494  3.29354  2.67741  2.69355  4.24690  2.90347  2.73739  3.18146  2.89801  2.37887  2.77519  2.98518  4.58477  3.61503
          0.03041  3.90383  4.62618  0.61958  0.77255  0.48576  0.95510
    104   3.15708  4.51304  4.62784  4.10729  3.17400  4.38919  4.74688  1.50976  3.93333  1.24059  3.01798  4.37951  4.64730  4.17188  4.11221  3.75757  3.40047  1.93530  5.18876  4.01164    104 l - - -
          2.68618  4.42225  2.77519  2.73123  3.46354  2.40513  3.72494  3.29354  2.67741  2.69355  4.24690  2.90347  2.73739  3.18146  2.89801  2.37887  2.77519  2.98518  4.58477  3.61503
          0.03041  3.90383  4.62618  0.61958  0.77255  0.48576  0.95510
    105   3.04050  4.87785  3.53431  3.03859  4.24036  3.52275  3.84650  3.78406  2.24934  3.29428  4.29345  3.39603  4.02363  3.06510  0.93156  3.12304  3.30420  3.50661  5.31058  4.16070    105 r - - -
          2.68618  4.42225  2.77519  2.73123  3.46354  2.40513  3.72494  3.29354  2.67741  2.69355  4.24690  2.90347  2.73739  3.18146  2.89801  2.37887  2.77519  2.98518  4.58477  3.61503
          0.03041  3.90383  4.62618  0.61958  0.77255  0.48576  0.95510
    106   2.74914  4.74705  2.72522  2.61375  4.11545  3.20477  3.94586  3.83238  2.85206  3.47564  4.43055  1.10373  3.85808  3.21851  3.20792  2.81503  3.13193  3.45143  5.41775  4.06141    106 n - - -
          2.68618  4.42225  2.77519  2.73123  3.46354  2.40513  3.72494  3.29354  2.67741  2.69355  4.24690  2.90347  2.73739  3.18146  2.89801  2.37887  2.77519  2.98518  4.58477  3.61503
          0.03041  3.90383  4.62618  0.61958  0.77255  0.48576  0.95510
    107   2.71175  3.42710  3.56824  3.04065  2.76139  3.62612  2.66015  2.92191  2.91375  2.56947  3.52587  3.37210  4.01978  3.24383  3.21690  2.90957  2.95293  2.70817  4.33439  2.01439    107 y - - -
          2.68618  4.42225  2.77519  2.73123  3.46354  2.40513  3.72494  3.29354  2.67741  2.69355  4.24690  2.90347  2.73739  3.18146  2.89801  2.37887  2.77519  2.98518  4.58477  3.61503
          0.03041  3.90383  4.62618  0.61958  0.77255  0.48576  0.95510
    108   2.99340  5.08397  3.39616  2.75565  4.51455  3.61153  3.58413  3.87039  1.49926  3.33441  4.21127  3.15861  3.99017  2.72485  1.51394  2.99814  3.16793  3.55884  5.39295  4.21851    108 k - - -
          2.68618  4.42225  2.77519  2.73123  3.46354  2.40513  3.72494  3.29354  2.67741  2.69355  4.24690  2.90347  2.73739  3.18146  2.89801  2.37887  2.77519  2.98518  4.58477  3.61503
          0.03041  3.90383  4.62618  0.61958  0.77255  0.48576  0.95510
    109   2.63336  4.83406  2.68757  2.38186  4.26714  3.26690  3.67761  3.71067  2.16029  3.28710  4.11615  2.21161  3.78886  2.84072  2.82773  2.04423  2.91990  3.33555  5.47229  4.13261    109 s - - -
          2.68618  4.42225  2.77519  2.73123  3.46354  2.40513  3.72494  3.29354  2.67741  2.69355  4.24690  2.90347  2.73739  3.18146  2.89801  2.37887  2.77519  2.98518  4.58477  3.61503
          0.03041  3.90383  4.62618  0.61958  0.77255  0.48576  0.95510
    110   3.18157  4.56343  4.56846  4.05363  3.10882  4.35985  4.69092  1.81326  3.85898  1.04082  2.96818  4.33754  4.62350  4.10877  4.03961  3.73227  3.42573  2.06898  5.13207  3.94597    110 l - - -
          2.68618  4.42225  2.77519  2.73123  3.46354  2.40513  3.72494  3.29354  2.67741  2.69355  4.24690  2.90347  2.73739  3.18146  2.89801  2.37887  2.77519  2.98518  4.58477  3.61503
          0.03041  3.90383  4.62618  0.61958  0.77255  0.48576  0.95510
    111   2.60327  4.65428  3.05286  2.52938  3.89278  3.41984  3.64606  2.93112  2.03639  2.90745  3.77092  2.47230  3.83051  2.82916  2.77015  2.67920  2.84107  2.68530  5.19425  3.89721    111 k - - -
          2.68618  4.42225  2.77519  2.73123  3.46354  2.40513  3.72494  3.29354  2.67741  2.69355  4.24690  2.90347  2.73739  3.18146  2.89801  2.37887  2.77519  2.98518  4.58477  3.61503
          0.03041  3.90383  4.62618  0.61958  0.77255  0.48576  0.95510
    112   2.81893  5.32652  1.62211  1.80471  4.57971  3.22071  3.02724  4.10038  2.60410  3.60835  4.43455  2.68363  3.79019  2.82745  3.15024  2.73125  3.08719  3.69353  5.76270  4.29518    112 d - - -
          2.68618  4.42225  2.77519  2.73123  3.46354  2.40513  3.72494  3.29354  2.67741  2.69355  4.24690  2.90347  2.73739  3.18146  2.89801  2.37887  2.77519  2.98518  4.58477  3.61503
          0.03041  3.90383  4.62618  0.61958  0.77255  0.48576  0.95510
    113   3.20890  4.58839  4.50611  4.02579  1.73323  4.26652  4.17382  2.35095  3.88246  1.28129  3.03331  4.18621  4.54821  4.02712  4.02540  3.62994  3.44547  2.42270  4.45760  2.94622    113 l - - -
          2.68618  4.42225  2.77519  2.73123  3.46354  2.40513  3.72494  3.29354  2.67741  2.69355  4.24690  2.90347  2.73739  3.18146  2.89801  2.37887  2.77519  2.98518  4.58477  3.61503
          0.03041  3.90383  4.62618  0.61958  0.77255  0.48576  0.95510
    114   2.16032  4.24986  3.32993  2.88282  3.85944  3.14674  3.92211  3.12963  2.83924  2.59650  3.78660  3.20090  3.75117  3.18160  3.18992  1.86539  2.21459  2.79684  5.25186  4.00601    114 s - - -
          2.68618  4.42225  2.77519  2.73123  3.46354  2.40513  3.72494  3.29354  2.67741  2.69355  4.24690  2.90347  2.73739  3.18146  2.89801  2.37887  2.77519  2.98518  4.58477  3.61503
          0.03041  3.90383  4.62618  0.61958  0.77255  0.48576  0.95510
    115   2.64785  4.76606  3.00862  2.15346  3.99968  3.43736  3.61630  3.02373  1.93724  2.74354  3.84032  2.98301  3.83576  2.77989  2.67349  2.69557  2.87263  3.04503  5.25381  3.95377    115 k - - -
          2.68618  4.42225  2.77519  2.73123  3.46354  2.40513  3.72494  3.29354  2.67741  2.69355  4.24690  2.90347  2.73739  3.18146  2.89801  2.37887  2.77519  2.98518  4.58477  3.61503
          0.03041  3.90383  4.62618  0.61958  0.77255  0.48576  0.95510
    116   2.04921  4.45003  3.08653  2.67140  3.84550  3.28508  3.80432  2.71930  2.67067  2.88085  3.78254  2.17098  3.81124  3.03174  3.05554  2.63037  2.81355  2.79413  5.22987  3.93618    116 a - - -
          2.68618  4.42225  2.77519  2.73123  3.46354  2.40513  3.72494  3.29354  2.67741  2.69355  4.24690  2.90347  2.73739  3.18146  2.89801  2.37887  2.77519  2.98518  4.58477  3.61503
          0.03041  3.90383  4.62618  0.61958  0.77255  0.48576  0.95510
    117   3.14293  4.49552  4.62741  4.11079  3.20699  4.38452  4.75724  1.39696  3.93764  1.35479  3.05427  4.37926  4.65019  4.18595  4.12003  3.75546  3.38888  1.88412  5.21165  4.02435    117 l - - -
          2.68618  4.42225  2.77519  2.73123  3.46354  2.40513  3.72494  3.29354  2.67741  2.69355  4.24690  2.90347  2.73739  3.18146  2.89801  2.37887  2.77519  2.98518  4.58477  3.61503
          0.02057  3.89399        *  0.61958  0.77255  0.00000        *
//
