HMMER3/f [3.2.1 | June 2018]
NAME  ABI_abiTi
LENG  125
ALPH  amino
RF    no
MM    no
CONS  yes
CS    no
MAP   yes
DATE  Fri Jun 18 18:43:37 2021
NSEQ  1
EFFN  0.417969
CKSUM 161542786
STATS LOCAL MSV       -9.9966  0.71253
STATS LOCAL VITERBI  -10.5725  0.71253
STATS LOCAL FORWARD   -4.3919  0.71253
HMM          A        C        D        E        F        G        H        I        K        L        M        N        P        Q        R        S        T        V        W        Y   
            m->m     m->i     m->d     i->m     i->i     d->m     d->d
  COMPO   2.53220  4.52648  2.81038  2.72755  3.44722  2.78081  3.92530  2.70023  2.61659  2.40098  3.62608  2.79048  3.61624  3.05213  3.15793  2.63732  2.83104  2.63693  5.14200  3.60794
          2.68618  4.42225  2.77519  2.73123  3.46354  2.40513  3.72494  3.29354  2.67741  2.69355  4.24690  2.90347  2.73739  3.18146  2.89801  2.37887  2.77519  2.98518  4.58477  3.61503
          0.03351  3.80839  4.53074  0.61958  0.77255  0.00000        *
      1   2.92069  4.48020  3.98129  3.57113  3.18275  3.78627  4.32118  2.35208  3.34223  1.78828  1.50662  3.85616  4.24761  3.72903  3.55483  3.26253  3.22531  2.35043  5.01429  3.76968      1 m - - -
          2.68618  4.42225  2.77519  2.73123  3.46354  2.40513  3.72494  3.29354  2.67741  2.69355  4.24690  2.90347  2.73739  3.18146  2.89801  2.37887  2.77519  2.98518  4.58477  3.61503
          0.03351  3.80839  4.53074  0.61958  0.77255  0.48576  0.95510
      2   2.91557  4.87384  3.08714  2.72252  4.24557  3.41039  3.72746  3.67115  1.12970  3.25103  4.21733  3.14931  3.91643  2.92363  2.42483  2.96260  3.17436  3.38305  5.32773  4.13178      2 k - - -
          2.68618  4.42225  2.77519  2.73123  3.46354  2.40513  3.72494  3.29354  2.67741  2.69355  4.24690  2.90347  2.73739  3.18146  2.89801  2.37887  2.77519  2.98518  4.58477  3.61503
          0.03351  3.80839  4.53074  0.61958  0.77255  0.48576  0.95510
      3   2.67266  4.66469  2.67738  2.55713  4.01837  3.14279  3.87335  3.71632  2.77246  3.37097  4.32772  1.27686  3.79220  3.14721  3.12388  2.74309  3.05315  3.34503  5.33189  3.97225      3 n - - -
          2.68618  4.42225  2.77519  2.73123  3.46354  2.40513  3.72494  3.29354  2.67741  2.69355  4.24690  2.90347  2.73739  3.18146  2.89801  2.37887  2.77519  2.98518  4.58477  3.61503
          0.03351  3.80839  4.53074  0.61958  0.77255  0.48576  0.95510
      4   2.67266  4.66469  2.67738  2.55713  4.01837  3.14279  3.87335  3.71632  2.77246  3.37097  4.32772  1.27686  3.79220  3.14721  3.12388  2.74309  3.05315  3.34503  5.33189  3.97225      4 n - - -
          2.68618  4.42225  2.77519  2.73123  3.46354  2.40513  3.72494  3.29354  2.67741  2.69355  4.24690  2.90347  2.73739  3.18146  2.89801  2.37887  2.77519  2.98518  4.58477  3.61503
          0.03351  3.80839  4.53074  0.61958  0.77255  0.48576  0.95510
      5   2.67266  4.66469  2.67738  2.55713  4.01837  3.14279  3.87335  3.71632  2.77246  3.37097  4.32772  1.27686  3.79220  3.14721  3.12388  2.74309  3.05315  3.34503  5.33189  3.97225      5 n - - -
          2.68618  4.42225  2.77519  2.73123  3.46354  2.40513  3.72494  3.29354  2.67741  2.69355  4.24690  2.90347  2.73739  3.18146  2.89801  2.37887  2.77519  2.98518  4.58477  3.61503
          0.03351  3.80839  4.53074  0.61958  0.77255  0.48576  0.95510
      6   2.92311  5.03735  1.01454  2.30009  4.40640  3.16420  3.87837  3.98050  2.95099  3.60099  4.57912  2.85261  3.81266  3.11848  3.45728  2.89377  3.26085  3.62704  5.58736  4.29177      6 d - - -
          2.68618  4.42225  2.77519  2.73123  3.46354  2.40513  3.72494  3.29354  2.67741  2.69355  4.24690  2.90347  2.73739  3.18146  2.89801  2.37887  2.77519  2.98518  4.58477  3.61503
          0.03351  3.80839  4.53074  0.61958  0.77255  0.48576  0.95510
      7   2.91557  4.87384  3.08714  2.72252  4.24557  3.41039  3.72746  3.67115  1.12970  3.25103  4.21733  3.14931  3.91643  2.92363  2.42483  2.96260  3.17436  3.38305  5.32773  4.13178      7 k - - -
          2.68618  4.42225  2.77519  2.73123  3.46354  2.40513  3.72494  3.29354  2.67741  2.69355  4.24690  2.90347  2.73739  3.18146  2.89801  2.37887  2.77519  2.98518  4.58477  3.61503
          0.03351  3.80839  4.53074  0.61958  0.77255  0.48576  0.95510
      8   2.67266  4.66469  2.67738  2.55713  4.01837  3.14279  3.87335  3.71632  2.77246  3.37097  4.32772  1.27686  3.79220  3.14721  3.12388  2.74309  3.05315  3.34503  5.33189  3.97225      8 n - - -
          2.68618  4.42225  2.77519  2.73123  3.46354  2.40513  3.72494  3.29354  2.67741  2.69355  4.24690  2.90347  2.73739  3.18146  2.89801  2.37887  2.77519  2.98518  4.58477  3.61503
          0.03351  3.80839  4.53074  0.61958  0.77255  0.48576  0.95510
      9   2.38088  4.22532  3.37373  3.12452  3.91469  3.06626  4.14640  3.03411  3.06620  2.89981  3.95571  3.34319  3.76550  3.46463  3.32709  2.58160  1.28546  2.73596  5.35824  4.13176      9 t - - -
          2.68618  4.42225  2.77519  2.73123  3.46354  2.40513  3.72494  3.29354  2.67741  2.69355  4.24690  2.90347  2.73739  3.18146  2.89801  2.37887  2.77519  2.98518  4.58477  3.61503
          0.03351  3.80839  4.53074  0.61958  0.77255  0.48576  0.95510
     10   2.83288  4.81384  2.86375  2.61915  3.97341  3.32530  3.77632  3.59581  2.44483  3.10440  4.13570  3.07769  3.87889  1.35270  2.72959  2.88411  3.13068  3.32998  5.25766  3.94763     10 q - - -
          2.68618  4.42225  2.77519  2.73123  3.46354  2.40513  3.72494  3.29354  2.67741  2.69355  4.24690  2.90347  2.73739  3.18146  2.89801  2.37887  2.77519  2.98518  4.58477  3.61503
          0.03351  3.80839  4.53074  0.61958  0.77255  0.48576  0.95510
     11   2.67266  4.66469  2.67738  2.55713  4.01837  3.14279  3.87335  3.71632  2.77246  3.37097  4.32772  1.27686  3.79220  3.14721  3.12388  2.74309  3.05315  3.34503  5.33189  3.97225     11 n - - -
          2.68618  4.42225  2.77519  2.73123  3.46354  2.40513  3.72494  3.29354  2.67741  2.69355  4.24690  2.90347  2.73739  3.18146  2.89801  2.37887  2.77519  2.98518  4.58477  3.61503
          0.03351  3.80839  4.53074  0.61958  0.77255  0.48576  0.95510
     12   2.28599  4.20474  3.15313  2.96740  4.01316  2.93592  4.07832  3.52777  3.03676  3.25353  4.18606  3.20153  3.66974  3.39147  3.32378  1.19199  2.76159  3.07699  5.39114  4.09669     12 s - - -
          2.68618  4.42225  2.77519  2.73123  3.46354  2.40513  3.72494  3.29354  2.67741  2.69355  4.24690  2.90347  2.73739  3.18146  2.89801  2.37887  2.77519  2.98518  4.58477  3.61503
          0.03351  3.80839  4.53074  0.61958  0.77255  0.48576  0.95510
     13   3.15726  4.67219  3.74475  3.46341  2.29976  3.75634  3.59289  3.17566  3.32278  2.64581  3.85778  3.64645  4.23235  3.64422  3.51908  3.29987  3.44402  3.04338  3.94061  1.07944     13 y - - -
          2.68618  4.42225  2.77519  2.73123  3.46354  2.40513  3.72494  3.29354  2.67741  2.69355  4.24690  2.90347  2.73739  3.18146  2.89801  2.37887  2.77519  2.98518  4.58477  3.61503
          0.03351  3.80839  4.53074  0.61958  0.77255  0.48576  0.95510
     14   3.08469  4.56681  4.08583  3.72691  3.11381  3.89935  4.40279  2.31622  3.49522  0.95845  3.15956  4.00841  4.34677  3.87896  3.68117  3.46490  3.38246  2.33662  4.96833  3.67637     14 l - - -
          2.68618  4.42225  2.77519  2.73123  3.46354  2.40513  3.72494  3.29354  2.67741  2.69355  4.24690  2.90347  2.73739  3.18146  2.89801  2.37887  2.77519  2.98518  4.58477  3.61503
          0.03351  3.80839  4.53074  0.61958  0.77255  0.48576  0.95510
     15   2.75784  4.31972  4.03530  3.69790  3.50486  3.65597  4.51118  2.05876  3.56463  2.20413  3.48128  3.89758  4.22110  3.92973  3.78302  3.15664  3.12163  1.11004  5.27795  4.00490     15 v - - -
          2.68618  4.42225  2.77519  2.73123  3.46354  2.40513  3.72494  3.29354  2.67741  2.69355  4.24690  2.90347  2.73739  3.18146  2.89801  2.37887  2.77519  2.98518  4.58477  3.61503
          0.03351  3.80839  4.53074  0.61958  0.77255  0.48576  0.95510
     16   2.67266  4.66469  2.67738  2.55713  4.01837  3.14279  3.87335  3.71632  2.77246  3.37097  4.32772  1.27686  3.79220  3.14721  3.12388  2.74309  3.05315  3.34503  5.33189  3.97225     16 n - - -
          2.68618  4.42225  2.77519  2.73123  3.46354  2.40513  3.72494  3.29354  2.67741  2.69355  4.24690  2.90347  2.73739  3.18146  2.89801  2.37887  2.77519  2.98518  4.58477  3.61503
          0.03351  3.80839  4.53074  0.61958  0.77255  0.48576  0.95510
     17   2.98131  4.41980  4.24162  3.85620  3.33257  3.99480  4.59720  1.16111  3.68296  1.93351  3.27971  4.11059  4.43351  4.03877  3.88695  3.48513  3.28221  1.84862  5.20905  3.94078     17 i - - -
          2.68618  4.42225  2.77519  2.73123  3.46354  2.40513  3.72494  3.29354  2.67741  2.69355  4.24690  2.90347  2.73739  3.18146  2.89801  2.37887  2.77519  2.98518  4.58477  3.61503
          0.03351  3.80839  4.53074  0.61958  0.77255  0.48576  0.95510
     18   2.58929  4.36940  3.24976  3.14188  4.28221  0.83523  4.26473  3.86748  3.31425  3.52941  4.50578  3.41443  3.75846  3.64375  3.55601  2.75963  3.06560  3.40832  5.39294  4.38245     18 g - - -
          2.68618  4.42225  2.77519  2.73123  3.46354  2.40513  3.72494  3.29354  2.67741  2.69355  4.24690  2.90347  2.73739  3.18146  2.89801  2.37887  2.77519  2.98518  4.58477  3.61503
          0.03351  3.80839  4.53074  0.61958  0.77255  0.48576  0.95510
     19   2.58929  4.36940  3.24976  3.14188  4.28221  0.83523  4.26473  3.86748  3.31425  3.52941  4.50578  3.41443  3.75846  3.64375  3.55601  2.75963  3.06560  3.40832  5.39294  4.38245     19 g - - -
          2.68618  4.42225  2.77519  2.73123  3.46354  2.40513  3.72494  3.29354  2.67741  2.69355  4.24690  2.90347  2.73739  3.18146  2.89801  2.37887  2.77519  2.98518  4.58477  3.61503
          0.03351  3.80839  4.53074  0.61958  0.77255  0.48576  0.95510
     20   2.67266  4.66469  2.67738  2.55713  4.01837  3.14279  3.87335  3.71632  2.77246  3.37097  4.32772  1.27686  3.79220  3.14721  3.12388  2.74309  3.05315  3.34503  5.33189  3.97225     20 n - - -
          2.68618  4.42225  2.77519  2.73123  3.46354  2.40513  3.72494  3.29354  2.67741  2.69355  4.24690  2.90347  2.73739  3.18146  2.89801  2.37887  2.77519  2.98518  4.58477  3.61503
          0.03351  3.80839  4.53074  0.61958  0.77255  0.48576  0.95510
     21   2.38088  4.22532  3.37373  3.12452  3.91469  3.06626  4.14640  3.03411  3.06620  2.89981  3.95571  3.34319  3.76550  3.46463  3.32709  2.58160  1.28546  2.73596  5.35824  4.13176     21 t - - -
          2.68618  4.42225  2.77519  2.73123  3.46354  2.40513  3.72494  3.29354  2.67741  2.69355  4.24690  2.90347  2.73739  3.18146  2.89801  2.37887  2.77519  2.98518  4.58477  3.61503
          0.03351  3.80839  4.53074  0.61958  0.77255  0.48576  0.95510
     22   2.38088  4.22532  3.37373  3.12452  3.91469  3.06626  4.14640  3.03411  3.06620  2.89981  3.95571  3.34319  3.76550  3.46463  3.32709  2.58160  1.28546  2.73596  5.35824  4.13176     22 t - - -
          2.68618  4.42225  2.77519  2.73123  3.46354  2.40513  3.72494  3.29354  2.67741  2.69355  4.24690  2.90347  2.73739  3.18146  2.89801  2.37887  2.77519  2.98518  4.58477  3.61503
          0.03351  3.80839  4.53074  0.61958  0.77255  0.48576  0.95510
     23   2.58929  4.36940  3.24976  3.14188  4.28221  0.83523  4.26473  3.86748  3.31425  3.52941  4.50578  3.41443  3.75846  3.64375  3.55601  2.75963  3.06560  3.40832  5.39294  4.38245     23 g - - -
          2.68618  4.42225  2.77519  2.73123  3.46354  2.40513  3.72494  3.29354  2.67741  2.69355  4.24690  2.90347  2.73739  3.18146  2.89801  2.37887  2.77519  2.98518  4.58477  3.61503
          0.03351  3.80839  4.53074  0.61958  0.77255  0.48576  0.95510
     24   2.75784  4.31972  4.03530  3.69790  3.50486  3.65597  4.51118  2.05876  3.56463  2.20413  3.48128  3.89758  4.22110  3.92973  3.78302  3.15664  3.12163  1.11004  5.27795  4.00490     24 v - - -
          2.68618  4.42225  2.77519  2.73123  3.46354  2.40513  3.72494  3.29354  2.67741  2.69355  4.24690  2.90347  2.73739  3.18146  2.89801  2.37887  2.77519  2.98518  4.58477  3.61503
          0.03351  3.80839  4.53074  0.61958  0.77255  0.48576  0.95510
     25   2.83288  4.81384  2.86375  2.61915  3.97341  3.32530  3.77632  3.59581  2.44483  3.10440  4.13570  3.07769  3.87889  1.35270  2.72959  2.88411  3.13068  3.32998  5.25766  3.94763     25 q - - -
          2.68618  4.42225  2.77519  2.73123  3.46354  2.40513  3.72494  3.29354  2.67741  2.69355  4.24690  2.90347  2.73739  3.18146  2.89801  2.37887  2.77519  2.98518  4.58477  3.61503
          0.03351  3.80839  4.53074  0.61958  0.77255  0.48576  0.95510
     26   2.98131  4.41980  4.24162  3.85620  3.33257  3.99480  4.59720  1.16111  3.68296  1.93351  3.27971  4.11059  4.43351  4.03877  3.88695  3.48513  3.28221  1.84862  5.20905  3.94078     26 i - - -
          2.68618  4.42225  2.77519  2.73123  3.46354  2.40513  3.72494  3.29354  2.67741  2.69355  4.24690  2.90347  2.73739  3.18146  2.89801  2.37887  2.77519  2.98518  4.58477  3.61503
          0.03351  3.80839  4.53074  0.61958  0.77255  0.48576  0.95510
     27   2.83288  4.81384  2.86375  2.61915  3.97341  3.32530  3.77632  3.59581  2.44483  3.10440  4.13570  3.07769  3.87889  1.35270  2.72959  2.88411  3.13068  3.32998  5.25766  3.94763     27 q - - -
          2.68618  4.42225  2.77519  2.73123  3.46354  2.40513  3.72494  3.29354  2.67741  2.69355  4.24690  2.90347  2.73739  3.18146  2.89801  2.37887  2.77519  2.98518  4.58477  3.61503
          0.03351  3.80839  4.53074  0.61958  0.77255  0.48576  0.95510
     28   2.83288  4.81384  2.86375  2.61915  3.97341  3.32530  3.77632  3.59581  2.44483  3.10440  4.13570  3.07769  3.87889  1.35270  2.72959  2.88411  3.13068  3.32998  5.25766  3.94763     28 q - - -
          2.68618  4.42225  2.77519  2.73123  3.46354  2.40513  3.72494  3.29354  2.67741  2.69355  4.24690  2.90347  2.73739  3.18146  2.89801  2.37887  2.77519  2.98518  4.58477  3.61503
          0.03351  3.80839  4.53074  0.61958  0.77255  0.48576  0.95510
     29   2.67266  4.66469  2.67738  2.55713  4.01837  3.14279  3.87335  3.71632  2.77246  3.37097  4.32772  1.27686  3.79220  3.14721  3.12388  2.74309  3.05315  3.34503  5.33189  3.97225     29 n - - -
          2.68618  4.42225  2.77519  2.73123  3.46354  2.40513  3.72494  3.29354  2.67741  2.69355  4.24690  2.90347  2.73739  3.18146  2.89801  2.37887  2.77519  2.98518  4.58477  3.61503
          0.03351  3.80839  4.53074  0.61958  0.77255  0.48576  0.95510
     30   1.11031  4.16266  3.39952  3.18951  3.99036  2.98856  4.21886  3.10649  3.20414  2.99084  4.03105  3.35470  3.72187  3.55158  3.45819  2.51417  2.78716  2.77211  5.42402  4.21744     30 a - - -
          2.68618  4.42225  2.77519  2.73123  3.46354  2.40513  3.72494  3.29354  2.67741  2.69355  4.24690  2.90347  2.73739  3.18146  2.89801  2.37887  2.77519  2.98518  4.58477  3.61503
          0.03351  3.80839  4.53074  0.61958  0.77255  0.48576  0.95510
     31   2.75784  4.31972  4.03530  3.69790  3.50486  3.65597  4.51118  2.05876  3.56463  2.20413  3.48128  3.89758  4.22110  3.92973  3.78302  3.15664  3.12163  1.11004  5.27795  4.00490     31 v - - -
          2.68618  4.42225  2.77519  2.73123  3.46354  2.40513  3.72494  3.29354  2.67741  2.69355  4.24690  2.90347  2.73739  3.18146  2.89801  2.37887  2.77519  2.98518  4.58477  3.61503
          0.03351  3.80839  4.53074  0.61958  0.77255  0.48576  0.95510
     32   2.92311  5.03735  1.01454  2.30009  4.40640  3.16420  3.87837  3.98050  2.95099  3.60099  4.57912  2.85261  3.81266  3.11848  3.45728  2.89377  3.26085  3.62704  5.58736  4.29177     32 d - - -
          2.68618  4.42225  2.77519  2.73123  3.46354  2.40513  3.72494  3.29354  2.67741  2.69355  4.24690  2.90347  2.73739  3.18146  2.89801  2.37887  2.77519  2.98518  4.58477  3.61503
          0.03351  3.80839  4.53074  0.61958  0.77255  0.48576  0.95510
     33   2.28599  4.20474  3.15313  2.96740  4.01316  2.93592  4.07832  3.52777  3.03676  3.25353  4.18606  3.20153  3.66974  3.39147  3.32378  1.19199  2.76159  3.07699  5.39114  4.09669     33 s - - -
          2.68618  4.42225  2.77519  2.73123  3.46354  2.40513  3.72494  3.29354  2.67741  2.69355  4.24690  2.90347  2.73739  3.18146  2.89801  2.37887  2.77519  2.98518  4.58477  3.61503
          0.03351  3.80839  4.53074  0.61958  0.77255  0.48576  0.95510
     34   2.67266  4.66469  2.67738  2.55713  4.01837  3.14279  3.87335  3.71632  2.77246  3.37097  4.32772  1.27686  3.79220  3.14721  3.12388  2.74309  3.05315  3.34503  5.33189  3.97225     34 n - - -
          2.68618  4.42225  2.77519  2.73123  3.46354  2.40513  3.72494  3.29354  2.67741  2.69355  4.24690  2.90347  2.73739  3.18146  2.89801  2.37887  2.77519  2.98518  4.58477  3.61503
          0.03351  3.80839  4.53074  0.61958  0.77255  0.48576  0.95510
     35   2.83288  4.81384  2.86375  2.61915  3.97341  3.32530  3.77632  3.59581  2.44483  3.10440  4.13570  3.07769  3.87889  1.35270  2.72959  2.88411  3.13068  3.32998  5.25766  3.94763     35 q - - -
          2.68618  4.42225  2.77519  2.73123  3.46354  2.40513  3.72494  3.29354  2.67741  2.69355  4.24690  2.90347  2.73739  3.18146  2.89801  2.37887  2.77519  2.98518  4.58477  3.61503
          0.03351  3.80839  4.53074  0.61958  0.77255  0.48576  0.95510
     36   2.28599  4.20474  3.15313  2.96740  4.01316  2.93592  4.07832  3.52777  3.03676  3.25353  4.18606  3.20153  3.66974  3.39147  3.32378  1.19199  2.76159  3.07699  5.39114  4.09669     36 s - - -
          2.68618  4.42225  2.77519  2.73123  3.46354  2.40513  3.72494  3.29354  2.67741  2.69355  4.24690  2.90347  2.73739  3.18146  2.89801  2.37887  2.77519  2.98518  4.58477  3.61503
          0.03351  3.80839  4.53074  0.61958  0.77255  0.48576  0.95510
     37   2.83288  4.81384  2.86375  2.61915  3.97341  3.32530  3.77632  3.59581  2.44483  3.10440  4.13570  3.07769  3.87889  1.35270  2.72959  2.88411  3.13068  3.32998  5.25766  3.94763     37 q - - -
          2.68618  4.42225  2.77519  2.73123  3.46354  2.40513  3.72494  3.29354  2.67741  2.69355  4.24690  2.90347  2.73739  3.18146  2.89801  2.37887  2.77519  2.98518  4.58477  3.61503
          0.03351  3.80839  4.53074  0.61958  0.77255  0.48576  0.95510
     38   2.98131  4.41980  4.24162  3.85620  3.33257  3.99480  4.59720  1.16111  3.68296  1.93351  3.27971  4.11059  4.43351  4.03877  3.88695  3.48513  3.28221  1.84862  5.20905  3.94078     38 i - - -
          2.68618  4.42225  2.77519  2.73123  3.46354  2.40513  3.72494  3.29354  2.67741  2.69355  4.24690  2.90347  2.73739  3.18146  2.89801  2.37887  2.77519  2.98518  4.58477  3.61503
          0.03351  3.80839  4.53074  0.61958  0.77255  0.48576  0.95510
     39   2.98131  4.41980  4.24162  3.85620  3.33257  3.99480  4.59720  1.16111  3.68296  1.93351  3.27971  4.11059  4.43351  4.03877  3.88695  3.48513  3.28221  1.84862  5.20905  3.94078     39 i - - -
          2.68618  4.42225  2.77519  2.73123  3.46354  2.40513  3.72494  3.29354  2.67741  2.69355  4.24690  2.90347  2.73739  3.18146  2.89801  2.37887  2.77519  2.98518  4.58477  3.61503
          0.03351  3.80839  4.53074  0.61958  0.77255  0.48576  0.95510
     40   2.67266  4.66469  2.67738  2.55713  4.01837  3.14279  3.87335  3.71632  2.77246  3.37097  4.32772  1.27686  3.79220  3.14721  3.12388  2.74309  3.05315  3.34503  5.33189  3.97225     40 n - - -
          2.68618  4.42225  2.77519  2.73123  3.46354  2.40513  3.72494  3.29354  2.67741  2.69355  4.24690  2.90347  2.73739  3.18146  2.89801  2.37887  2.77519  2.98518  4.58477  3.61503
          0.03351  3.80839  4.53074  0.61958  0.77255  0.48576  0.95510
     41   2.89992  4.99376  2.46525  1.12027  4.33240  3.23467  3.81790  3.77361  2.69052  3.40180  4.38024  2.90101  3.83668  3.03593  3.09149  2.88987  3.20420  3.46469  5.51622  4.24017     41 e - - -
          2.68618  4.42225  2.77519  2.73123  3.46354  2.40513  3.72494  3.29354  2.67741  2.69355  4.24690  2.90347  2.73739  3.18146  2.89801  2.37887  2.77519  2.98518  4.58477  3.61503
          0.03351  3.80839  4.53074  0.61958  0.77255  0.48576  0.95510
     42   2.91557  4.87384  3.08714  2.72252  4.24557  3.41039  3.72746  3.67115  1.12970  3.25103  4.21733  3.14931  3.91643  2.92363  2.42483  2.96260  3.17436  3.38305  5.32773  4.13178     42 k - - -
          2.68618  4.42225  2.77519  2.73123  3.46354  2.40513  3.72494  3.29354  2.67741  2.69355  4.24690  2.90347  2.73739  3.18146  2.89801  2.37887  2.77519  2.98518  4.58477  3.61503
          0.03351  3.80839  4.53074  0.61958  0.77255  0.48576  0.95510
     43   3.17889  4.60008  4.15032  3.85387  1.12282  3.88119  3.85245  2.71188  3.76280  2.09750  3.45251  3.94779  4.34224  3.94887  3.89833  3.45132  3.48052  2.69761  4.12292  2.49894     43 f - - -
          2.68618  4.42225  2.77519  2.73123  3.46354  2.40513  3.72494  3.29354  2.67741  2.69355  4.24690  2.90347  2.73739  3.18146  2.89801  2.37887  2.77519  2.98518  4.58477  3.61503
          0.03351  3.80839  4.53074  0.61958  0.77255  0.48576  0.95510
     44   2.92311  5.03735  1.01454  2.30009  4.40640  3.16420  3.87837  3.98050  2.95099  3.60099  4.57912  2.85261  3.81266  3.11848  3.45728  2.89377  3.26085  3.62704  5.58736  4.29177     44 d - - -
          2.68618  4.42225  2.77519  2.73123  3.46354  2.40513  3.72494  3.29354  2.67741  2.69355  4.24690  2.90347  2.73739  3.18146  2.89801  2.37887  2.77519  2.98518  4.58477  3.61503
          0.03351  3.80839  4.53074  0.61958  0.77255  0.48576  0.95510
     45   3.15726  4.67219  3.74475  3.46341  2.29976  3.75634  3.59289  3.17566  3.32278  2.64581  3.85778  3.64645  4.23235  3.64422  3.51908  3.29987  3.44402  3.04338  3.94061  1.07944     45 y - - -
          2.68618  4.42225  2.77519  2.73123  3.46354  2.40513  3.72494  3.29354  2.67741  2.69355  4.24690  2.90347  2.73739  3.18146  2.89801  2.37887  2.77519  2.98518  4.58477  3.61503
          0.03351  3.80839  4.53074  0.61958  0.77255  0.48576  0.95510
     46   2.91557  4.87384  3.08714  2.72252  4.24557  3.41039  3.72746  3.67115  1.12970  3.25103  4.21733  3.14931  3.91643  2.92363  2.42483  2.96260  3.17436  3.38305  5.32773  4.13178     46 k - - -
          2.68618  4.42225  2.77519  2.73123  3.46354  2.40513  3.72494  3.29354  2.67741  2.69355  4.24690  2.90347  2.73739  3.18146  2.89801  2.37887  2.77519  2.98518  4.58477  3.61503
          0.03351  3.80839  4.53074  0.61958  0.77255  0.48576  0.95510
     47   2.91557  4.87384  3.08714  2.72252  4.24557  3.41039  3.72746  3.67115  1.12970  3.25103  4.21733  3.14931  3.91643  2.92363  2.42483  2.96260  3.17436  3.38305  5.32773  4.13178     47 k - - -
          2.68618  4.42225  2.77519  2.73123  3.46354  2.40513  3.72494  3.29354  2.67741  2.69355  4.24690  2.90347  2.73739  3.18146  2.89801  2.37887  2.77519  2.98518  4.58477  3.61503
          0.03351  3.80839  4.53074  0.61958  0.77255  0.48576  0.95510
     48   2.75784  4.31972  4.03530  3.69790  3.50486  3.65597  4.51118  2.05876  3.56463  2.20413  3.48128  3.89758  4.22110  3.92973  3.78302  3.15664  3.12163  1.11004  5.27795  4.00490     48 v - - -
          2.68618  4.42225  2.77519  2.73123  3.46354  2.40513  3.72494  3.29354  2.67741  2.69355  4.24690  2.90347  2.73739  3.18146  2.89801  2.37887  2.77519  2.98518  4.58477  3.61503
          0.03351  3.80839  4.53074  0.61958  0.77255  0.48576  0.95510
     49   1.11031  4.16266  3.39952  3.18951  3.99036  2.98856  4.21886  3.10649  3.20414  2.99084  4.03105  3.35470  3.72187  3.55158  3.45819  2.51417  2.78716  2.77211  5.42402  4.21744     49 a - - -
          2.68618  4.42225  2.77519  2.73123  3.46354  2.40513  3.72494  3.29354  2.67741  2.69355  4.24690  2.90347  2.73739  3.18146  2.89801  2.37887  2.77519  2.98518  4.58477  3.61503
          0.03351  3.80839  4.53074  0.61958  0.77255  0.48576  0.95510
     50   2.67266  4.66469  2.67738  2.55713  4.01837  3.14279  3.87335  3.71632  2.77246  3.37097  4.32772  1.27686  3.79220  3.14721  3.12388  2.74309  3.05315  3.34503  5.33189  3.97225     50 n - - -
          2.68618  4.42225  2.77519  2.73123  3.46354  2.40513  3.72494  3.29354  2.67741  2.69355  4.24690  2.90347  2.73739  3.18146  2.89801  2.37887  2.77519  2.98518  4.58477  3.61503
          0.03351  3.80839  4.53074  0.61958  0.77255  0.48576  0.95510
     51   2.98131  4.41980  4.24162  3.85620  3.33257  3.99480  4.59720  1.16111  3.68296  1.93351  3.27971  4.11059  4.43351  4.03877  3.88695  3.48513  3.28221  1.84862  5.20905  3.94078     51 i - - -
          2.68618  4.42225  2.77519  2.73123  3.46354  2.40513  3.72494  3.29354  2.67741  2.69355  4.24690  2.90347  2.73739  3.18146  2.89801  2.37887  2.77519  2.98518  4.58477  3.61503
          0.03351  3.80839  4.53074  0.61958  0.77255  0.48576  0.95510
     52   3.08469  4.56681  4.08583  3.72691  3.11381  3.89935  4.40279  2.31622  3.49522  0.95845  3.15956  4.00841  4.34677  3.87896  3.68117  3.46490  3.38246  2.33662  4.96833  3.67637     52 l - - -
          2.68618  4.42225  2.77519  2.73123  3.46354  2.40513  3.72494  3.29354  2.67741  2.69355  4.24690  2.90347  2.73739  3.18146  2.89801  2.37887  2.77519  2.98518  4.58477  3.61503
          0.03351  3.80839  4.53074  0.61958  0.77255  0.48576  0.95510
     53   2.92311  5.03735  1.01454  2.30009  4.40640  3.16420  3.87837  3.98050  2.95099  3.60099  4.57912  2.85261  3.81266  3.11848  3.45728  2.89377  3.26085  3.62704  5.58736  4.29177     53 d - - -
          2.68618  4.42225  2.77519  2.73123  3.46354  2.40513  3.72494  3.29354  2.67741  2.69355  4.24690  2.90347  2.73739  3.18146  2.89801  2.37887  2.77519  2.98518  4.58477  3.61503
          0.03351  3.80839  4.53074  0.61958  0.77255  0.48576  0.95510
     54   2.89992  4.99376  2.46525  1.12027  4.33240  3.23467  3.81790  3.77361  2.69052  3.40180  4.38024  2.90101  3.83668  3.03593  3.09149  2.88987  3.20420  3.46469  5.51622  4.24017     54 e - - -
          2.68618  4.42225  2.77519  2.73123  3.46354  2.40513  3.72494  3.29354  2.67741  2.69355  4.24690  2.90347  2.73739  3.18146  2.89801  2.37887  2.77519  2.98518  4.58477  3.61503
          0.03351  3.80839  4.53074  0.61958  0.77255  0.48576  0.95510
     55   2.98131  4.41980  4.24162  3.85620  3.33257  3.99480  4.59720  1.16111  3.68296  1.93351  3.27971  4.11059  4.43351  4.03877  3.88695  3.48513  3.28221  1.84862  5.20905  3.94078     55 i - - -
          2.68618  4.42225  2.77519  2.73123  3.46354  2.40513  3.72494  3.29354  2.67741  2.69355  4.24690  2.90347  2.73739  3.18146  2.89801  2.37887  2.77519  2.98518  4.58477  3.61503
          0.03351  3.80839  4.53074  0.61958  0.77255  0.48576  0.95510
     56   2.28599  4.20474  3.15313  2.96740  4.01316  2.93592  4.07832  3.52777  3.03676  3.25353  4.18606  3.20153  3.66974  3.39147  3.32378  1.19199  2.76159  3.07699  5.39114  4.09669     56 s - - -
          2.68618  4.42225  2.77519  2.73123  3.46354  2.40513  3.72494  3.29354  2.67741  2.69355  4.24690  2.90347  2.73739  3.18146  2.89801  2.37887  2.77519  2.98518  4.58477  3.61503
          0.03351  3.80839  4.53074  0.61958  0.77255  0.48576  0.95510
     57   2.91557  4.87384  3.08714  2.72252  4.24557  3.41039  3.72746  3.67115  1.12970  3.25103  4.21733  3.14931  3.91643  2.92363  2.42483  2.96260  3.17436  3.38305  5.32773  4.13178     57 k - - -
          2.68618  4.42225  2.77519  2.73123  3.46354  2.40513  3.72494  3.29354  2.67741  2.69355  4.24690  2.90347  2.73739  3.18146  2.89801  2.37887  2.77519  2.98518  4.58477  3.61503
          0.03351  3.80839  4.53074  0.61958  0.77255  0.48576  0.95510
     58   3.17889  4.60008  4.15032  3.85387  1.12282  3.88119  3.85245  2.71188  3.76280  2.09750  3.45251  3.94779  4.34224  3.94887  3.89833  3.45132  3.48052  2.69761  4.12292  2.49894     58 f - - -
          2.68618  4.42225  2.77519  2.73123  3.46354  2.40513  3.72494  3.29354  2.67741  2.69355  4.24690  2.90347  2.73739  3.18146  2.89801  2.37887  2.77519  2.98518  4.58477  3.61503
          0.03351  3.80839  4.53074  0.61958  0.77255  0.48576  0.95510
     59   2.91557  4.87384  3.08714  2.72252  4.24557  3.41039  3.72746  3.67115  1.12970  3.25103  4.21733  3.14931  3.91643  2.92363  2.42483  2.96260  3.17436  3.38305  5.32773  4.13178     59 k - - -
          2.68618  4.42225  2.77519  2.73123  3.46354  2.40513  3.72494  3.29354  2.67741  2.69355  4.24690  2.90347  2.73739  3.18146  2.89801  2.37887  2.77519  2.98518  4.58477  3.61503
          0.03351  3.80839  4.53074  0.61958  0.77255  0.48576  0.95510
     60   2.67118  4.43758  3.27171  3.10268  4.10073  3.12878  4.18431  3.63096  3.15473  3.26429  4.31243  3.41512  0.95588  3.54553  3.40634  2.83701  3.10805  3.28352  5.30361  4.22102     60 p - - -
          2.68618  4.42225  2.77519  2.73123  3.46354  2.40513  3.72494  3.29354  2.67741  2.69355  4.24690  2.90347  2.73739  3.18146  2.89801  2.37887  2.77519  2.98518  4.58477  3.61503
          0.03351  3.80839  4.53074  0.61958  0.77255  0.48576  0.95510
     61   2.92069  4.48020  3.98129  3.57113  3.18275  3.78627  4.32118  2.35208  3.34223  1.78828  1.50662  3.85616  4.24761  3.72903  3.55483  3.26253  3.22531  2.35043  5.01429  3.76968     61 m - - -
          2.68618  4.42225  2.77519  2.73123  3.46354  2.40513  3.72494  3.29354  2.67741  2.69355  4.24690  2.90347  2.73739  3.18146  2.89801  2.37887  2.77519  2.98518  4.58477  3.61503
          0.03351  3.80839  4.53074  0.61958  0.77255  0.48576  0.95510
     62   3.17889  4.60008  4.15032  3.85387  1.12282  3.88119  3.85245  2.71188  3.76280  2.09750  3.45251  3.94779  4.34224  3.94887  3.89833  3.45132  3.48052  2.69761  4.12292  2.49894     62 f - - -
          2.68618  4.42225  2.77519  2.73123  3.46354  2.40513  3.72494  3.29354  2.67741  2.69355  4.24690  2.90347  2.73739  3.18146  2.89801  2.37887  2.77519  2.98518  4.58477  3.61503
          0.03351  3.80839  4.53074  0.61958  0.77255  0.48576  0.95510
     63   2.91557  4.87384  3.08714  2.72252  4.24557  3.41039  3.72746  3.67115  1.12970  3.25103  4.21733  3.14931  3.91643  2.92363  2.42483  2.96260  3.17436  3.38305  5.32773  4.13178     63 k - - -
          2.68618  4.42225  2.77519  2.73123  3.46354  2.40513  3.72494  3.29354  2.67741  2.69355  4.24690  2.90347  2.73739  3.18146  2.89801  2.37887  2.77519  2.98518  4.58477  3.61503
          0.03351  3.80839  4.53074  0.61958  0.77255  0.48576  0.95510
     64   2.92311  5.03735  1.01454  2.30009  4.40640  3.16420  3.87837  3.98050  2.95099  3.60099  4.57912  2.85261  3.81266  3.11848  3.45728  2.89377  3.26085  3.62704  5.58736  4.29177     64 d - - -
          2.68618  4.42225  2.77519  2.73123  3.46354  2.40513  3.72494  3.29354  2.67741  2.69355  4.24690  2.90347  2.73739  3.18146  2.89801  2.37887  2.77519  2.98518  4.58477  3.61503
          0.03351  3.80839  4.53074  0.61958  0.77255  0.48576  0.95510
     65   2.38088  4.22532  3.37373  3.12452  3.91469  3.06626  4.14640  3.03411  3.06620  2.89981  3.95571  3.34319  3.76550  3.46463  3.32709  2.58160  1.28546  2.73596  5.35824  4.13176     65 t - - -
          2.68618  4.42225  2.77519  2.73123  3.46354  2.40513  3.72494  3.29354  2.67741  2.69355  4.24690  2.90347  2.73739  3.18146  2.89801  2.37887  2.77519  2.98518  4.58477  3.61503
          0.03351  3.80839  4.53074  0.61958  0.77255  0.48576  0.95510
     66   3.15726  4.67219  3.74475  3.46341  2.29976  3.75634  3.59289  3.17566  3.32278  2.64581  3.85778  3.64645  4.23235  3.64422  3.51908  3.29987  3.44402  3.04338  3.94061  1.07944     66 y - - -
          2.68618  4.42225  2.77519  2.73123  3.46354  2.40513  3.72494  3.29354  2.67741  2.69355  4.24690  2.90347  2.73739  3.18146  2.89801  2.37887  2.77519  2.98518  4.58477  3.61503
          0.03351  3.80839  4.53074  0.61958  0.77255  0.48576  0.95510
     67   2.58929  4.36940  3.24976  3.14188  4.28221  0.83523  4.26473  3.86748  3.31425  3.52941  4.50578  3.41443  3.75846  3.64375  3.55601  2.75963  3.06560  3.40832  5.39294  4.38245     67 g - - -
          2.68618  4.42225  2.77519  2.73123  3.46354  2.40513  3.72494  3.29354  2.67741  2.69355  4.24690  2.90347  2.73739  3.18146  2.89801  2.37887  2.77519  2.98518  4.58477  3.61503
          0.03351  3.80839  4.53074  0.61958  0.77255  0.48576  0.95510
     68   2.89992  4.99376  2.46525  1.12027  4.33240  3.23467  3.81790  3.77361  2.69052  3.40180  4.38024  2.90101  3.83668  3.03593  3.09149  2.88987  3.20420  3.46469  5.51622  4.24017     68 e - - -
          2.68618  4.42225  2.77519  2.73123  3.46354  2.40513  3.72494  3.29354  2.67741  2.69355  4.24690  2.90347  2.73739  3.18146  2.89801  2.37887  2.77519  2.98518  4.58477  3.61503
          0.03351  3.80839  4.53074  0.61958  0.77255  0.48576  0.95510
     69   2.38088  4.22532  3.37373  3.12452  3.91469  3.06626  4.14640  3.03411  3.06620  2.89981  3.95571  3.34319  3.76550  3.46463  3.32709  2.58160  1.28546  2.73596  5.35824  4.13176     69 t - - -
          2.68618  4.42225  2.77519  2.73123  3.46354  2.40513  3.72494  3.29354  2.67741  2.69355  4.24690  2.90347  2.73739  3.18146  2.89801  2.37887  2.77519  2.98518  4.58477  3.61503
          0.03351  3.80839  4.53074  0.61958  0.77255  0.48576  0.95510
     70   1.11031  4.16266  3.39952  3.18951  3.99036  2.98856  4.21886  3.10649  3.20414  2.99084  4.03105  3.35470  3.72187  3.55158  3.45819  2.51417  2.78716  2.77211  5.42402  4.21744     70 a - - -
          2.68618  4.42225  2.77519  2.73123  3.46354  2.40513  3.72494  3.29354  2.67741  2.69355  4.24690  2.90347  2.73739  3.18146  2.89801  2.37887  2.77519  2.98518  4.58477  3.61503
          0.03351  3.80839  4.53074  0.61958  0.77255  0.48576  0.95510
     71   2.92311  5.03735  1.01454  2.30009  4.40640  3.16420  3.87837  3.98050  2.95099  3.60099  4.57912  2.85261  3.81266  3.11848  3.45728  2.89377  3.26085  3.62704  5.58736  4.29177     71 d - - -
          2.68618  4.42225  2.77519  2.73123  3.46354  2.40513  3.72494  3.29354  2.67741  2.69355  4.24690  2.90347  2.73739  3.18146  2.89801  2.37887  2.77519  2.98518  4.58477  3.61503
          0.03351  3.80839  4.53074  0.61958  0.77255  0.48576  0.95510
     72   2.89992  4.99376  2.46525  1.12027  4.33240  3.23467  3.81790  3.77361  2.69052  3.40180  4.38024  2.90101  3.83668  3.03593  3.09149  2.88987  3.20420  3.46469  5.51622  4.24017     72 e - - -
          2.68618  4.42225  2.77519  2.73123  3.46354  2.40513  3.72494  3.29354  2.67741  2.69355  4.24690  2.90347  2.73739  3.18146  2.89801  2.37887  2.77519  2.98518  4.58477  3.61503
          0.03351  3.80839  4.53074  0.61958  0.77255  0.48576  0.95510
     73   1.11031  4.16266  3.39952  3.18951  3.99036  2.98856  4.21886  3.10649  3.20414  2.99084  4.03105  3.35470  3.72187  3.55158  3.45819  2.51417  2.78716  2.77211  5.42402  4.21744     73 a - - -
          2.68618  4.42225  2.77519  2.73123  3.46354  2.40513  3.72494  3.29354  2.67741  2.69355  4.24690  2.90347  2.73739  3.18146  2.89801  2.37887  2.77519  2.98518  4.58477  3.61503
          0.03351  3.80839  4.53074  0.61958  0.77255  0.48576  0.95510
     74   2.67266  4.66469  2.67738  2.55713  4.01837  3.14279  3.87335  3.71632  2.77246  3.37097  4.32772  1.27686  3.79220  3.14721  3.12388  2.74309  3.05315  3.34503  5.33189  3.97225     74 n - - -
          2.68618  4.42225  2.77519  2.73123  3.46354  2.40513  3.72494  3.29354  2.67741  2.69355  4.24690  2.90347  2.73739  3.18146  2.89801  2.37887  2.77519  2.98518  4.58477  3.61503
          0.03351  3.80839  4.53074  0.61958  0.77255  0.48576  0.95510
     75   2.89992  4.99376  2.46525  1.12027  4.33240  3.23467  3.81790  3.77361  2.69052  3.40180  4.38024  2.90101  3.83668  3.03593  3.09149  2.88987  3.20420  3.46469  5.51622  4.24017     75 e - - -
          2.68618  4.42225  2.77519  2.73123  3.46354  2.40513  3.72494  3.29354  2.67741  2.69355  4.24690  2.90347  2.73739  3.18146  2.89801  2.37887  2.77519  2.98518  4.58477  3.61503
          0.03351  3.80839  4.53074  0.61958  0.77255  0.48576  0.95510
     76   2.98131  4.41980  4.24162  3.85620  3.33257  3.99480  4.59720  1.16111  3.68296  1.93351  3.27971  4.11059  4.43351  4.03877  3.88695  3.48513  3.28221  1.84862  5.20905  3.94078     76 i - - -
          2.68618  4.42225  2.77519  2.73123  3.46354  2.40513  3.72494  3.29354  2.67741  2.69355  4.24690  2.90347  2.73739  3.18146  2.89801  2.37887  2.77519  2.98518  4.58477  3.61503
          0.03351  3.80839  4.53074  0.61958  0.77255  0.48576  0.95510
     77   3.08469  4.56681  4.08583  3.72691  3.11381  3.89935  4.40279  2.31622  3.49522  0.95845  3.15956  4.00841  4.34677  3.87896  3.68117  3.46490  3.38246  2.33662  4.96833  3.67637     77 l - - -
          2.68618  4.42225  2.77519  2.73123  3.46354  2.40513  3.72494  3.29354  2.67741  2.69355  4.24690  2.90347  2.73739  3.18146  2.89801  2.37887  2.77519  2.98518  4.58477  3.61503
          0.03351  3.80839  4.53074  0.61958  0.77255  0.48576  0.95510
     78   2.89992  4.99376  2.46525  1.12027  4.33240  3.23467  3.81790  3.77361  2.69052  3.40180  4.38024  2.90101  3.83668  3.03593  3.09149  2.88987  3.20420  3.46469  5.51622  4.24017     78 e - - -
          2.68618  4.42225  2.77519  2.73123  3.46354  2.40513  3.72494  3.29354  2.67741  2.69355  4.24690  2.90347  2.73739  3.18146  2.89801  2.37887  2.77519  2.98518  4.58477  3.61503
          0.03351  3.80839  4.53074  0.61958  0.77255  0.48576  0.95510
     79   2.98131  4.41980  4.24162  3.85620  3.33257  3.99480  4.59720  1.16111  3.68296  1.93351  3.27971  4.11059  4.43351  4.03877  3.88695  3.48513  3.28221  1.84862  5.20905  3.94078     79 i - - -
          2.68618  4.42225  2.77519  2.73123  3.46354  2.40513  3.72494  3.29354  2.67741  2.69355  4.24690  2.90347  2.73739  3.18146  2.89801  2.37887  2.77519  2.98518  4.58477  3.61503
          0.03351  3.80839  4.53074  0.61958  0.77255  0.48576  0.95510
     80   1.11031  4.16266  3.39952  3.18951  3.99036  2.98856  4.21886  3.10649  3.20414  2.99084  4.03105  3.35470  3.72187  3.55158  3.45819  2.51417  2.78716  2.77211  5.42402  4.21744     80 a - - -
          2.68618  4.42225  2.77519  2.73123  3.46354  2.40513  3.72494  3.29354  2.67741  2.69355  4.24690  2.90347  2.73739  3.18146  2.89801  2.37887  2.77519  2.98518  4.58477  3.61503
          0.03351  3.80839  4.53074  0.61958  0.77255  0.48576  0.95510
     81   2.92069  4.48020  3.98129  3.57113  3.18275  3.78627  4.32118  2.35208  3.34223  1.78828  1.50662  3.85616  4.24761  3.72903  3.55483  3.26253  3.22531  2.35043  5.01429  3.76968     81 m - - -
          2.68618  4.42225  2.77519  2.73123  3.46354  2.40513  3.72494  3.29354  2.67741  2.69355  4.24690  2.90347  2.73739  3.18146  2.89801  2.37887  2.77519  2.98518  4.58477  3.61503
          0.03351  3.80839  4.53074  0.61958  0.77255  0.48576  0.95510
     82   2.89992  4.99376  2.46525  1.12027  4.33240  3.23467  3.81790  3.77361  2.69052  3.40180  4.38024  2.90101  3.83668  3.03593  3.09149  2.88987  3.20420  3.46469  5.51622  4.24017     82 e - - -
          2.68618  4.42225  2.77519  2.73123  3.46354  2.40513  3.72494  3.29354  2.67741  2.69355  4.24690  2.90347  2.73739  3.18146  2.89801  2.37887  2.77519  2.98518  4.58477  3.61503
          0.03351  3.80839  4.53074  0.61958  0.77255  0.48576  0.95510
     83   1.11031  4.16266  3.39952  3.18951  3.99036  2.98856  4.21886  3.10649  3.20414  2.99084  4.03105  3.35470  3.72187  3.55158  3.45819  2.51417  2.78716  2.77211  5.42402  4.21744     83 a - - -
          2.68618  4.42225  2.77519  2.73123  3.46354  2.40513  3.72494  3.29354  2.67741  2.69355  4.24690  2.90347  2.73739  3.18146  2.89801  2.37887  2.77519  2.98518  4.58477  3.61503
          0.03351  3.80839  4.53074  0.61958  0.77255  0.48576  0.95510
     84   2.75784  4.31972  4.03530  3.69790  3.50486  3.65597  4.51118  2.05876  3.56463  2.20413  3.48128  3.89758  4.22110  3.92973  3.78302  3.15664  3.12163  1.11004  5.27795  4.00490     84 v - - -
          2.68618  4.42225  2.77519  2.73123  3.46354  2.40513  3.72494  3.29354  2.67741  2.69355  4.24690  2.90347  2.73739  3.18146  2.89801  2.37887  2.77519  2.98518  4.58477  3.61503
          0.03351  3.80839  4.53074  0.61958  0.77255  0.48576  0.95510
     85   2.67266  4.66469  2.67738  2.55713  4.01837  3.14279  3.87335  3.71632  2.77246  3.37097  4.32772  1.27686  3.79220  3.14721  3.12388  2.74309  3.05315  3.34503  5.33189  3.97225     85 n - - -
          2.68618  4.42225  2.77519  2.73123  3.46354  2.40513  3.72494  3.29354  2.67741  2.69355  4.24690  2.90347  2.73739  3.18146  2.89801  2.37887  2.77519  2.98518  4.58477  3.61503
          0.03351  3.80839  4.53074  0.61958  0.77255  0.48576  0.95510
     86   2.91557  4.87384  3.08714  2.72252  4.24557  3.41039  3.72746  3.67115  1.12970  3.25103  4.21733  3.14931  3.91643  2.92363  2.42483  2.96260  3.17436  3.38305  5.32773  4.13178     86 k - - -
          2.68618  4.42225  2.77519  2.73123  3.46354  2.40513  3.72494  3.29354  2.67741  2.69355  4.24690  2.90347  2.73739  3.18146  2.89801  2.37887  2.77519  2.98518  4.58477  3.61503
          0.03351  3.80839  4.53074  0.61958  0.77255  0.48576  0.95510
     87   2.83288  4.81384  2.86375  2.61915  3.97341  3.32530  3.77632  3.59581  2.44483  3.10440  4.13570  3.07769  3.87889  1.35270  2.72959  2.88411  3.13068  3.32998  5.25766  3.94763     87 q - - -
          2.68618  4.42225  2.77519  2.73123  3.46354  2.40513  3.72494  3.29354  2.67741  2.69355  4.24690  2.90347  2.73739  3.18146  2.89801  2.37887  2.77519  2.98518  4.58477  3.61503
          0.03351  3.80839  4.53074  0.61958  0.77255  0.48576  0.95510
     88   2.92311  5.03735  1.01454  2.30009  4.40640  3.16420  3.87837  3.98050  2.95099  3.60099  4.57912  2.85261  3.81266  3.11848  3.45728  2.89377  3.26085  3.62704  5.58736  4.29177     88 d - - -
          2.68618  4.42225  2.77519  2.73123  3.46354  2.40513  3.72494  3.29354  2.67741  2.69355  4.24690  2.90347  2.73739  3.18146  2.89801  2.37887  2.77519  2.98518  4.58477  3.61503
          0.03351  3.80839  4.53074  0.61958  0.77255  0.48576  0.95510
     89   2.92923  4.75570  3.06737  2.82225  3.24301  3.39609  1.28522  3.62204  2.66722  3.12353  4.16260  3.23362  3.94584  3.18806  2.93608  3.00091  3.23101  3.35853  4.70870  3.19598     89 h - - -
          2.68618  4.42225  2.77519  2.73123  3.46354  2.40513  3.72494  3.29354  2.67741  2.69355  4.24690  2.90347  2.73739  3.18146  2.89801  2.37887  2.77519  2.98518  4.58477  3.61503
          0.03351  3.80839  4.53074  0.61958  0.77255  0.48576  0.95510
     90   2.67118  4.43758  3.27171  3.10268  4.10073  3.12878  4.18431  3.63096  3.15473  3.26429  4.31243  3.41512  0.95588  3.54553  3.40634  2.83701  3.10805  3.28352  5.30361  4.22102     90 p - - -
          2.68618  4.42225  2.77519  2.73123  3.46354  2.40513  3.72494  3.29354  2.67741  2.69355  4.24690  2.90347  2.73739  3.18146  2.89801  2.37887  2.77519  2.98518  4.58477  3.61503
          0.03351  3.80839  4.53074  0.61958  0.77255  0.48576  0.95510
     91   2.28599  4.20474  3.15313  2.96740  4.01316  2.93592  4.07832  3.52777  3.03676  3.25353  4.18606  3.20153  3.66974  3.39147  3.32378  1.19199  2.76159  3.07699  5.39114  4.09669     91 s - - -
          2.68618  4.42225  2.77519  2.73123  3.46354  2.40513  3.72494  3.29354  2.67741  2.69355  4.24690  2.90347  2.73739  3.18146  2.89801  2.37887  2.77519  2.98518  4.58477  3.61503
          0.03351  3.80839  4.53074  0.61958  0.77255  0.48576  0.95510
     92   2.91557  4.87384  3.08714  2.72252  4.24557  3.41039  3.72746  3.67115  1.12970  3.25103  4.21733  3.14931  3.91643  2.92363  2.42483  2.96260  3.17436  3.38305  5.32773  4.13178     92 k - - -
          2.68618  4.42225  2.77519  2.73123  3.46354  2.40513  3.72494  3.29354  2.67741  2.69355  4.24690  2.90347  2.73739  3.18146  2.89801  2.37887  2.77519  2.98518  4.58477  3.61503
          0.03351  3.80839  4.53074  0.61958  0.77255  0.48576  0.95510
     93   2.98131  4.41980  4.24162  3.85620  3.33257  3.99480  4.59720  1.16111  3.68296  1.93351  3.27971  4.11059  4.43351  4.03877  3.88695  3.48513  3.28221  1.84862  5.20905  3.94078     93 i - - -
          2.68618  4.42225  2.77519  2.73123  3.46354  2.40513  3.72494  3.29354  2.67741  2.69355  4.24690  2.90347  2.73739  3.18146  2.89801  2.37887  2.77519  2.98518  4.58477  3.61503
          0.03351  3.80839  4.53074  0.61958  0.77255  0.48576  0.95510
     94   2.91557  4.87384  3.08714  2.72252  4.24557  3.41039  3.72746  3.67115  1.12970  3.25103  4.21733  3.14931  3.91643  2.92363  2.42483  2.96260  3.17436  3.38305  5.32773  4.13178     94 k - - -
          2.68618  4.42225  2.77519  2.73123  3.46354  2.40513  3.72494  3.29354  2.67741  2.69355  4.24690  2.90347  2.73739  3.18146  2.89801  2.37887  2.77519  2.98518  4.58477  3.61503
          0.03351  3.80839  4.53074  0.61958  0.77255  0.48576  0.95510
     95   2.28599  4.20474  3.15313  2.96740  4.01316  2.93592  4.07832  3.52777  3.03676  3.25353  4.18606  3.20153  3.66974  3.39147  3.32378  1.19199  2.76159  3.07699  5.39114  4.09669     95 s - - -
          2.68618  4.42225  2.77519  2.73123  3.46354  2.40513  3.72494  3.29354  2.67741  2.69355  4.24690  2.90347  2.73739  3.18146  2.89801  2.37887  2.77519  2.98518  4.58477  3.61503
          0.03351  3.80839  4.53074  0.61958  0.77255  0.48576  0.95510
     96   1.11031  4.16266  3.39952  3.18951  3.99036  2.98856  4.21886  3.10649  3.20414  2.99084  4.03105  3.35470  3.72187  3.55158  3.45819  2.51417  2.78716  2.77211  5.42402  4.21744     96 a - - -
          2.68618  4.42225  2.77519  2.73123  3.46354  2.40513  3.72494  3.29354  2.67741  2.69355  4.24690  2.90347  2.73739  3.18146  2.89801  2.37887  2.77519  2.98518  4.58477  3.61503
          0.03351  3.80839  4.53074  0.61958  0.77255  0.48576  0.95510
     97   3.08469  4.56681  4.08583  3.72691  3.11381  3.89935  4.40279  2.31622  3.49522  0.95845  3.15956  4.00841  4.34677  3.87896  3.68117  3.46490  3.38246  2.33662  4.96833  3.67637     97 l - - -
          2.68618  4.42225  2.77519  2.73123  3.46354  2.40513  3.72494  3.29354  2.67741  2.69355  4.24690  2.90347  2.73739  3.18146  2.89801  2.37887  2.77519  2.98518  4.58477  3.61503
          0.03351  3.80839  4.53074  0.61958  0.77255  0.48576  0.95510
     98   2.67266  4.66469  2.67738  2.55713  4.01837  3.14279  3.87335  3.71632  2.77246  3.37097  4.32772  1.27686  3.79220  3.14721  3.12388  2.74309  3.05315  3.34503  5.33189  3.97225     98 n - - -
          2.68618  4.42225  2.77519  2.73123  3.46354  2.40513  3.72494  3.29354  2.67741  2.69355  4.24690  2.90347  2.73739  3.18146  2.89801  2.37887  2.77519  2.98518  4.58477  3.61503
          0.03351  3.80839  4.53074  0.61958  0.77255  0.48576  0.95510
     99   2.93567  4.77649  3.42005  2.94650  4.11486  3.43409  3.78227  3.65333  2.21804  3.18106  4.18431  3.31043  3.94105  3.00701  1.08112  3.02376  3.20684  3.38040  5.22475  4.05755     99 r - - -
          2.68618  4.42225  2.77519  2.73123  3.46354  2.40513  3.72494  3.29354  2.67741  2.69355  4.24690  2.90347  2.73739  3.18146  2.89801  2.37887  2.77519  2.98518  4.58477  3.61503
          0.03351  3.80839  4.53074  0.61958  0.77255  0.48576  0.95510
    100   3.08469  4.56681  4.08583  3.72691  3.11381  3.89935  4.40279  2.31622  3.49522  0.95845  3.15956  4.00841  4.34677  3.87896  3.68117  3.46490  3.38246  2.33662  4.96833  3.67637    100 l - - -
          2.68618  4.42225  2.77519  2.73123  3.46354  2.40513  3.72494  3.29354  2.67741  2.69355  4.24690  2.90347  2.73739  3.18146  2.89801  2.37887  2.77519  2.98518  4.58477  3.61503
          0.03351  3.80839  4.53074  0.61958  0.77255  0.48576  0.95510
    101   2.91557  4.87384  3.08714  2.72252  4.24557  3.41039  3.72746  3.67115  1.12970  3.25103  4.21733  3.14931  3.91643  2.92363  2.42483  2.96260  3.17436  3.38305  5.32773  4.13178    101 k - - -
          2.68618  4.42225  2.77519  2.73123  3.46354  2.40513  3.72494  3.29354  2.67741  2.69355  4.24690  2.90347  2.73739  3.18146  2.89801  2.37887  2.77519  2.98518  4.58477  3.61503
          0.03351  3.80839  4.53074  0.61958  0.77255  0.48576  0.95510
    102   2.92311  5.03735  1.01454  2.30009  4.40640  3.16420  3.87837  3.98050  2.95099  3.60099  4.57912  2.85261  3.81266  3.11848  3.45728  2.89377  3.26085  3.62704  5.58736  4.29177    102 d - - -
          2.68618  4.42225  2.77519  2.73123  3.46354  2.40513  3.72494  3.29354  2.67741  2.69355  4.24690  2.90347  2.73739  3.18146  2.89801  2.37887  2.77519  2.98518  4.58477  3.61503
          0.03351  3.80839  4.53074  0.61958  0.77255  0.48576  0.95510
    103   3.08469  4.56681  4.08583  3.72691  3.11381  3.89935  4.40279  2.31622  3.49522  0.95845  3.15956  4.00841  4.34677  3.87896  3.68117  3.46490  3.38246  2.33662  4.96833  3.67637    103 l - - -
          2.68618  4.42225  2.77519  2.73123  3.46354  2.40513  3.72494  3.29354  2.67741  2.69355  4.24690  2.90347  2.73739  3.18146  2.89801  2.37887  2.77519  2.98518  4.58477  3.61503
          0.03351  3.80839  4.53074  0.61958  0.77255  0.48576  0.95510
    104   2.38088  4.22532  3.37373  3.12452  3.91469  3.06626  4.14640  3.03411  3.06620  2.89981  3.95571  3.34319  3.76550  3.46463  3.32709  2.58160  1.28546  2.73596  5.35824  4.13176    104 t - - -
          2.68618  4.42225  2.77519  2.73123  3.46354  2.40513  3.72494  3.29354  2.67741  2.69355  4.24690  2.90347  2.73739  3.18146  2.89801  2.37887  2.77519  2.98518  4.58477  3.61503
          0.03351  3.80839  4.53074  0.61958  0.77255  0.48576  0.95510
    105   3.08469  4.56681  4.08583  3.72691  3.11381  3.89935  4.40279  2.31622  3.49522  0.95845  3.15956  4.00841  4.34677  3.87896  3.68117  3.46490  3.38246  2.33662  4.96833  3.67637    105 l - - -
          2.68618  4.42225  2.77519  2.73123  3.46354  2.40513  3.72494  3.29354  2.67741  2.69355  4.24690  2.90347  2.73739  3.18146  2.89801  2.37887  2.77519  2.98518  4.58477  3.61503
          0.03351  3.80839  4.53074  0.61958  0.77255  0.48576  0.95510
    106   2.58929  4.36940  3.24976  3.14188  4.28221  0.83523  4.26473  3.86748  3.31425  3.52941  4.50578  3.41443  3.75846  3.64375  3.55601  2.75963  3.06560  3.40832  5.39294  4.38245    106 g - - -
          2.68618  4.42225  2.77519  2.73123  3.46354  2.40513  3.72494  3.29354  2.67741  2.69355  4.24690  2.90347  2.73739  3.18146  2.89801  2.37887  2.77519  2.98518  4.58477  3.61503
          0.03351  3.80839  4.53074  0.61958  0.77255  0.48576  0.95510
    107   2.75784  4.31972  4.03530  3.69790  3.50486  3.65597  4.51118  2.05876  3.56463  2.20413  3.48128  3.89758  4.22110  3.92973  3.78302  3.15664  3.12163  1.11004  5.27795  4.00490    107 v - - -
          2.68618  4.42225  2.77519  2.73123  3.46354  2.40513  3.72494  3.29354  2.67741  2.69355  4.24690  2.90347  2.73739  3.18146  2.89801  2.37887  2.77519  2.98518  4.58477  3.61503
          0.03351  3.80839  4.53074  0.61958  0.77255  0.48576  0.95510
    108   2.28599  4.20474  3.15313  2.96740  4.01316  2.93592  4.07832  3.52777  3.03676  3.25353  4.18606  3.20153  3.66974  3.39147  3.32378  1.19199  2.76159  3.07699  5.39114  4.09669    108 s - - -
          2.68618  4.42225  2.77519  2.73123  3.46354  2.40513  3.72494  3.29354  2.67741  2.69355  4.24690  2.90347  2.73739  3.18146  2.89801  2.37887  2.77519  2.98518  4.58477  3.61503
          0.03351  3.80839  4.53074  0.61958  0.77255  0.48576  0.95510
    109   2.28599  4.20474  3.15313  2.96740  4.01316  2.93592  4.07832  3.52777  3.03676  3.25353  4.18606  3.20153  3.66974  3.39147  3.32378  1.19199  2.76159  3.07699  5.39114  4.09669    109 s - - -
          2.68618  4.42225  2.77519  2.73123  3.46354  2.40513  3.72494  3.29354  2.67741  2.69355  4.24690  2.90347  2.73739  3.18146  2.89801  2.37887  2.77519  2.98518  4.58477  3.61503
          0.03351  3.80839  4.53074  0.61958  0.77255  0.48576  0.95510
    110   2.28599  4.20474  3.15313  2.96740  4.01316  2.93592  4.07832  3.52777  3.03676  3.25353  4.18606  3.20153  3.66974  3.39147  3.32378  1.19199  2.76159  3.07699  5.39114  4.09669    110 s - - -
          2.68618  4.42225  2.77519  2.73123  3.46354  2.40513  3.72494  3.29354  2.67741  2.69355  4.24690  2.90347  2.73739  3.18146  2.89801  2.37887  2.77519  2.98518  4.58477  3.61503
          0.03351  3.80839  4.53074  0.61958  0.77255  0.48576  0.95510
    111   3.08469  4.56681  4.08583  3.72691  3.11381  3.89935  4.40279  2.31622  3.49522  0.95845  3.15956  4.00841  4.34677  3.87896  3.68117  3.46490  3.38246  2.33662  4.96833  3.67637    111 l - - -
          2.68618  4.42225  2.77519  2.73123  3.46354  2.40513  3.72494  3.29354  2.67741  2.69355  4.24690  2.90347  2.73739  3.18146  2.89801  2.37887  2.77519  2.98518  4.58477  3.61503
          0.03351  3.80839  4.53074  0.61958  0.77255  0.48576  0.95510
    112   2.98131  4.41980  4.24162  3.85620  3.33257  3.99480  4.59720  1.16111  3.68296  1.93351  3.27971  4.11059  4.43351  4.03877  3.88695  3.48513  3.28221  1.84862  5.20905  3.94078    112 i - - -
          2.68618  4.42225  2.77519  2.73123  3.46354  2.40513  3.72494  3.29354  2.67741  2.69355  4.24690  2.90347  2.73739  3.18146  2.89801  2.37887  2.77519  2.98518  4.58477  3.61503
          0.03351  3.80839  4.53074  0.61958  0.77255  0.48576  0.95510
    113   1.11031  4.16266  3.39952  3.18951  3.99036  2.98856  4.21886  3.10649  3.20414  2.99084  4.03105  3.35470  3.72187  3.55158  3.45819  2.51417  2.78716  2.77211  5.42402  4.21744    113 a - - -
          2.68618  4.42225  2.77519  2.73123  3.46354  2.40513  3.72494  3.29354  2.67741  2.69355  4.24690  2.90347  2.73739  3.18146  2.89801  2.37887  2.77519  2.98518  4.58477  3.61503
          0.03351  3.80839  4.53074  0.61958  0.77255  0.48576  0.95510
    114   2.38088  4.22532  3.37373  3.12452  3.91469  3.06626  4.14640  3.03411  3.06620  2.89981  3.95571  3.34319  3.76550  3.46463  3.32709  2.58160  1.28546  2.73596  5.35824  4.13176    114 t - - -
          2.68618  4.42225  2.77519  2.73123  3.46354  2.40513  3.72494  3.29354  2.67741  2.69355  4.24690  2.90347  2.73739  3.18146  2.89801  2.37887  2.77519  2.98518  4.58477  3.61503
          0.03351  3.80839  4.53074  0.61958  0.77255  0.48576  0.95510
    115   2.58929  4.36940  3.24976  3.14188  4.28221  0.83523  4.26473  3.86748  3.31425  3.52941  4.50578  3.41443  3.75846  3.64375  3.55601  2.75963  3.06560  3.40832  5.39294  4.38245    115 g - - -
          2.68618  4.42225  2.77519  2.73123  3.46354  2.40513  3.72494  3.29354  2.67741  2.69355  4.24690  2.90347  2.73739  3.18146  2.89801  2.37887  2.77519  2.98518  4.58477  3.61503
          0.03351  3.80839  4.53074  0.61958  0.77255  0.48576  0.95510
    116   2.98131  4.41980  4.24162  3.85620  3.33257  3.99480  4.59720  1.16111  3.68296  1.93351  3.27971  4.11059  4.43351  4.03877  3.88695  3.48513  3.28221  1.84862  5.20905  3.94078    116 i - - -
          2.68618  4.42225  2.77519  2.73123  3.46354  2.40513  3.72494  3.29354  2.67741  2.69355  4.24690  2.90347  2.73739  3.18146  2.89801  2.37887  2.77519  2.98518  4.58477  3.61503
          0.03351  3.80839  4.53074  0.61958  0.77255  0.48576  0.95510
    117   3.08469  4.56681  4.08583  3.72691  3.11381  3.89935  4.40279  2.31622  3.49522  0.95845  3.15956  4.00841  4.34677  3.87896  3.68117  3.46490  3.38246  2.33662  4.96833  3.67637    117 l - - -
          2.68618  4.42225  2.77519  2.73123  3.46354  2.40513  3.72494  3.29354  2.67741  2.69355  4.24690  2.90347  2.73739  3.18146  2.89801  2.37887  2.77519  2.98518  4.58477  3.61503
          0.03351  3.80839  4.53074  0.61958  0.77255  0.48576  0.95510
    118   2.58929  4.36940  3.24976  3.14188  4.28221  0.83523  4.26473  3.86748  3.31425  3.52941  4.50578  3.41443  3.75846  3.64375  3.55601  2.75963  3.06560  3.40832  5.39294  4.38245    118 g - - -
          2.68618  4.42225  2.77519  2.73123  3.46354  2.40513  3.72494  3.29354  2.67741  2.69355  4.24690  2.90347  2.73739  3.18146  2.89801  2.37887  2.77519  2.98518  4.58477  3.61503
          0.03351  3.80839  4.53074  0.61958  0.77255  0.48576  0.95510
    119   3.08469  4.56681  4.08583  3.72691  3.11381  3.89935  4.40279  2.31622  3.49522  0.95845  3.15956  4.00841  4.34677  3.87896  3.68117  3.46490  3.38246  2.33662  4.96833  3.67637    119 l - - -
          2.68618  4.42225  2.77519  2.73123  3.46354  2.40513  3.72494  3.29354  2.67741  2.69355  4.24690  2.90347  2.73739  3.18146  2.89801  2.37887  2.77519  2.98518  4.58477  3.61503
          0.03351  3.80839  4.53074  0.61958  0.77255  0.48576  0.95510
    120   3.08469  4.56681  4.08583  3.72691  3.11381  3.89935  4.40279  2.31622  3.49522  0.95845  3.15956  4.00841  4.34677  3.87896  3.68117  3.46490  3.38246  2.33662  4.96833  3.67637    120 l - - -
          2.68618  4.42225  2.77519  2.73123  3.46354  2.40513  3.72494  3.29354  2.67741  2.69355  4.24690  2.90347  2.73739  3.18146  2.89801  2.37887  2.77519  2.98518  4.58477  3.61503
          0.03351  3.80839  4.53074  0.61958  0.77255  0.48576  0.95510
    121   2.38088  4.22532  3.37373  3.12452  3.91469  3.06626  4.14640  3.03411  3.06620  2.89981  3.95571  3.34319  3.76550  3.46463  3.32709  2.58160  1.28546  2.73596  5.35824  4.13176    121 t - - -
          2.68618  4.42225  2.77519  2.73123  3.46354  2.40513  3.72494  3.29354  2.67741  2.69355  4.24690  2.90347  2.73739  3.18146  2.89801  2.37887  2.77519  2.98518  4.58477  3.61503
          0.03351  3.80839  4.53074  0.61958  0.77255  0.48576  0.95510
    122   2.83288  4.81384  2.86375  2.61915  3.97341  3.32530  3.77632  3.59581  2.44483  3.10440  4.13570  3.07769  3.87889  1.35270  2.72959  2.88411  3.13068  3.32998  5.25766  3.94763    122 q - - -
          2.68618  4.42225  2.77519  2.73123  3.46354  2.40513  3.72494  3.29354  2.67741  2.69355  4.24690  2.90347  2.73739  3.18146  2.89801  2.37887  2.77519  2.98518  4.58477  3.61503
          0.03351  3.80839  4.53074  0.61958  0.77255  0.48576  0.95510
    123   3.08469  4.56681  4.08583  3.72691  3.11381  3.89935  4.40279  2.31622  3.49522  0.95845  3.15956  4.00841  4.34677  3.87896  3.68117  3.46490  3.38246  2.33662  4.96833  3.67637    123 l - - -
          2.68618  4.42225  2.77519  2.73123  3.46354  2.40513  3.72494  3.29354  2.67741  2.69355  4.24690  2.90347  2.73739  3.18146  2.89801  2.37887  2.77519  2.98518  4.58477  3.61503
          0.03351  3.80839  4.53074  0.61958  0.77255  0.48576  0.95510
    124   2.58929  4.36940  3.24976  3.14188  4.28221  0.83523  4.26473  3.86748  3.31425  3.52941  4.50578  3.41443  3.75846  3.64375  3.55601  2.75963  3.06560  3.40832  5.39294  4.38245    124 g - - -
          2.68618  4.42225  2.77519  2.73123  3.46354  2.40513  3.72494  3.29354  2.67741  2.69355  4.24690  2.90347  2.73739  3.18146  2.89801  2.37887  2.77519  2.98518  4.58477  3.61503
          0.03351  3.80839  4.53074  0.61958  0.77255  0.48576  0.95510
    125   2.92069  4.48020  3.98129  3.57113  3.18275  3.78627  4.32118  2.35208  3.34223  1.78828  1.50662  3.85616  4.24761  3.72903  3.55483  3.26253  3.22531  2.35043  5.01429  3.76968    125 m - - -
          2.68618  4.42225  2.77519  2.73123  3.46354  2.40513  3.72494  3.29354  2.67741  2.69355  4.24690  2.90347  2.73739  3.18146  2.89801  2.37887  2.77519  2.98518  4.58477  3.61503
          0.02268  3.79756        *  0.61958  0.77255  0.00000        *
//
