HMMER3/f [3.2.1 | June 2018]
NAME  ABI_abiV
LENG  193
ALPH  amino
RF    no
MM    no
CONS  yes
CS    no
MAP   yes
DATE  Fri Jun 18 18:43:38 2021
NSEQ  343
EFFN  11.318016
CKSUM 1835524825
STATS LOCAL MSV      -10.3886  0.70579
STATS LOCAL VITERBI  -11.2231  0.70579
STATS LOCAL FORWARD   -4.8499  0.70579
HMM          A        C        D        E        F        G        H        I        K        L        M        N        P        Q        R        S        T        V        W        Y   
            m->m     m->i     m->d     i->m     i->i     d->m     d->d
  COMPO   2.32078  4.60778  2.96183  2.48099  3.31658  3.18831  3.55239  2.87273  2.54771  2.32652  3.65329  3.10210  3.65417  3.12798  2.87660  2.62640  2.98513  2.85883  4.48464  3.52447
          2.68618  4.42225  2.77519  2.73123  3.46354  2.40513  3.72494  3.29354  2.67741  2.69355  4.24690  2.90347  2.73739  3.18146  2.89801  2.37887  2.77519  2.98518  4.58477  3.61503
          0.19907  6.05511  1.72508  0.61958  0.77255  0.00000        *
      1   3.24198  4.80123  4.96752  4.77017  3.21618  4.41953  4.16782  2.64469  4.11582  1.91425  0.93837  4.75564  4.95833  4.68790  4.56555  3.90571  3.40440  2.87008  3.97432  2.53220      1 m - - -
          2.68618  4.42225  2.77519  2.73123  3.46354  2.40513  3.72494  3.29354  2.67741  2.69355  4.24690  2.90347  2.73739  3.18146  2.89801  2.37887  2.77519  2.98518  4.58477  3.61503
          0.01909  5.86029  4.13124  0.61958  0.77255  1.22975  0.34583
      2   2.66757  5.04716  2.93532  2.70982  4.68620  3.44467  4.11433  4.26801  1.87661  3.67580  4.09290  2.41890  2.64977  2.80543  2.81764  2.11576  2.33471  3.57993  5.31481  4.85536      2 k - - -
          2.68618  4.42225  2.77519  2.73123  3.46354  2.40513  3.72494  3.29354  2.67741  2.69355  4.24690  2.90347  2.73739  3.18146  2.89801  2.37887  2.77519  2.98518  4.58477  3.61503
          0.19901  5.86006  1.72817  0.61958  0.77255  1.28075  0.32549
      3   2.61102  5.72447  2.32672  2.11020  4.64581  3.73889  3.92676  3.81506  1.99632  3.24384  3.87659  2.48142  3.09128  2.80413  2.82214  2.66724  2.59948  3.50379  6.15692  4.74572      3 k - - -
          2.68618  4.42225  2.77519  2.73123  3.46354  2.40513  3.72494  3.29354  2.67741  2.69355  4.24690  2.90347  2.73739  3.18146  2.89801  2.37887  2.77519  2.98518  4.58477  3.61503
          0.02864  5.67732  3.69659  0.61958  0.77255  0.38285  1.14543
      4   2.88574  4.96847  4.19376  3.29110  3.26021  4.03394  4.85479  2.34179  3.31072  1.10845  2.69794  3.49064  3.95816  4.00353  3.72934  3.19232  3.24782  2.44844  4.99807  3.64810      4 l - - -
          2.68618  4.42225  2.77519  2.73123  3.46354  2.40513  3.72494  3.29354  2.67741  2.69355  4.24690  2.90347  2.73739  3.18146  2.89801  2.37887  2.77519  2.98518  4.58477  3.61503
          0.00389  5.94659  6.66894  0.61958  0.77255  1.02925  0.44204
      5   3.13649  5.86130  2.91803  2.89573  4.09729  3.21300  3.83309  3.47938  2.45342  3.12568  4.00110  2.68277  4.38492  3.27725  3.06858  1.62951  1.67697  3.52007  6.30261  4.90040      5 s - - -
          2.68618  4.42225  2.77519  2.73123  3.46354  2.40513  3.72494  3.29354  2.67741  2.69355  4.24690  2.90347  2.73739  3.18146  2.89801  2.37887  2.77519  2.98518  4.58477  3.61503
          0.01109  5.95396  4.77537  0.61958  0.77255  1.08385  0.41293
      6   2.33402  4.44834  3.09555  2.78266  3.46017  3.15205  4.27143  2.79917  2.42112  2.67520  4.06228  3.50792  1.95115  3.50794  3.20923  2.23406  3.31261  2.87635  6.10018  4.14616      6 p - - -
          2.68618  4.42225  2.77519  2.73123  3.46354  2.40513  3.72494  3.29354  2.67741  2.69355  4.24690  2.90347  2.73739  3.18146  2.89801  2.37887  2.77519  2.98518  4.58477  3.61503
          0.00389  5.94675  6.66910  0.61958  0.77255  1.06764  0.42132
      7   2.54166  5.22452  2.20141  1.77050  4.63856  3.47359  3.80282  4.49046  2.19592  3.85259  4.42156  2.85865  3.87306  2.94647  2.70159  2.36393  2.71663  3.74145  6.32605  3.41523      7 e - - -
          2.68618  4.42225  2.77519  2.73123  3.46354  2.40513  3.72494  3.29354  2.67741  2.69355  4.24690  2.90347  2.73739  3.18146  2.89801  2.37887  2.77519  2.98518  4.58477  3.61503
          0.00388  5.95062  6.67296  0.61958  0.77255  1.09719  0.40618
      8   3.02479  4.99382  2.72079  2.05434  3.86073  3.73324  3.78273  3.58367  2.06913  2.64791  4.21960  3.08036  4.55047  1.86780  2.97678  2.87688  2.59606  3.24922  6.31668  4.61142      8 q - - -
          2.68618  4.42225  2.77519  2.73123  3.46354  2.40513  3.72494  3.29354  2.67741  2.69355  4.24690  2.90347  2.73739  3.18146  2.89801  2.37887  2.77519  2.98518  4.58477  3.61503
          0.00388  5.95062  6.67296  0.61958  0.77255  0.92723  0.50360
      9   2.11694  4.87482  5.47302  4.85708  2.46725  4.39537  4.32428  1.94168  4.64006  1.40555  3.30767  4.55944  5.03497  4.76970  4.25857  3.01492  3.73337  2.09025  5.05690  2.63023      9 l - - -
          2.68618  4.42225  2.77519  2.73123  3.46354  2.40513  3.72494  3.29354  2.67741  2.69355  4.24690  2.90347  2.73739  3.18146  2.89801  2.37887  2.77519  2.98518  4.58477  3.61503
          0.01391  5.96612  4.48704  0.61958  0.77255  0.71604  0.67077
     10   2.27654  4.73375  3.11271  2.44366  3.72891  3.83917  3.58021  2.64142  2.44874  2.65327  4.12634  3.06296  4.60679  3.29330  2.09163  2.72922  2.81248  2.53992  6.23639  4.12808     10 r - - -
          2.68618  4.42225  2.77519  2.73123  3.46354  2.40513  3.72494  3.29354  2.67741  2.69355  4.24690  2.90347  2.73739  3.18146  2.89801  2.37887  2.77519  2.98518  4.58477  3.61503
          0.00374  5.98690  6.70924  0.61958  0.77255  0.93906  0.49593
     11   2.26290  4.71850  2.13590  1.61406  5.26384  3.18240  3.62384  3.92988  2.05293  4.00776  4.95806  3.43840  4.19323  2.79324  2.56822  2.99606  2.97261  3.75967  6.34972  4.42617     11 e - - -
          2.68618  4.42225  2.77519  2.73123  3.46354  2.40513  3.72494  3.29354  2.67741  2.69355  4.24690  2.90347  2.73739  3.18146  2.89801  2.37887  2.77519  2.98518  4.58477  3.61503
          0.00374  5.98690  6.70924  0.61958  0.77255  0.69160  0.69470
     12   2.58258  4.66353  3.78994  2.86191  2.71066  1.68077  4.94206  2.18098  4.07905  1.97446  3.11056  4.64395  4.50041  3.40814  4.49048  3.44574  3.55273  2.96200  4.07183  2.69161     12 g - - -
          2.68618  4.42225  2.77519  2.73123  3.46354  2.40513  3.72494  3.29354  2.67741  2.69355  4.24690  2.90347  2.73739  3.18146  2.89801  2.37887  2.77519  2.98518  4.58477  3.61503
          0.00821  6.00947  5.16376  0.61958  0.77255  0.73510  0.65288
     13   1.92981  4.87441  3.60555  3.72510  2.75006  3.62423  3.93683  2.44174  3.47710  2.85882  2.39765  4.05660  4.88480  3.03051  2.62416  2.86178  3.72798  3.14391  2.80926  2.41473     13 a - - -
          2.68618  4.42225  2.77519  2.73123  3.46354  2.40513  3.72494  3.29354  2.67741  2.69355  4.24690  2.90347  2.73739  3.18146  2.89801  2.37887  2.77519  2.98518  4.58477  3.61503
          0.00364  6.01223  6.73457  0.61958  0.77255  0.80742  0.59060
     14   2.78520  5.28148  2.42513  2.19661  4.39494  3.74942  3.62433  3.41022  2.19277  2.95216  4.37853  2.05164  4.34689  2.81547  2.86014  2.63242  2.87919  2.97702  5.05887  4.03914     14 n - - -
          2.68618  4.42225  2.77519  2.73123  3.46354  2.40513  3.72494  3.29354  2.67741  2.69355  4.24690  2.90347  2.73739  3.18146  2.89801  2.37887  2.77519  2.98518  4.58477  3.61503
          0.00364  6.01223  6.73457  0.61958  0.77255  0.78042  0.61288
     15   1.38810  4.36374  3.33260  2.34339  4.07276  3.85615  4.13961  3.96346  1.86897  2.60896  4.29660  3.56303  4.05982  3.35603  3.00494  2.74387  2.91122  3.51513  6.30644  4.50227     15 a - - -
          2.68618  4.42225  2.77519  2.73123  3.46354  2.40513  3.72494  3.29354  2.67741  2.69355  4.24690  2.90347  2.73739  3.18146  2.89801  2.37887  2.77519  2.98518  4.58477  3.61503
          0.00364  6.01440  6.73674  0.61958  0.77255  0.79514  0.60060
     16   1.46664  2.32045  5.46435  4.85142  3.90800  3.89104  4.60559  2.24293  4.64397  1.77198  3.80090  4.85193  5.06497  4.78174  4.66443  2.16579  2.78745  2.63449  5.53682  4.10192     16 a - - -
          2.68618  4.42225  2.77519  2.73123  3.46354  2.40513  3.72494  3.29354  2.67741  2.69355  4.24690  2.90347  2.73739  3.18146  2.89801  2.37887  2.77519  2.98518  4.58477  3.61503
          0.00364  6.01440  6.73674  0.61958  0.77255  0.74343  0.64527
     17   3.06175  3.70094  5.47708  4.42946  2.23187  4.40811  3.91013  2.07839  4.17823  1.32072  2.80436  3.68963  5.07386  4.10114  3.42915  3.40075  3.46068  2.41151  5.54462  2.71280     17 l - - -
          2.68618  4.42225  2.77519  2.73123  3.46354  2.40513  3.72494  3.29354  2.67741  2.69355  4.24690  2.90347  2.73739  3.18146  2.89801  2.37887  2.77519  2.98518  4.58477  3.61503
          0.00359  6.02594  6.74829  0.61958  0.77255  0.77089  0.62102
     18   2.03289  5.06432  1.92354  1.85468  4.21363  3.67416  3.90204  4.57549  2.27204  3.42960  4.28716  3.05397  4.59734  2.75065  2.70624  2.67049  3.04790  3.86039  6.37470  4.35374     18 e - - -
          2.68618  4.42225  2.77519  2.73123  3.46354  2.40513  3.72494  3.29354  2.67741  2.69355  4.24690  2.90347  2.73739  3.18146  2.89801  2.37887  2.77519  2.98518  4.58477  3.61503
          0.00359  6.02594  6.74829  0.61958  0.77255  0.77089  0.62102
     19   3.82903  6.30665  3.54633  3.11226  5.61506  4.43675  2.13879  5.09691  3.51516  4.59148  5.37194  0.56341  4.90948  3.71206  3.65264  3.44882  3.83176  4.68454  6.73648  3.56392     19 N - - -
          2.68618  4.42225  2.77519  2.73123  3.46354  2.40513  3.72494  3.29354  2.67741  2.69355  4.24690  2.90347  2.73739  3.18146  2.89801  2.37887  2.77519  2.98518  4.58477  3.61503
          0.00359  6.02594  6.74829  0.61958  0.77255  0.77089  0.62102
     20   0.59771  4.98709  5.33142  4.73802  4.10532  3.98390  5.06157  2.70939  4.56866  2.87900  4.12426  4.81067  5.07819  4.73987  4.65238  3.00464  3.40878  2.27093  5.62963  4.09425     20 A - - -
          2.68618  4.42225  2.77519  2.73123  3.46354  2.40513  3.72494  3.29354  2.67741  2.69355  4.24690  2.90347  2.73739  3.18146  2.89801  2.37887  2.77519  2.98518  4.58477  3.61503
          0.00359  6.02594  6.74829  0.61958  0.77255  0.73323  0.65461
     21   2.48638  3.99955  2.56094  2.05765  3.90396  3.52103  3.89573  3.21045  2.35630  2.57308  4.59837  3.35133  4.60606  2.67869  2.37163  2.55252  3.10784  2.85688  6.35409  4.33032     21 e - - -
          2.68618  4.42225  2.77519  2.73123  3.46354  2.40513  3.72494  3.29354  2.67741  2.69355  4.24690  2.90347  2.73739  3.18146  2.89801  2.37887  2.77519  2.98518  4.58477  3.61503
          0.00358  6.02894  6.75129  0.61958  0.77255  0.75297  0.63670
     22   2.34542  5.42748  2.48633  1.76638  5.29225  3.29646  3.97596  4.56519  2.63373  4.25172  4.98622  3.15821  4.59904  2.70736  1.62088  2.34265  3.29112  3.79057  6.37781  4.96608     22 r - - -
          2.68618  4.42225  2.77519  2.73123  3.46354  2.40513  3.72494  3.29354  2.67741  2.69355  4.24690  2.90347  2.73739  3.18146  2.89801  2.37887  2.77519  2.98518  4.58477  3.61503
          0.00358  6.02894  6.75129  0.61958  0.77255  0.69759  0.68872
     23   3.24375  4.51038  5.46763  4.85528  3.85728  4.71477  4.43992  2.95058  4.12957  0.43023  3.67796  4.86166  5.07879  4.50951  4.41439  3.91520  3.65876  3.17947  5.55332  3.73774     23 L - - -
          2.68618  4.42225  2.77519  2.73123  3.46354  2.40513  3.72494  3.29354  2.67741  2.69355  4.24690  2.90347  2.73739  3.18146  2.89801  2.37887  2.77519  2.98518  4.58477  3.61503
          0.00357  6.03337  6.75572  0.61958  0.77255  0.72579  0.66154
     24   2.74244  3.55539  5.52039  4.90456  2.68034  4.72019  2.66408  1.68570  3.75794  1.28389  3.87291  4.88475  5.08383  4.27383  4.33231  3.75786  3.78240  2.54875  3.36804  3.15776     24 l - - -
          2.68618  4.42225  2.77519  2.73123  3.46354  2.40513  3.72494  3.29354  2.67741  2.69355  4.24690  2.90347  2.73739  3.18146  2.89801  2.37887  2.77519  2.98518  4.58477  3.61503
          0.00357  6.03337  6.75572  0.61958  0.77255  0.72579  0.66154
     25   2.47269  5.13405  2.33474  1.82898  3.31052  3.90850  3.55326  3.80438  2.31583  3.86637  4.46012  2.67661  4.60272  2.87409  2.36460  2.82267  2.58006  3.47192  6.37813  4.10811     25 e - - -
          2.68618  4.42225  2.77519  2.73123  3.46354  2.40513  3.72494  3.29354  2.67741  2.69355  4.24690  2.90347  2.73739  3.18146  2.89801  2.37887  2.77519  2.98518  4.58477  3.61503
          0.00357  6.03337  6.75572  0.61958  0.77255  0.72579  0.66154
     26   2.56995  5.93295  1.22884  1.43481  5.26880  4.01163  4.40836  4.01242  3.07096  3.70085  4.61978  3.51764  4.61281  3.50803  3.63978  2.23887  3.61153  4.04648  6.37140  4.96553     26 d - - -
          2.68618  4.42225  2.77519  2.73123  3.46354  2.40513  3.72494  3.29354  2.67741  2.69355  4.24690  2.90347  2.73739  3.18146  2.89801  2.37887  2.77519  2.98518  4.58477  3.61503
          0.00357  6.03337  6.75572  0.61958  0.77255  0.72579  0.66154
     27   0.36278  4.70169  6.39909  6.38000  6.60546  4.05707  6.76914  6.11654  6.20504  5.81550  6.53953  5.47147  4.73026  6.23824  6.12585  1.51428  4.38426  4.38386  7.95303  6.97208     27 A - - -
          2.68618  4.42225  2.77519  2.73123  3.46354  2.40513  3.72494  3.29354  2.67741  2.69355  4.24690  2.90347  2.73739  3.18146  2.89801  2.37887  2.77519  2.98518  4.58477  3.61503
          0.00653  6.03337  5.49407  0.61958  0.77255  0.69214  0.69415
     28   2.87294  4.21445  3.02414  1.76079  3.90051  3.85139  3.24559  2.73770  2.32264  2.83528  4.74442  3.19103  3.97146  2.50370  2.64079  2.74832  3.02199  3.51018  6.36641  3.21380     28 e - - -
          2.68618  4.42225  2.77519  2.73123  3.46354  2.40513  3.72494  3.29354  2.67741  2.69355  4.24690  2.90347  2.73739  3.18146  2.89801  2.37887  2.77519  2.98518  4.58477  3.61503
          0.00357  6.03308  6.75543  0.61958  0.77255  0.60116  0.79446
     29   2.20997  4.52920  5.32554  4.07709  3.81782  4.70226  4.78591  1.83339  3.64968  1.18657  3.48798  4.42500  5.06797  3.81828  3.51319  3.44826  2.40938  2.47726  5.58118  4.06634     29 l - - -
          2.68618  4.42225  2.77519  2.73123  3.46354  2.40513  3.72494  3.29354  2.67741  2.69355  4.24690  2.90347  2.73739  3.18146  2.89801  2.37887  2.77519  2.98518  4.58477  3.61503
          0.00352  6.04767  6.77002  0.61958  0.77255  0.66027  0.72714
     30   3.31469  4.00671  5.54951  4.93446  3.42816  4.75160  5.08669  2.93336  4.71872  0.48765  3.83773  4.59750  5.11392  4.84822  4.39732  3.59975  3.81190  2.43453  5.57669  4.40171     30 L - - -
          2.68618  4.42225  2.77519  2.73123  3.46354  2.40513  3.72494  3.29354  2.67741  2.69355  4.24690  2.90347  2.73739  3.18146  2.89801  2.37887  2.77519  2.98518  4.58477  3.61503
          0.01031  6.04767  4.84183  0.61958  0.77255  0.66027  0.72714
     31   2.32705  4.54377  4.72568  4.14838  1.68495  4.28323  3.52600  3.21846  4.10795  1.34333  3.76190  4.06988  5.04529  3.82340  3.29153  3.63969  3.58427  2.80278  4.99083  2.36709     31 l - - -
          2.68618  4.42225  2.77519  2.73123  3.46354  2.40513  3.72494  3.29354  2.67741  2.69355  4.24690  2.90347  2.73739  3.18146  2.89801  2.37887  2.77519  2.98518  4.58477  3.61503
          0.00669  6.04091  5.45114  0.61958  0.77255  0.62034  0.77167
     32   2.55336  5.95615  2.00049  1.73709  4.37749  3.49632  4.07957  4.26670  1.98144  3.73065  4.21254  2.75811  3.95743  2.70544  3.00817  2.60014  2.84023  4.02738  6.38810  4.97640     32 e - - -
          2.68618  4.42225  2.77519  2.73123  3.46354  2.40513  3.72494  3.29354  2.67741  2.69355  4.24690  2.90347  2.73739  3.18146  2.89801  2.37887  2.77519  2.98518  4.58477  3.61503
          0.01738  6.04455  4.20931  0.61958  0.77255  0.68109  0.70535
     33   1.93030  4.69805  3.40789  2.83423  5.28482  3.55282  2.34712  4.45916  2.73382  3.12975  4.76869  1.57850  4.22289  2.89297  2.61125  2.58684  3.34913  3.61435  6.37465  4.96453     33 n - - -
          2.68618  4.42225  2.77519  2.73123  3.46354  2.40513  3.72494  3.29354  2.67741  2.69355  4.24690  2.90347  2.73739  3.18146  2.89801  2.37887  2.77519  2.98518  4.58477  3.61503
          0.00660  6.03075  5.47962  0.61958  0.77255  0.68900  0.69731
     34   3.05049  5.95067  2.71636  2.11667  5.29704  1.26482  3.67721  4.78398  1.91620  4.25649  4.79096  2.79350  4.09789  2.96541  3.23183  2.97612  3.45935  4.34201  6.38253  4.97071     34 g - - -
          2.68618  4.42225  2.77519  2.73123  3.46354  2.40513  3.72494  3.29354  2.67741  2.69355  4.24690  2.90347  2.73739  3.18146  2.89801  2.37887  2.77519  2.98518  4.58477  3.61503
          0.00357  6.03411  6.75645  0.61958  0.77255  0.68017  0.70630
     35   2.42530  4.45834  3.10802  3.02846  3.80408  3.83978  2.56908  3.90566  2.45643  3.91984  3.74455  3.01661  4.61304  3.02234  1.99871  1.47519  3.67238  4.30450  5.40439  3.82105     35 s - - -
          2.68618  4.42225  2.77519  2.73123  3.46354  2.40513  3.72494  3.29354  2.67741  2.69355  4.24690  2.90347  2.73739  3.18146  2.89801  2.37887  2.77519  2.98518  4.58477  3.61503
          0.00783  6.03948  5.21763  0.61958  0.77255  0.58507  0.81434
     36   3.03005  4.77167  5.48027  4.86778  1.72359  4.72298  3.33979  2.74440  4.49752  2.79579  3.71865  4.42042  3.01855  4.41714  4.37439  3.46616  3.37004  2.55192  3.22664  1.27642     36 y - - -
          2.68618  4.42225  2.77519  2.73123  3.46354  2.40513  3.72494  3.29354  2.67741  2.69355  4.24690  2.90347  2.73739  3.18146  2.89801  2.37887  2.77519  2.98518  4.58477  3.61503
          0.00352  6.04581  6.76816  0.61958  0.77255  0.67278  0.71394
     37   1.35691  4.35317  3.72918  2.94594  5.19823  2.35979  3.36456  4.66314  3.17425  4.17601  4.93277  3.03508  1.76725  3.17557  3.66131  2.38445  3.38516  3.90499  6.33541  4.55881     37 a - - -
          2.68618  4.42225  2.77519  2.73123  3.46354  2.40513  3.72494  3.29354  2.67741  2.69355  4.24690  2.90347  2.73739  3.18146  2.89801  2.37887  2.77519  2.98518  4.58477  3.61503
          0.00352  6.04581  6.76816  0.61958  0.77255  0.61900  0.77324
     38   3.43434  4.46842  4.00537  3.48327  4.54494  4.41461  4.40535  2.83656  3.56866  2.47954  4.26641  4.05729  3.59203  3.46436  1.07611  1.93259  2.53012  3.37143  5.93853  4.67246     38 r - - -
          2.68618  4.42225  2.77519  2.73123  3.46354  2.40513  3.72494  3.29354  2.67741  2.69355  4.24690  2.90347  2.73739  3.18146  2.89801  2.37887  2.77519  2.98518  4.58477  3.61503
          0.00351  6.05004  6.77238  0.61958  0.77255  0.64418  0.74464
     39   0.40996  4.02966  5.72635  5.35220  4.96324  3.96519  6.07077  5.16355  5.26127  4.87421  5.71048  5.16247  3.97247  5.46678  4.76662  1.67974  4.03954  4.14095  7.16616  6.02288     39 A - - -
          2.68618  4.42225  2.77519  2.73123  3.46354  2.40513  3.72494  3.29354  2.67741  2.69355  4.24690  2.90347  2.73739  3.18146  2.89801  2.37887  2.77519  2.98518  4.58477  3.61503
          0.00351  6.05004  6.77238  0.61958  0.77255  0.64418  0.74464
     40   2.42069  4.03963  5.34943  4.74528  2.15134  4.70732  4.38149  2.95499  4.35316  2.10518  3.89188  4.49729  4.64574  3.41225  2.42574  3.24751  2.79167  2.40860  5.57998  1.61431     40 y - - -
          2.68618  4.42225  2.77519  2.73123  3.46354  2.40513  3.72494  3.29354  2.67741  2.69355  4.24690  2.90347  2.73739  3.18146  2.89801  2.37887  2.77519  2.98518  4.58477  3.61503
          0.00351  6.05004  6.77238  0.61958  0.77255  0.64418  0.74464
     41   2.09617  3.85716  5.07841  4.48823  1.75576  4.50776  2.92984  3.26723  4.35775  2.37122  4.12417  4.66908  5.03080  3.05647  4.02144  1.54600  2.62654  3.13390  4.78098  3.79200     41 s - - -
          2.68618  4.42225  2.77519  2.73123  3.46354  2.40513  3.72494  3.29354  2.67741  2.69355  4.24690  2.90347  2.73739  3.18146  2.89801  2.37887  2.77519  2.98518  4.58477  3.61503
          0.00351  6.05004  6.77238  0.61958  0.77255  0.64418  0.74464
     42   3.37508  4.22914  5.53817  4.92293  2.83799  4.74282  5.07685  2.72945  4.12801  0.49986  3.47157  4.31067  5.10570  4.83792  4.71502  3.83718  3.70201  3.02231  5.56875  4.39344     42 L - - -
          2.68618  4.42225  2.77519  2.73123  3.46354  2.40513  3.72494  3.29354  2.67741  2.69355  4.24690  2.90347  2.73739  3.18146  2.89801  2.37887  2.77519  2.98518  4.58477  3.61503
          0.00351  6.05004  6.77238  0.61958  0.77255  0.64418  0.74464
     43   1.17783  4.18451  4.99824  4.41157  3.78702  3.66860  2.98196  3.21099  4.29359  2.41480  4.01206  4.34636  4.73941  4.51516  4.47757  1.58562  2.59402  2.92850  5.63692  4.07261     43 a - - -
          2.68618  4.42225  2.77519  2.73123  3.46354  2.40513  3.72494  3.29354  2.67741  2.69355  4.24690  2.90347  2.73739  3.18146  2.89801  2.37887  2.77519  2.98518  4.58477  3.61503
          0.00351  6.05004  6.77238  0.61958  0.77255  0.60343  0.79172
     44   2.56272  4.44554  5.47206  4.86048  3.56697  4.72665  2.37956  1.36805  4.65744  2.63655  3.74347  4.87087  5.09089  2.57475  4.18800  3.72079  3.01186  1.63612  5.56758  3.41043     44 i - - -
          2.68618  4.42225  2.77519  2.73123  3.46354  2.40513  3.72494  3.29354  2.67741  2.69355  4.24690  2.90347  2.73739  3.18146  2.89801  2.37887  2.77519  2.98518  4.58477  3.61503
          0.00350  6.05321  6.77555  0.61958  0.77255  0.52176  0.90011
     45   2.57154  4.56140  5.54639  4.93060  2.99698  4.74553  5.07962  2.08910  4.71386  0.85103  3.28378  4.91047  5.10881  4.84338  4.71930  3.08977  2.35034  3.01700  5.57063  4.12813     45 l - - -
          2.68618  4.42225  2.77519  2.73123  3.46354  2.40513  3.72494  3.29354  2.67741  2.69355  4.24690  2.90347  2.73739  3.18146  2.89801  2.37887  2.77519  2.98518  4.58477  3.61503
          0.00347  6.06121  6.78355  0.61958  0.77255  0.56377  0.84179
     46   0.90774  3.24798  5.27376  4.68887  4.17425  3.19891  5.08357  3.16009  4.53740  2.97460  3.95213  4.79363  5.08957  4.72403  4.65293  1.58782  3.46871  2.59263  5.69182  4.50848     46 a - - -
          2.68618  4.42225  2.77519  2.73123  3.46354  2.40513  3.72494  3.29354  2.67741  2.69355  4.24690  2.90347  2.73739  3.18146  2.89801  2.37887  2.77519  2.98518  4.58477  3.61503
          0.00347  6.06121  6.78355  0.61958  0.77255  0.56377  0.84179
     47   3.24102  3.43470  5.46942  4.52707  2.70843  4.73140  4.18740  1.48198  4.65715  1.46567  2.76010  4.12611  5.09572  2.70412  3.02965  3.13246  3.54877  2.79445  5.57446  4.06040     47 l - - -
          2.68618  4.42225  2.77519  2.73123  3.46354  2.40513  3.72494  3.29354  2.67741  2.69355  4.24690  2.90347  2.73739  3.18146  2.89801  2.37887  2.77519  2.98518  4.58477  3.61503
          0.00577  6.06121  5.67886  0.61958  0.77255  0.49673  0.93781
     48   4.22809  7.43199  3.30071  0.19813  6.70672  4.74300  5.38400  6.29469  3.86297  5.71784  6.61689  4.18248  5.42917  4.02371  5.19647  3.82320  4.17072  5.80670  7.85873  6.24434     48 E - - -
          2.68618  4.42225  2.77519  2.73123  3.46354  2.40513  3.72494  3.29354  2.67741  2.69355  4.24690  2.90347  2.73739  3.18146  2.89801  2.37887  2.77519  2.98518  4.58477  3.61503
          0.00346  6.06415  6.78650  0.61958  0.77255  0.54129  0.87227
     49   4.86336  7.15238  4.06272  0.14004  6.54850  5.02848  5.57192  4.50524  4.26835  5.56132  6.56613  4.59319  5.68092  4.76819  3.85998  4.77175  5.17482  5.73691  7.60411  6.24638     49 E - - -
          2.68618  4.42225  2.77519  2.73123  3.46354  2.40513  3.72494  3.29354  2.67741  2.69355  4.24690  2.90347  2.73739  3.18146  2.89801  2.37887  2.77519  2.98518  4.58477  3.61503
          0.00346  6.06415  6.78650  0.61958  0.77255  0.54129  0.87227
     50   2.37330  2.99215  5.53890  4.92337  2.71026  4.56164  5.07607  1.76150  4.03602  1.71249  3.65549  4.62304  5.10609  4.63464  4.39936  2.31806  2.52612  2.08135  5.56915  3.83374     50 l - - -
          2.68618  4.42225  2.77519  2.73123  3.46354  2.40513  3.72494  3.29354  2.67741  2.69355  4.24690  2.90347  2.73739  3.18146  2.89801  2.37887  2.77519  2.98518  4.58477  3.61503
          0.00346  6.06415  6.78650  0.61958  0.77255  0.54129  0.87227
     51   1.72782  5.41590  5.16024  4.65281  4.55757  0.75593  5.42012  3.32535  4.57920  4.01042  4.89869  4.80329  3.97377  4.83194  4.84046  2.12897  3.39026  3.13565  6.37855  5.18343     51 g - - -
          2.68618  4.42225  2.77519  2.73123  3.46354  2.40513  3.72494  3.29354  2.67741  2.69355  4.24690  2.90347  2.73739  3.18146  2.89801  2.37887  2.77519  2.98518  4.58477  3.61503
          0.00346  6.06415  6.78650  0.61958  0.77255  0.54129  0.87227
     52   4.67128  6.77158  5.28958  4.38336  6.37404  4.17013  4.47967  5.63355  0.25268  3.90561  5.10402  4.11740  5.54637  4.12268  2.67686  4.63744  4.32013  5.31513  6.91832  5.83340     52 K - - -
          2.68618  4.42225  2.77519  2.73123  3.46354  2.40513  3.72494  3.29354  2.67741  2.69355  4.24690  2.90347  2.73739  3.18146  2.89801  2.37887  2.77519  2.98518  4.58477  3.61503
          0.00346  6.06415  6.78650  0.61958  0.77255  0.54129  0.87227
     53   1.20723  3.77484  5.49498  4.88242  3.49295  4.05094  4.72831  2.05417  4.67623  2.35379  3.50336  4.57391  4.29264  4.81509  3.84398  2.31022  3.14270  2.03705  5.57398  4.07703     53 a - - -
          2.68618  4.42225  2.77519  2.73123  3.46354  2.40513  3.72494  3.29354  2.67741  2.69355  4.24690  2.90347  2.73739  3.18146  2.89801  2.37887  2.77519  2.98518  4.58477  3.61503
          0.00346  6.06415  6.78650  0.61958  0.77255  0.54129  0.87227
     54   2.83275  5.93096  3.32529  2.30391  3.54704  3.89752  2.93942  2.57491  2.55535  2.73146  4.68633  2.91862  2.78269  2.71322  3.11905  2.16975  3.03897  2.76964  6.37312  3.93169     54 s - - -
          2.68618  4.42225  2.77519  2.73123  3.46354  2.40513  3.72494  3.29354  2.67741  2.69355  4.24690  2.90347  2.73739  3.18146  2.89801  2.37887  2.77519  2.98518  4.58477  3.61503
          0.01057  6.06415  4.80547  0.61958  0.77255  0.54129  0.87227
     55   2.46269  4.94979  5.47263  4.86120  3.16588  4.33850  5.05972  1.64025  3.84887  1.70669  2.08948  3.87684  5.09344  3.65110  3.47889  3.42699  3.57925  2.83373  2.37235  4.03738     55 i - - -
          2.68618  4.42225  2.77519  2.73123  3.46354  2.40513  3.72494  3.29354  2.67741  2.69355  4.24690  2.90347  2.73739  3.18146  2.89801  2.37887  2.77519  2.98518  4.58477  3.61503
          0.00348  6.05707  6.77942  0.61958  0.77255  0.59440  0.80272
     56   2.37070  3.35923  5.06064  4.91978  3.68750  3.10023  5.07113  1.64639  4.70368  1.25668  3.61004  4.41918  4.21463  4.83409  4.32536  3.39818  3.64875  1.99627  4.56964  4.21902     56 l - - -
          2.68618  4.42225  2.77519  2.73123  3.46354  2.40513  3.72494  3.29354  2.67741  2.69355  4.24690  2.90347  2.73739  3.18146  2.89801  2.37887  2.77519  2.98518  4.58477  3.61503
          0.00777  6.05707  5.22093  0.61958  0.77255  0.59440  0.80272
     57   2.64990  4.48737  3.04642  2.86936  2.56687  2.66745  2.67322  3.70592  2.65586  2.76476  3.27718  3.33666  4.43194  3.28025  2.38180  3.30779  3.32747  3.05912  4.77627  2.32519     57 y - - -
          2.68618  4.42225  2.77519  2.73123  3.46354  2.40513  3.72494  3.29354  2.67741  2.69355  4.24690  2.90347  2.73739  3.18146  2.89801  2.37887  2.77519  2.98518  4.58477  3.61503
          0.00350  6.05280  6.77514  0.61958  0.77255  0.60020  0.79562
     58   2.46540  5.95134  2.31230  2.13204  3.44844  2.74962  3.15261  3.93547  2.73591  3.03533  3.46452  3.02465  4.61874  2.86945  2.62701  2.57620  2.76790  3.28055  6.38641  3.61284     58 e - - -
          2.68618  4.42225  2.77519  2.73123  3.46354  2.40513  3.72494  3.29354  2.67741  2.69355  4.24690  2.90347  2.73739  3.18146  2.89801  2.37887  2.77519  2.98518  4.58477  3.61503
          0.00349  6.05471  6.77705  0.61958  0.77255  0.61146  0.78210
     59   1.83784  5.03794  3.78963  2.92846  3.64732  3.80803  3.11703  2.80809  3.34342  2.61889  2.91484  3.80975  3.78605  3.48674  2.18514  2.94165  2.84968  2.56649  4.00177  3.00852     59 a - - -
          2.68618  4.42225  2.77519  2.73123  3.46354  2.40513  3.72494  3.29354  2.67741  2.69355  4.24690  2.90347  2.73739  3.18146  2.89801  2.37887  2.77519  2.98518  4.58477  3.61503
          0.00349  6.05471  6.77705  0.61958  0.77255  0.61146  0.78210
     60   1.87415  4.03106  4.77259  4.03601  2.57301  3.00474  4.64028  2.54305  3.41805  1.92443  3.61724  4.68156  4.43229  3.62744  2.81197  2.33221  3.21828  2.37263  4.55533  3.37468     60 a - - -
          2.68618  4.42225  2.77519  2.73123  3.46354  2.40513  3.72494  3.29354  2.67741  2.69355  4.24690  2.90347  2.73739  3.18146  2.89801  2.37887  2.77519  2.98518  4.58477  3.61503
          0.00349  6.05471  6.77705  0.61958  0.77255  0.61146  0.78210
     61   2.76051  4.38452  4.64129  2.66915  3.24664  2.65728  3.84921  2.50335  3.88851  1.97165  3.34666  3.75397  4.99403  3.54115  3.02152  3.41165  2.43166  2.12166  2.95659  3.27956     61 l - - -
          2.68618  4.42225  2.77519  2.73123  3.46354  2.40513  3.72494  3.29354  2.67741  2.69355  4.24690  2.90347  2.73739  3.18146  2.89801  2.37887  2.77519  2.98518  4.58477  3.61503
          0.13745  6.05471  2.07085  0.61958  0.77255  0.61146  0.78210
     62   2.83276  5.87213  2.47701  2.45580  4.78574  2.23199  3.56488  4.02406  2.65702  3.28621  3.76304  2.85194  3.95973  2.60279  2.26883  2.16265  2.92369  3.69498  5.18038  3.79847     62 s - - -
          2.68618  4.42225  2.77519  2.73123  3.46354  2.40513  3.72494  3.29354  2.67741  2.69355  4.24690  2.90347  2.73739  3.18146  2.89801  2.37887  2.77519  2.98518  4.58477  3.61503
          0.01967  5.92124  4.08643  0.61958  0.77255  1.16404  0.37429
     63   2.50238  4.59850  3.00798  2.60887  3.59568  2.86496  4.08759  2.62653  2.72267  2.35873  3.23657  2.57409  3.41695  3.35849  3.19886  2.30107  3.18697  2.96668  6.10682  3.43645     63 s - - -
          2.68618  4.42225  2.77519  2.73123  3.46354  2.40513  3.72494  3.29354  2.67741  2.69355  4.24690  2.90347  2.73739  3.18146  2.89801  2.37887  2.77519  2.98518  4.58477  3.61503
          0.01396  5.91142  4.49629  0.61958  0.77255  1.12881  0.39070
     64   2.47264  5.70937  2.87654  2.49837  4.11675  3.26373  3.51244  2.84562  2.51994  2.22801  3.84061  3.29825  3.06831  3.10290  3.18365  2.77804  2.95415  2.84622  2.71986  4.29840     64 l - - -
          2.68618  4.42225  2.77519  2.73123  3.46354  2.40513  3.72494  3.29354  2.67741  2.69355  4.24690  2.90347  2.73739  3.18146  2.89801  2.37887  2.77519  2.98518  4.58477  3.61503
          0.03959  5.91533  3.32084  0.61958  0.77255  0.31365  1.31221
     65   2.02502  4.84858  3.13247  2.63291  4.27256  3.46100  3.40770  3.45766  2.54570  3.03819  4.13997  2.87597  3.65354  3.23481  2.68950  2.17184  2.21450  3.10247  5.66729  3.46260     65 a - - -
          2.68618  4.42225  2.77519  2.73123  3.46354  2.40513  3.72494  3.29354  2.67741  2.69355  4.24690  2.90347  2.73739  3.18146  2.89801  2.37887  2.77519  2.98518  4.58477  3.61503
          0.13863  6.00891  2.06362  0.61958  0.77255  0.79945  0.59707
     66   2.43884  5.05587  2.25069  2.17023  4.76075  1.95444  3.82301  3.89713  2.48383  3.75462  4.88777  2.48562  3.63702  2.99830  3.13366  2.59608  2.89230  3.45055  6.27965  4.30483     66 g - - -
          2.68618  4.42225  2.77519  2.73123  3.46354  2.40513  3.72494  3.29354  2.67741  2.69355  4.24690  2.90347  2.73739  3.18146  2.89801  2.37887  2.77519  2.98518  4.58477  3.61503
          0.04415  5.87957  3.20920  0.61958  0.77255  1.35442  0.29854
     67   3.05815  5.26359  2.11235  2.12319  4.50929  2.35569  3.63112  3.24076  2.52020  3.29380  4.64636  2.68683  2.58854  3.17887  2.63062  2.71743  3.09882  3.58332  6.25292  4.51987     67 d - - -
          2.68618  4.42225  2.77519  2.73123  3.46354  2.40513  3.72494  3.29354  2.67741  2.69355  4.24690  2.90347  2.73739  3.18146  2.89801  2.37887  2.77519  2.98518  4.58477  3.61503
          0.00734  5.83975  5.42592  0.61958  0.77255  1.45992  0.26430
     68   2.46800  5.82137  2.28254  1.87103  4.71068  2.52490  3.94257  4.15104  2.36535  3.23114  4.86181  3.08847  2.81415  2.79708  3.12104  2.44387  3.01469  3.36421  6.25355  4.84209     68 e - - -
          2.68618  4.42225  2.77519  2.73123  3.46354  2.40513  3.72494  3.29354  2.67741  2.69355  4.24690  2.90347  2.73739  3.18146  2.89801  2.37887  2.77519  2.98518  4.58477  3.61503
          0.09363  5.83676  2.44809  0.61958  0.77255  0.57917  0.82181
     69   2.50111  5.75317  3.05202  2.31418  3.86324  2.64212  3.91187  3.17956  2.37939  3.06140  4.47310  3.45909  3.42467  2.89253  2.96081  3.05770  3.37538  1.85673  6.21090  2.92915     69 v - - -
          2.68618  4.42225  2.77519  2.73123  3.46354  2.40513  3.72494  3.29354  2.67741  2.69355  4.24690  2.90347  2.73739  3.18146  2.89801  2.37887  2.77519  2.98518  4.58477  3.61503
          0.00414  5.88568  6.60803  0.61958  0.77255  1.11788  0.39597
     70   2.57447  4.42463  1.64609  1.75271  3.95782  3.84253  3.81411  4.46723  2.29057  3.50976  4.49285  2.57334  4.24812  2.91211  3.26757  2.93720  2.70882  4.05790  6.29727  4.88608     70 d - - -
          2.68618  4.42225  2.77519  2.73123  3.46354  2.40513  3.72494  3.29354  2.67741  2.69355  4.24690  2.90347  2.73739  3.18146  2.89801  2.37887  2.77519  2.98518  4.58477  3.61503
          0.07788  5.90746  2.62819  0.61958  0.77255  0.45877  0.99984
     71   3.11174  4.06337  3.32264  2.41314  3.55162  4.00859  4.59579  2.88663  3.08377  2.20996  3.49699  3.33541  3.25685  3.01743  3.21544  3.21584  2.99527  1.91780  2.29507  4.32622     71 v - - -
          2.68618  4.42225  2.77519  2.73123  3.46354  2.40513  3.72494  3.29354  2.67741  2.69355  4.24690  2.90347  2.73739  3.18146  2.89801  2.37887  2.77519  2.98518  4.58477  3.61503
          0.00389  5.94601  6.66836  0.61958  0.77255  0.53432  0.88205
     72   2.69375  5.93577  2.68312  2.37994  5.28214  3.27899  3.93828  4.49371  1.22732  4.05085  4.10644  3.02476  3.09078  2.59455  2.85059  2.63059  3.25338  4.02265  6.36767  4.45337     72 k - - -
          2.68618  4.42225  2.77519  2.73123  3.46354  2.40513  3.72494  3.29354  2.67741  2.69355  4.24690  2.90347  2.73739  3.18146  2.89801  2.37887  2.77519  2.98518  4.58477  3.61503
          0.00364  6.01365  6.73600  0.61958  0.77255  0.82842  0.57401
     73   2.73347  5.93458  2.52831  2.22040  4.16918  3.19816  3.82972  4.50743  1.69418  3.77126  4.52382  3.14004  4.33743  2.67936  2.04737  2.64398  3.19168  3.53976  3.47579  4.49488     73 k - - -
          2.68618  4.42225  2.77519  2.73123  3.46354  2.40513  3.72494  3.29354  2.67741  2.69355  4.24690  2.90347  2.73739  3.18146  2.89801  2.37887  2.77519  2.98518  4.58477  3.61503
          0.01191  6.01365  4.66808  0.61958  0.77255  0.47423  0.97383
     74   2.65892  4.88052  4.19608  3.34292  2.30329  3.04312  4.24040  2.81275  3.88508  1.35244  3.74867  3.62127  3.56093  3.95653  3.48648  2.85646  3.21188  2.36485  3.29797  4.29319     74 l - - -
          2.68618  4.42225  2.77519  2.73123  3.46354  2.40513  3.72494  3.29354  2.67741  2.69355  4.24690  2.90347  2.73739  3.18146  2.89801  2.37887  2.77519  2.98518  4.58477  3.61503
          0.00355  6.03878  6.76113  0.61958  0.77255  0.67716  0.70940
     75   2.95614  5.42646  2.74806  2.59823  4.93711  3.75002  3.80236  3.84121  1.77505  2.42967  3.71264  2.78561  4.10154  3.03080  2.40957  2.85069  3.15862  3.76632  2.33380  4.42522     75 k - - -
          2.68618  4.42225  2.77519  2.73123  3.46354  2.40513  3.72494  3.29354  2.67741  2.69355  4.24690  2.90347  2.73739  3.18146  2.89801  2.37887  2.77519  2.98518  4.58477  3.61503
          0.00778  6.03878  5.22716  0.61958  0.77255  0.56442  0.84093
     76   2.71356  5.95491  2.27147  2.74225  4.94037  3.84307  3.77300  4.11996  1.20255  3.80450  4.35397  3.20836  4.36935  2.89444  2.09500  2.74679  3.45508  3.90065  6.38705  4.50567     76 k - - -
          2.68618  4.42225  2.77519  2.73123  3.46354  2.40513  3.72494  3.29354  2.67741  2.69355  4.24690  2.90347  2.73739  3.18146  2.89801  2.37887  2.77519  2.98518  4.58477  3.61503
          0.00572  6.04377  5.70400  0.61958  0.77255  0.64368  0.74519
     77   2.19462  5.92127  3.05425  2.62103  3.29259  3.18747  3.00690  3.76466  2.57568  2.39774  4.71501  2.91087  3.11724  3.02501  2.09530  2.89499  3.17707  3.20323  4.13839  4.19258     77 r - - -
          2.68618  4.42225  2.77519  2.73123  3.46354  2.40513  3.72494  3.29354  2.67741  2.69355  4.24690  2.90347  2.73739  3.18146  2.89801  2.37887  2.77519  2.98518  4.58477  3.61503
          0.00354  6.04159  6.76394  0.61958  0.77255  0.60538  0.78937
     78   3.31720  4.95118  4.89011  3.87909  1.53380  3.04424  4.70315  2.95884  4.28189  1.43785  3.33619  4.52729  4.20084  4.47187  3.66120  3.77720  3.34304  2.87805  3.15687  2.32871     78 l - - -
          2.68618  4.42225  2.77519  2.73123  3.46354  2.40513  3.72494  3.29354  2.67741  2.69355  4.24690  2.90347  2.73739  3.18146  2.89801  2.37887  2.77519  2.98518  4.58477  3.61503
          0.00352  6.04578  6.76813  0.61958  0.77255  0.45316  1.00954
     79   2.79974  5.94355  3.23043  2.52929  3.24009  3.37661  4.15144  4.39416  2.53923  3.62130  4.47437  3.38347  4.62520  3.10466  1.32746  2.69996  2.68874  3.43195  6.38173  2.57840     79 r - - -
          2.68618  4.42225  2.77519  2.73123  3.46354  2.40513  3.72494  3.29354  2.67741  2.69355  4.24690  2.90347  2.73739  3.18146  2.89801  2.37887  2.77519  2.98518  4.58477  3.61503
          0.00347  6.06049  6.78283  0.61958  0.77255  0.49139  0.94617
     80   3.35560  4.97629  1.71706  2.99764  4.98147  3.50554  3.73615  4.16504  2.54795  3.43139  4.47677  2.03197  4.01375  2.97730  2.56797  1.65501  3.18571  4.35787  6.39925  4.98795     80 s - - -
          2.68618  4.42225  2.77519  2.73123  3.46354  2.40513  3.72494  3.29354  2.67741  2.69355  4.24690  2.90347  2.73739  3.18146  2.89801  2.37887  2.77519  2.98518  4.58477  3.61503
          0.00346  6.06277  6.78512  0.61958  0.77255  0.50307  0.92803
     81   4.19848  6.45039  3.73701  3.69682  5.72500  4.70883  0.29836  5.20482  3.73829  4.74695  5.60001  4.02996  4.32307  3.98011  3.69191  3.54735  4.19923  4.86015  6.89308  4.45778     81 H - - -
          2.68618  4.42225  2.77519  2.73123  3.46354  2.40513  3.72494  3.29354  2.67741  2.69355  4.24690  2.90347  2.73739  3.18146  2.89801  2.37887  2.77519  2.98518  4.58477  3.61503
          0.00346  6.06277  6.78512  0.61958  0.77255  0.50307  0.92803
     82   2.40368  5.96630  3.35792  2.38229  4.93900  3.23865  3.70229  3.76145  1.70067  3.45897  4.52858  3.37124  3.21169  2.60422  2.60266  2.60461  2.15528  3.27304  6.39881  4.73744     82 k - - -
          2.68618  4.42225  2.77519  2.73123  3.46354  2.40513  3.72494  3.29354  2.67741  2.69355  4.24690  2.90347  2.73739  3.18146  2.89801  2.37887  2.77519  2.98518  4.58477  3.61503
          0.00346  6.06277  6.78512  0.61958  0.77255  0.50307  0.92803
     83   2.11393  5.09064  3.02782  2.28709  4.54278  3.58037  4.08930  3.21360  1.85028  3.30610  4.04584  3.33654  3.68600  2.81367  2.64180  2.08015  3.02252  3.34212  5.59891  4.44135     83 k - - -
          2.68618  4.42225  2.77519  2.73123  3.46354  2.40513  3.72494  3.29354  2.67741  2.69355  4.24690  2.90347  2.73739  3.18146  2.89801  2.37887  2.77519  2.98518  4.58477  3.61503
          0.00576  6.06277  5.67981  0.61958  0.77255  0.50307  0.92803
     84   4.39651  7.01694  6.14421  4.84155  6.82644  5.53747  5.13659  5.94844  0.19221  5.18388  6.11519  5.04169  5.81064  4.06007  2.51726  5.08664  5.14784  4.85358  7.05886  6.09728     84 K - - -
          2.68618  4.42225  2.77519  2.73123  3.46354  2.40513  3.72494  3.29354  2.67741  2.69355  4.24690  2.90347  2.73739  3.18146  2.89801  2.37887  2.77519  2.98518  4.58477  3.61503
          0.00697  6.06049  5.37985  0.61958  0.77255  0.52123  0.90089
     85   2.93644  4.73638  4.11973  3.86474  3.64705  4.54701  2.00179  2.11187  3.78838  1.78944  3.92777  1.90121  4.92292  2.74344  4.00956  3.68963  3.24022  3.15636  5.73886  3.00129     85 l - - -
          2.68618  4.42225  2.77519  2.73123  3.46354  2.40513  3.72494  3.29354  2.67741  2.69355  4.24690  2.90347  2.73739  3.18146  2.89801  2.37887  2.77519  2.98518  4.58477  3.61503
          0.00353  6.04497  6.76731  0.61958  0.77255  0.54817  0.86276
     86   2.57551  4.99904  3.01585  2.46346  2.72014  3.63627  3.91747  2.93786  2.09049  3.02224  3.63911  2.95838  4.63345  2.63866  2.57991  2.66058  2.98657  2.79455  4.07114  4.43246     86 k - - -
          2.68618  4.42225  2.77519  2.73123  3.46354  2.40513  3.72494  3.29354  2.67741  2.69355  4.24690  2.90347  2.73739  3.18146  2.89801  2.37887  2.77519  2.98518  4.58477  3.61503
          0.00353  6.04497  6.76731  0.61958  0.77255  0.54817  0.86276
     87   2.19426  5.30057  4.25998  2.72871  3.15637  3.85682  3.52170  2.52775  3.37836  2.23730  2.81730  3.00506  4.52572  2.77535  3.42888  2.46095  2.71275  3.00524  3.12563  3.50101     87 a - - -
          2.68618  4.42225  2.77519  2.73123  3.46354  2.40513  3.72494  3.29354  2.67741  2.69355  4.24690  2.90347  2.73739  3.18146  2.89801  2.37887  2.77519  2.98518  4.58477  3.61503
          0.00755  6.04230  5.26983  0.61958  0.77255  0.54817  0.86276
     88   1.36311  4.62828  3.48025  3.24164  2.58465  3.26974  4.69789  3.26849  3.50356  3.13626  3.82043  2.63664  4.54173  3.36458  4.06021  2.53447  3.57944  2.58816  2.57996  4.12362     88 a - - -
          2.68618  4.42225  2.77519  2.73123  3.46354  2.40513  3.72494  3.29354  2.67741  2.69355  4.24690  2.90347  2.73739  3.18146  2.89801  2.37887  2.77519  2.98518  4.58477  3.61503
          0.00355  6.03830  6.76064  0.61958  0.77255  0.54787  0.86318
     89   2.12332  5.12014  4.16883  3.45484  2.61987  4.34239  2.54663  1.98697  3.37988  2.28648  3.28337  3.66516  4.55707  3.32800  3.82181  3.16535  3.06558  2.01819  5.71793  3.38064     89 i - - -
          2.68618  4.42225  2.77519  2.73123  3.46354  2.40513  3.72494  3.29354  2.67741  2.69355  4.24690  2.90347  2.73739  3.18146  2.89801  2.37887  2.77519  2.98518  4.58477  3.61503
          0.00770  6.04324  5.24077  0.61958  0.77255  0.56057  0.84603
     90   2.52307  5.24731  2.79636  3.34122  2.38839  2.86557  4.23826  3.12213  3.59300  2.14028  3.54081  3.57136  4.85368  3.14900  3.40043  2.53563  3.39957  2.41050  2.96803  2.64786     90 l - - -
          2.68618  4.42225  2.77519  2.73123  3.46354  2.40513  3.72494  3.29354  2.67741  2.69355  4.24690  2.90347  2.73739  3.18146  2.89801  2.37887  2.77519  2.98518  4.58477  3.61503
          0.05972  6.03909  2.88986  0.61958  0.77255  0.59087  0.80709
     91   2.57637  4.45321  4.53567  3.50199  1.97953  3.30380  3.51965  2.37373  4.06126  2.56001  2.71163  3.66755  2.05375  3.91324  4.17392  2.74496  3.12466  2.86259  4.29643  3.10614     91 f - - -
          2.68618  4.42225  2.77519  2.73123  3.46354  2.40513  3.72494  3.29354  2.67741  2.69355  4.24690  2.90347  2.73739  3.18146  2.89801  2.37887  2.77519  2.98518  4.58477  3.61503
          0.00687  5.98533  5.44171  0.61958  0.77255  0.82290  0.57832
     92   2.57082  5.75951  2.67753  2.48540  4.14816  2.68689  3.77133  3.26827  2.82676  1.92143  4.20149  3.03529  3.14054  3.10247  3.66033  2.52638  2.64913  2.98120  3.90243  3.95145     92 l - - -
          2.68618  4.42225  2.77519  2.73123  3.46354  2.40513  3.72494  3.29354  2.67741  2.69355  4.24690  2.90347  2.73739  3.18146  2.89801  2.37887  2.77519  2.98518  4.58477  3.61503
          0.00710  5.99056  5.38677  0.61958  0.77255  0.89457  0.52557
     93   2.51596  5.45374  3.17010  2.65800  3.45116  3.43305  4.16762  2.61580  2.93799  1.81741  3.12506  3.66155  3.35047  3.38056  3.22696  2.78432  2.72922  2.60531  5.99131  2.93724     93 l - - -
          2.68618  4.42225  2.77519  2.73123  3.46354  2.40513  3.72494  3.29354  2.67741  2.69355  4.24690  2.90347  2.73739  3.18146  2.89801  2.37887  2.77519  2.98518  4.58477  3.61503
          0.03868  5.98877  3.34001  0.61958  0.77255  0.91139  0.51411
     94   2.26735  4.48108  2.89568  2.71550  2.91049  2.56461  3.79125  2.86226  2.92017  2.09292  2.82279  3.89854  4.09541  3.29150  3.47993  2.92083  3.08865  2.37251  4.79454  4.60891     94 l - - -
          2.68618  4.42225  2.77519  2.73123  3.46354  2.40513  3.72494  3.29354  2.67741  2.69355  4.24690  2.90347  2.73739  3.18146  2.89801  2.37887  2.77519  2.98518  4.58477  3.61503
          0.01075  5.95396  4.81680  0.61958  0.77255  1.06793  0.42117
     95   2.38091  5.28210  3.79688  2.59917  2.96738  3.42930  4.11564  2.43590  3.22198  1.90580  2.60526  3.36399  4.41905  3.25519  3.56314  2.20807  3.18860  2.75955  5.84505  3.70471     95 l - - -
          2.68618  4.42225  2.77519  2.73123  3.46354  2.40513  3.72494  3.29354  2.67741  2.69355  4.24690  2.90347  2.73739  3.18146  2.89801  2.37887  2.77519  2.98518  4.58477  3.61503
          0.05574  5.94710  2.96418  0.61958  0.77255  1.09548  0.40703
     96   2.23665  4.61692  2.85498  2.23463  4.18034  2.09230  3.53763  3.84320  2.49436  2.97838  4.27121  2.48684  3.66533  2.90645  3.24610  2.48258  3.15243  3.32174  6.28154  4.16559     96 g - - -
          2.68618  4.42225  2.77519  2.73123  3.46354  2.40513  3.72494  3.29354  2.67741  2.69355  4.24690  2.90347  2.73739  3.18146  2.89801  2.37887  2.77519  2.98518  4.58477  3.61503
          0.06416  5.89545  2.82364  0.61958  0.77255  0.29521  1.36405
     97   2.71406  5.32315  2.55744  1.87472  4.90683  3.30125  3.70631  4.44261  2.01357  3.49288  4.76696  2.43551  3.69138  2.90777  2.04024  2.67312  3.05777  3.87277  6.34820  4.67853     97 e - - -
          2.68618  4.42225  2.77519  2.73123  3.46354  2.40513  3.72494  3.29354  2.67741  2.69355  4.24690  2.90347  2.73739  3.18146  2.89801  2.37887  2.77519  2.98518  4.58477  3.61503
          0.00375  5.98410  6.70645  0.61958  0.77255  0.89476  0.52544
     98   2.47408  5.91732  2.16010  2.22678  4.57652  2.97260  3.97704  4.38784  2.28329  3.45992  4.50492  2.91580  4.30291  2.89387  1.89502  2.64500  2.96293  3.49391  4.17557  4.50756     98 r - - -
          2.68618  4.42225  2.77519  2.73123  3.46354  2.40513  3.72494  3.29354  2.67741  2.69355  4.24690  2.90347  2.73739  3.18146  2.89801  2.37887  2.77519  2.98518  4.58477  3.61503
          0.05344  5.98814  3.00521  0.61958  0.77255  0.92363  0.50596
     99   3.06066  4.59396  4.97431  4.42993  2.85642  4.38268  4.97347  2.10443  3.98560  1.25670  3.31121  3.86858  3.78240  4.40182  2.94713  3.35023  2.95599  2.08683  3.26444  3.57715     99 l - - -
          2.68618  4.42225  2.77519  2.73123  3.46354  2.40513  3.72494  3.29354  2.67741  2.69355  4.24690  2.90347  2.73739  3.18146  2.89801  2.37887  2.77519  2.98518  4.58477  3.61503
          0.00392  5.93862  6.66097  0.61958  0.77255  1.13565  0.38745
    100   2.71335  5.88654  2.07722  1.87997  4.11151  2.84859  3.65800  4.38604  2.55486  4.06225  4.60471  2.48291  3.02418  2.89682  2.66149  2.58094  2.66999  3.95216  5.54871  4.56838    100 e - - -
          2.68618  4.42225  2.77519  2.73123  3.46354  2.40513  3.72494  3.29354  2.67741  2.69355  4.24690  2.90347  2.73739  3.18146  2.89801  2.37887  2.77519  2.98518  4.58477  3.61503
          0.38143  5.93862  1.15684  0.61958  0.77255  0.92479  0.50520
    101   2.51677  5.67819  1.64917  1.85260  5.02441  3.25379  3.89091  4.51124  2.34270  3.43742  4.71858  2.63358  4.11510  2.98442  2.50402  2.75912  3.19832  4.06945  6.11015  4.69843    101 d - - -
          2.68618  4.42225  2.77519  2.73123  3.46354  2.40513  3.72494  3.29354  2.67741  2.69355  4.24690  2.90347  2.73739  3.18146  2.89801  2.37887  2.77519  2.98518  4.58477  3.61503
          0.01095  5.59167  4.93922  0.61958  0.77255  1.68131  0.20595
    102   2.09817  4.64013  4.39898  4.22875  2.45189  4.41499  4.21204  2.05065  4.33441  1.83616  3.38986  3.85999  4.77942  4.07223  4.36867  2.78657  2.89190  2.20418  2.74407  3.17176    102 l - - -
          2.68618  4.42225  2.77519  2.73123  3.46354  2.40513  3.72494  3.29354  2.67741  2.69355  4.24690  2.90347  2.73739  3.18146  2.89801  2.37887  2.77519  2.98518  4.58477  3.61503
          0.44398  5.60725  1.03606  0.61958  0.77255  0.36749  1.17919
    103   2.12274  5.71324  2.19517  1.72075  3.60118  3.47132  3.99467  4.16348  2.17712  3.45733  4.30642  2.81271  3.37665  2.88510  2.91014  2.87397  3.23750  3.69518  6.14579  4.73471    103 e - - -
          2.68618  4.42225  2.77519  2.73123  3.46354  2.40513  3.72494  3.29354  2.67741  2.69355  4.24690  2.90347  2.73739  3.18146  2.89801  2.37887  2.77519  2.98518  4.58477  3.61503
          0.00519  5.65864  6.38098  0.61958  0.77255  1.61286  0.22229
    104   2.00544  5.12721  2.75846  2.47954  4.02080  3.44450  3.59491  3.95147  2.44808  3.33364  3.78480  3.07117  4.00701  3.01307  2.11715  2.81084  2.95910  2.91765  4.16815  2.89536    104 a - - -
          2.68618  4.42225  2.77519  2.73123  3.46354  2.40513  3.72494  3.29354  2.67741  2.69355  4.24690  2.90347  2.73739  3.18146  2.89801  2.37887  2.77519  2.98518  4.58477  3.61503
          0.00509  5.67898  6.40132  0.61958  0.77255  0.84127  0.56416
    105   2.01212  4.04384  4.12399  3.37062  3.05042  3.75170  4.57661  2.44335  3.41561  1.68147  3.29515  4.05670  3.93244  3.58739  3.77309  2.50323  3.08798  2.06093  4.48847  3.87853    105 l - - -
          2.68618  4.42225  2.77519  2.73123  3.46354  2.40513  3.72494  3.29354  2.67741  2.69355  4.24690  2.90347  2.73739  3.18146  2.89801  2.37887  2.77519  2.98518  4.58477  3.61503
          0.00437  5.83048  6.55283  0.61958  0.77255  0.46208  0.99418
    106   2.43753  5.48612  2.88739  2.08975  4.86279  2.89349  3.77035  4.27934  2.02765  3.55421  3.57172  3.12842  3.24434  2.57344  2.06084  2.72246  3.35375  3.16228  5.50319  4.93275    106 k - - -
          2.68618  4.42225  2.77519  2.73123  3.46354  2.40513  3.72494  3.29354  2.67741  2.69355  4.24690  2.90347  2.73739  3.18146  2.89801  2.37887  2.77519  2.98518  4.58477  3.61503
          0.00377  5.97950  6.70184  0.61958  0.77255  0.90711  0.51700
    107   2.34585  5.91502  2.88434  1.74840  4.98390  3.28179  4.19228  3.85853  2.26513  3.94268  4.74301  3.05432  2.76995  2.44805  2.87840  2.34749  2.79974  3.53531  6.34706  3.95266    107 e - - -
          2.68618  4.42225  2.77519  2.73123  3.46354  2.40513  3.72494  3.29354  2.67741  2.69355  4.24690  2.90347  2.73739  3.18146  2.89801  2.37887  2.77519  2.98518  4.58477  3.61503
          0.00375  5.98289  6.70524  0.61958  0.77255  0.93154  0.50078
    108   1.67116  4.89194  5.44529  3.91344  2.08160  4.17341  5.01033  1.88452  4.42003  1.58107  3.23431  4.32006  5.04239  4.18643  4.36415  3.54928  3.55977  2.49771  5.51324  3.40765    108 l - - -
          2.68618  4.42225  2.77519  2.73123  3.46354  2.40513  3.72494  3.29354  2.67741  2.69355  4.24690  2.90347  2.73739  3.18146  2.89801  2.37887  2.77519  2.98518  4.58477  3.61503
          0.15185  5.98289  1.97788  0.61958  0.77255  0.93154  0.50078
    109   2.69481  4.62562  3.74261  3.97427  1.74400  3.80222  4.27391  2.17984  3.27586  1.95754  2.81815  3.91279  4.87381  3.71700  3.39401  3.32985  3.20860  2.16162  5.47430  3.31659    109 f - - -
          2.68618  4.42225  2.77519  2.73123  3.46354  2.40513  3.72494  3.29354  2.67741  2.69355  4.24690  2.90347  2.73739  3.18146  2.89801  2.37887  2.77519  2.98518  4.58477  3.61503
          0.66648  5.83539  0.72657  0.61958  0.77255  0.36318  1.18895
    110   2.49019  5.59756  2.50224  1.94603  3.75416  2.87330  3.93733  3.42087  2.38731  3.23136  3.81270  2.83150  4.07806  2.86156  2.78826  2.19036  3.02377  3.43396  5.12133  4.62761    110 e - - -
          2.68618  4.42225  2.77519  2.73123  3.46354  2.40513  3.72494  3.29354  2.67741  2.69355  4.24690  2.90347  2.73739  3.18146  2.89801  2.37887  2.77519  2.98518  4.58477  3.61503
          0.02736  5.47987  3.78008  0.61958  0.77255  0.18662  1.77054
    111   2.20561  5.92106  2.27033  1.82533  5.03717  3.15594  3.85581  3.08928  2.30345  3.27392  4.64275  2.70264  4.35106  2.68712  2.89666  2.74215  2.95856  3.63601  6.35331  4.43298    111 e - - -
          2.68618  4.42225  2.77519  2.73123  3.46354  2.40513  3.72494  3.29354  2.67741  2.69355  4.24690  2.90347  2.73739  3.18146  2.89801  2.37887  2.77519  2.98518  4.58477  3.61503
          0.13016  5.99329  2.12404  0.61958  0.77255  0.80636  0.59146
    112   2.31278  5.64474  3.26435  2.71525  2.15989  3.63174  2.55130  3.74961  2.47076  2.20083  3.99602  3.15050  4.21554  2.98896  3.30799  2.72329  3.13229  3.46926  3.21827  4.49473    112 f - - -
          2.68618  4.42225  2.77519  2.73123  3.46354  2.40513  3.72494  3.29354  2.67741  2.69355  4.24690  2.90347  2.73739  3.18146  2.89801  2.37887  2.77519  2.98518  4.58477  3.61503
          0.00418  5.87431  6.59665  0.61958  0.77255  0.34518  1.23133
    113   1.84067  5.79369  3.41478  2.83206  4.83706  3.39581  2.73774  2.72073  2.85682  3.05075  3.77067  3.07315  2.89970  3.46897  3.61099  2.00149  2.39479  2.96767  6.26256  4.88939    113 a - - -
          2.68618  4.42225  2.77519  2.73123  3.46354  2.40513  3.72494  3.29354  2.67741  2.69355  4.24690  2.90347  2.73739  3.18146  2.89801  2.37887  2.77519  2.98518  4.58477  3.61503
          0.00363  6.01736  6.73971  0.61958  0.77255  0.74614  0.64282
    114   2.71605  5.51991  2.58736  2.04590  4.24649  2.25310  3.70481  3.99102  2.03553  3.78798  4.62674  3.07372  3.67310  2.57190  2.29186  2.75625  3.17347  3.66687  6.36965  4.01221    114 k - - -
          2.68618  4.42225  2.77519  2.73123  3.46354  2.40513  3.72494  3.29354  2.67741  2.69355  4.24690  2.90347  2.73739  3.18146  2.89801  2.37887  2.77519  2.98518  4.58477  3.61503
          0.00363  6.01736  6.73971  0.61958  0.77255  0.74614  0.64282
    115   2.59022  5.93130  2.76230  1.91127  3.69835  3.02839  3.32725  3.47287  2.06290  2.89255  3.95419  3.18878  4.01481  2.77989  2.53302  2.66734  2.99953  3.54487  5.44502  4.11286    115 e - - -
          2.68618  4.42225  2.77519  2.73123  3.46354  2.40513  3.72494  3.29354  2.67741  2.69355  4.24690  2.90347  2.73739  3.18146  2.89801  2.37887  2.77519  2.98518  4.58477  3.61503
          0.00363  6.01736  6.73971  0.61958  0.77255  0.74614  0.64282
    116   2.39541  4.59744  4.06598  4.37676  2.69431  4.01224  3.42996  2.52145  3.55164  1.19649  3.72682  4.59357  4.99150  3.90335  3.10192  2.35864  3.04179  2.90468  5.61675  3.41389    116 l - - -
          2.68618  4.42225  2.77519  2.73123  3.46354  2.40513  3.72494  3.29354  2.67741  2.69355  4.24690  2.90347  2.73739  3.18146  2.89801  2.37887  2.77519  2.98518  4.58477  3.61503
          0.00362  6.01898  6.74132  0.61958  0.77255  0.50786  0.92075
    117   3.35182  5.94712  2.13776  2.16253  3.16337  4.02523  2.91765  3.96688  2.74486  4.09456  4.40246  1.31175  4.10927  3.07295  3.27818  2.94883  3.53708  3.21723  6.38067  4.59498    117 n - - -
          2.68618  4.42225  2.77519  2.73123  3.46354  2.40513  3.72494  3.29354  2.67741  2.69355  4.24690  2.90347  2.73739  3.18146  2.89801  2.37887  2.77519  2.98518  4.58477  3.61503
          0.00354  6.03995  6.76229  0.61958  0.77255  0.60965  0.78426
    118   2.67468  5.48868  1.98493  2.10460  4.26810  3.67987  3.84604  3.98701  2.46030  2.81283  4.76620  2.35024  4.41547  2.47243  2.64439  2.47798  2.90754  3.85838  6.38418  4.56912    118 d - - -
          2.68618  4.42225  2.77519  2.73123  3.46354  2.40513  3.72494  3.29354  2.67741  2.69355  4.24690  2.90347  2.73739  3.18146  2.89801  2.37887  2.77519  2.98518  4.58477  3.61503
          0.00354  6.03995  6.76229  0.61958  0.77255  0.60965  0.78426
    119   2.34669  5.63939  3.07748  2.92090  3.63219  3.08637  4.23832  2.86381  2.31681  1.66647  3.57104  3.39392  3.98799  3.13778  2.77468  3.17442  3.04929  2.85191  5.25154  3.45723    119 l - - -
          2.68618  4.42225  2.77519  2.73123  3.46354  2.40513  3.72494  3.29354  2.67741  2.69355  4.24690  2.90347  2.73739  3.18146  2.89801  2.37887  2.77519  2.98518  4.58477  3.61503
          0.00354  6.03995  6.76229  0.61958  0.77255  0.60965  0.78426
    120   5.03652  6.98317  4.51785  4.70759  6.74199  5.46628  5.08608  5.88860  0.49251  4.60097  6.05299  4.94914  5.74189  3.67377  1.27652  4.98632  5.06544  5.60822  7.01690  6.03136    120 K - - -
          2.68618  4.42225  2.77519  2.73123  3.46354  2.40513  3.72494  3.29354  2.67741  2.69355  4.24690  2.90347  2.73739  3.18146  2.89801  2.37887  2.77519  2.98518  4.58477  3.61503
          0.00356  6.03573  6.75808  0.61958  0.77255  0.60965  0.78426
    121   3.44081  5.90360  3.61598  2.04487  3.74716  4.22197  4.41102  4.20649  2.78537  2.73624  3.66630  1.50606  4.61499  1.42129  3.43046  3.26903  3.67195  4.28375  6.34800  4.94933    121 q - - -
          2.68618  4.42225  2.77519  2.73123  3.46354  2.40513  3.72494  3.29354  2.67741  2.69355  4.24690  2.90347  2.73739  3.18146  2.89801  2.37887  2.77519  2.98518  4.58477  3.61503
          0.00356  6.03573  6.75808  0.61958  0.77255  0.60965  0.78426
    122   1.92172  5.94467  3.03818  2.61560  4.65029  3.72964  3.98013  3.37248  2.36173  2.67801  4.22984  2.26901  3.35323  2.76118  2.18262  2.54764  3.35634  3.74230  6.37812  4.33938    122 a - - -
          2.68618  4.42225  2.77519  2.73123  3.46354  2.40513  3.72494  3.29354  2.67741  2.69355  4.24690  2.90347  2.73739  3.18146  2.89801  2.37887  2.77519  2.98518  4.58477  3.61503
          0.00356  6.03573  6.75808  0.61958  0.77255  0.60965  0.78426
    123   1.68492  2.86446  6.18161  6.00100  6.30760  1.17939  6.53699  4.44535  5.86500  5.47655  6.25161  5.38114  5.36781  5.97501  5.90265  1.00841  3.39294  4.98593  7.68403  6.62998    123 s - - -
          2.68618  4.42225  2.77519  2.73123  3.46354  2.40513  3.72494  3.29354  2.67741  2.69355  4.24690  2.90347  2.73739  3.18146  2.89801  2.37887  2.77519  2.98518  4.58477  3.61503
          0.00356  6.03573  6.75808  0.61958  0.77255  0.60965  0.78426
    124   4.06374  5.39871  6.04582  5.43492  1.49949  5.27724  5.60438  2.46674  5.23170  0.80957  2.72781  5.44717  5.57160  5.29547  5.21639  4.28616  3.21785  2.87705  5.98023  4.86241    124 l - - -
          2.68618  4.42225  2.77519  2.73123  3.46354  2.40513  3.72494  3.29354  2.67741  2.69355  4.24690  2.90347  2.73739  3.18146  2.89801  2.37887  2.77519  2.98518  4.58477  3.61503
          0.00818  6.03573  5.15740  0.61958  0.77255  0.60965  0.78426
    125   6.05813  6.98044  6.73753  6.75655  3.35437  6.42961  4.44709  5.75649  6.50883  4.83204  6.24533  5.98284  6.72687  6.18690  6.30654  5.87200  3.92159  5.70653  5.15822  0.11400    125 Y - - -
          2.68618  4.42225  2.77519  2.73123  3.46354  2.40513  3.72494  3.29354  2.67741  2.69355  4.24690  2.90347  2.73739  3.18146  2.89801  2.37887  2.77519  2.98518  4.58477  3.61503
          0.00358  6.03113  6.75347  0.61958  0.77255  0.64139  0.74773
    126   2.62764  3.92589  5.51131  4.89613  3.03225  4.71841  5.05206  2.87651  4.68137  2.97422  3.86293  4.88037  4.37975  4.81291  4.69013  2.98157  1.78302  0.89883  3.94667  4.37028    126 v - - -
          2.68618  4.42225  2.77519  2.73123  3.46354  2.40513  3.72494  3.29354  2.67741  2.69355  4.24690  2.90347  2.73739  3.18146  2.89801  2.37887  2.77519  2.98518  4.58477  3.61503
          0.00358  6.03113  6.75347  0.61958  0.77255  0.64139  0.74773
    127   3.13596  5.28826  0.92316  2.43599  4.58205  2.13982  4.20828  4.77003  3.00124  4.13361  4.98368  3.16262  4.35035  3.19855  3.62633  2.95867  3.22296  4.33194  6.37629  4.29489    127 d - - -
          2.68618  4.42225  2.77519  2.73123  3.46354  2.40513  3.72494  3.29354  2.67741  2.69355  4.24690  2.90347  2.73739  3.18146  2.89801  2.37887  2.77519  2.98518  4.58477  3.61503
          0.00358  6.03113  6.75347  0.61958  0.77255  0.64139  0.74773
    128   2.91568  2.47522  5.48327  4.61172  2.40648  4.71398  4.52076  2.47107  4.28200  1.80755  3.45732  3.62640  3.83587  4.20105  2.56295  3.30963  3.45956  2.08884  3.12206  2.69392    128 l - - -
          2.68618  4.42225  2.77519  2.73123  3.46354  2.40513  3.72494  3.29354  2.67741  2.69355  4.24690  2.90347  2.73739  3.18146  2.89801  2.37887  2.77519  2.98518  4.58477  3.61503
          0.00358  6.03113  6.75347  0.61958  0.77255  0.64139  0.74773
    129   2.83494  5.40831  1.94387  2.68159  3.79870  3.35388  3.97504  3.45395  2.26927  2.67109  4.75804  2.68453  3.89048  3.01575  2.55938  2.56159  2.85395  2.85863  6.36692  3.59771    129 d - - -
          2.68618  4.42225  2.77519  2.73123  3.46354  2.40513  3.72494  3.29354  2.67741  2.69355  4.24690  2.90347  2.73739  3.18146  2.89801  2.37887  2.77519  2.98518  4.58477  3.61503
          0.00358  6.03113  6.75347  0.61958  0.77255  0.60430  0.79067
    130   2.48035  5.94903  2.08935  2.36101  4.09836  2.09464  4.12853  4.51311  2.39316  4.05688  4.75883  2.17182  3.49100  3.24689  2.59410  2.56602  3.02789  4.19168  6.38101  4.46880    130 d - - -
          2.68627  4.42278  2.77376  2.73095  3.46388  2.40546  3.72534  3.29360  2.67717  2.69383  4.24724  2.90286  2.73783  3.18159  2.89831  2.37878  2.77500  2.98562  4.58530  3.61537
          0.77820  0.77379  2.53193  0.02400  3.74171  0.62129  0.77057
    131   2.64988  4.83924  2.51411  2.35887  4.81399  1.35378  4.34311  4.26810  2.52764  3.87871  4.49566  2.59450  3.83487  3.16470  3.08323  2.50385  3.11841  3.84201  6.32536  4.91447    132 g - - -
          2.68618  4.42225  2.77519  2.73123  3.46354  2.40513  3.72494  3.29354  2.67741  2.69355  4.24690  2.90347  2.73739  3.18146  2.89801  2.37887  2.77519  2.98518  4.58477  3.61503
          0.01828  5.95248  4.16592  0.61958  0.77255  0.40207  1.10543
    132   2.55652  4.98519  3.05172  2.21963  4.71504  2.33491  3.06673  3.83334  2.02768  4.13898  4.70914  2.92268  4.58939  3.09291  2.28342  2.38639  2.67282  3.13404  6.36634  4.46131    133 k - - -
          2.68618  4.42225  2.77519  2.73123  3.46354  2.40513  3.72494  3.29354  2.67741  2.69355  4.24690  2.90347  2.73739  3.18146  2.89801  2.37887  2.77519  2.98518  4.58477  3.61503
          0.00364  6.01380  6.73615  0.61958  0.77255  0.66589  0.72116
    133   3.02355  4.34516  4.48139  4.89745  1.71989  4.48604  5.04526  1.99305  4.68031  1.78638  3.88770  4.54786  3.54529  4.80985  4.68537  3.57158  3.36959  1.84787  2.35638  4.04339    134 f - - -
          2.68618  4.42225  2.77519  2.73123  3.46354  2.40513  3.72494  3.29354  2.67741  2.69355  4.24690  2.90347  2.73739  3.18146  2.89801  2.37887  2.77519  2.98518  4.58477  3.61503
          0.00361  6.02084  6.74319  0.61958  0.77255  0.59982  0.79608
    134   2.80116  5.05891  4.00236  3.15809  4.44773  4.03997  3.06104  3.18371  2.78504  2.02397  4.08345  3.32459  4.15341  2.88653  3.07674  1.75391  2.44218  2.30313  4.31533  4.08055    135 s - - -
          2.68618  4.42225  2.77519  2.73123  3.46354  2.40513  3.72494  3.29354  2.67741  2.69355  4.24690  2.90347  2.73739  3.18146  2.89801  2.37887  2.77519  2.98518  4.58477  3.61503
          0.00358  6.02981  6.75216  0.61958  0.77255  0.65025  0.73797
    135   2.60397  4.30702  3.47853  2.98996  3.91624  3.95887  3.80774  2.40285  2.44684  2.63674  4.17040  3.22578  3.80113  3.25877  3.18872  1.88545  2.17283  2.46437  6.14977  4.45709    136 s - - -
          2.68618  4.42225  2.77519  2.73123  3.46354  2.40513  3.72494  3.29354  2.67741  2.69355  4.24690  2.90347  2.73739  3.18146  2.89801  2.37887  2.77519  2.98518  4.58477  3.61503
          0.00358  6.02981  6.75216  0.61958  0.77255  0.62040  0.77160
    136   3.52311  5.77864  5.75813  5.80155  6.59531  4.54726  6.62856  6.15851  5.89862  4.95204  6.61056  5.36584  0.13236  6.04787  5.93930  3.49210  4.45142  5.21058  7.93888  6.86214    137 P - - -
          2.68618  4.42225  2.77519  2.73123  3.46354  2.40513  3.72494  3.29354  2.67741  2.69355  4.24690  2.90347  2.73739  3.18146  2.89801  2.37887  2.77519  2.98518  4.58477  3.61503
          0.00357  6.03217  6.75451  0.61958  0.77255  0.58106  0.81940
    137   2.61535  5.94584  2.61314  2.50576  4.48985  3.35741  3.14209  3.92221  2.51848  3.09872  4.58740  2.65783  4.47061  2.97325  2.74541  1.62411  2.53696  3.57437  4.30365  4.62819    138 s - - -
          2.68618  4.42225  2.77519  2.73123  3.46354  2.40513  3.72494  3.29354  2.67741  2.69355  4.24690  2.90347  2.73739  3.18146  2.89801  2.37887  2.77519  2.98518  4.58477  3.61503
          0.04878  6.03641  3.09631  0.61958  0.77255  0.60488  0.78997
    138   2.78938  5.29444  1.72244  1.37391  5.26689  3.44649  3.98141  4.18627  2.35940  4.10337  4.43105  2.89513  4.57427  2.78046  3.16222  2.77107  3.15074  3.92214  6.35270  4.50100    139 e - - -
          2.68618  4.42225  2.77519  2.73123  3.46354  2.40513  3.72494  3.29354  2.67741  2.69355  4.24690  2.90347  2.73739  3.18146  2.89801  2.37887  2.77519  2.98518  4.58477  3.61503
          0.00372  5.99135  6.71370  0.61958  0.77255  0.50422  0.92628
    139   2.45100  5.09978  3.52072  2.59436  3.95880  4.11221  4.33788  2.26325  2.51513  3.16246  4.05813  3.37447  4.67645  2.92931  2.40947  2.71010  3.00123  1.66002  6.14673  4.19594    140 v - - -
          2.68618  4.42225  2.77519  2.73123  3.46354  2.40513  3.72494  3.29354  2.67741  2.69355  4.24690  2.90347  2.73739  3.18146  2.89801  2.37887  2.77519  2.98518  4.58477  3.61503
          0.15076  6.02712  1.98388  0.61958  0.77255  0.58264  0.81740
    140   2.88347  4.83794  4.00307  4.41230  2.97112  4.19461  4.92544  0.90362  4.48698  2.95382  3.72271  4.37348  4.22986  4.64156  4.36738  3.48691  3.33597  1.58123  5.45796  4.27895    141 i - - -
          2.68618  4.42225  2.77519  2.73123  3.46354  2.40513  3.72494  3.29354  2.67741  2.69355  4.24690  2.90347  2.73739  3.18146  2.89801  2.37887  2.77519  2.98518  4.58477  3.61503
          0.01227  5.88855  4.66466  0.61958  0.77255  0.27286  1.43214
    141   3.20048  4.85846  1.64933  2.69471  5.28715  2.91802  4.18717  4.15770  2.45719  3.56004  4.98261  2.74726  3.72364  3.36569  2.95682  1.95265  1.99691  4.08854  5.36407  4.96359    142 d - - -
          2.68618  4.42225  2.77519  2.73123  3.46354  2.40513  3.72494  3.29354  2.67741  2.69355  4.24690  2.90347  2.73739  3.18146  2.89801  2.37887  2.77519  2.98518  4.58477  3.61503
          0.00359  6.02705  6.74940  0.61958  0.77255  0.61761  0.77486
    142   2.38181  5.31766  3.35088  1.75570  4.71062  3.73640  4.17599  3.42339  1.75944  3.14599  4.76076  3.11215  2.93561  2.57439  2.47944  2.77270  3.28173  3.72842  6.37742  4.96636    143 e - - -
          2.68618  4.42225  2.77519  2.73123  3.46354  2.40513  3.72494  3.29354  2.67741  2.69355  4.24690  2.90347  2.73739  3.18146  2.89801  2.37887  2.77519  2.98518  4.58477  3.61503
          0.00794  6.03113  5.20239  0.61958  0.77255  0.64139  0.74773
    143   2.64864  5.94350  2.24942  1.51870  4.91726  2.84636  3.66851  3.64122  2.18669  3.57055  4.30487  3.29470  3.58553  3.07349  2.99169  2.67850  2.75865  3.60497  6.37567  4.71770    144 e - - -
          2.68618  4.42225  2.77519  2.73123  3.46354  2.40513  3.72494  3.29354  2.67741  2.69355  4.24690  2.90347  2.73739  3.18146  2.89801  2.37887  2.77519  2.98518  4.58477  3.61503
          0.00359  6.02678  6.74913  0.61958  0.77255  0.67031  0.71652
    144   2.50130  5.90053  2.01698  2.55372  3.63513  3.85448  3.58909  3.24027  2.74693  2.23832  2.99139  3.30297  4.12001  2.64881  2.72976  2.84035  2.50996  3.68004  6.34410  4.30735    145 d - - -
          2.68618  4.42225  2.77519  2.73123  3.46354  2.40513  3.72494  3.29354  2.67741  2.69355  4.24690  2.90347  2.73739  3.18146  2.89801  2.37887  2.77519  2.98518  4.58477  3.61503
          0.00359  6.02678  6.74913  0.61958  0.77255  0.67031  0.71652
    145   0.93487  4.26774  5.44852  4.83721  3.29969  4.45643  5.03710  2.83738  4.33940  2.00046  4.04637  4.84953  4.65969  4.47742  4.66407  2.47962  2.96389  2.46226  5.54861  3.24101    146 a - - -
          2.68618  4.42225  2.77519  2.73123  3.46354  2.40513  3.72494  3.29354  2.67741  2.69355  4.24690  2.90347  2.73739  3.18146  2.89801  2.37887  2.77519  2.98518  4.58477  3.61503
          0.00359  6.02678  6.74913  0.61958  0.77255  0.67031  0.71652
    146   1.98631  5.15065  2.99330  1.95646  4.01830  3.75056  4.15978  3.54628  2.16702  3.37525  4.40364  3.38134  4.17025  2.77074  1.94246  2.76817  2.86741  3.48518  6.37014  4.48889    147 r - - -
          2.68618  4.42225  2.77519  2.73123  3.46354  2.40513  3.72494  3.29354  2.67741  2.69355  4.24690  2.90347  2.73739  3.18146  2.89801  2.37887  2.77519  2.98518  4.58477  3.61503
          0.00359  6.02678  6.74913  0.61958  0.77255  0.67031  0.71652
    147   2.80530  5.94060  2.34449  1.66787  3.51642  3.50340  3.91179  3.92920  2.46507  3.31473  4.20982  2.86288  4.48187  2.64214  2.42259  2.35332  3.15443  3.79947  4.49301  4.07027    148 e - - -
          2.68618  4.42225  2.77519  2.73123  3.46354  2.40513  3.72494  3.29354  2.67741  2.69355  4.24690  2.90347  2.73739  3.18146  2.89801  2.37887  2.77519  2.98518  4.58477  3.61503
          0.00359  6.02678  6.74913  0.61958  0.77255  0.67031  0.71652
    148   3.20994  3.23150  3.38727  3.61931  3.41601  4.08669  3.34728  1.68459  4.50534  1.80675  2.40778  3.31099  5.04740  3.66301  3.68282  3.87911  3.12945  2.20820  4.51070  3.10251    149 i - - -
          2.68618  4.42225  2.77519  2.73123  3.46354  2.40513  3.72494  3.29354  2.67741  2.69355  4.24690  2.90347  2.73739  3.18146  2.89801  2.37887  2.77519  2.98518  4.58477  3.61503
          0.00359  6.02678  6.74913  0.61958  0.77255  0.67031  0.71652
    149   3.40992  4.39148  5.47517  4.50738  3.15296  4.46143  5.04198  1.43850  3.99019  1.36604  3.70833  4.35031  4.54916  4.05290  3.30300  3.58694  2.92927  1.80209  5.54552  4.15987    150 l - - -
          2.68618  4.42225  2.77519  2.73123  3.46354  2.40513  3.72494  3.29354  2.67741  2.69355  4.24690  2.90347  2.73739  3.18146  2.89801  2.37887  2.77519  2.98518  4.58477  3.61503
          0.00359  6.02678  6.74913  0.61958  0.77255  0.67031  0.71652
    150   2.53750  4.35271  3.06038  2.15107  4.50642  3.04967  3.77604  3.73290  2.47647  2.54592  4.09472  2.72059  4.06137  2.37559  2.58390  2.36188  2.77626  3.42820  4.70930  4.50856    151 e - - -
          2.68618  4.42225  2.77519  2.73123  3.46354  2.40513  3.72494  3.29354  2.67741  2.69355  4.24690  2.90347  2.73739  3.18146  2.89801  2.37887  2.77519  2.98518  4.58477  3.61503
          0.00789  6.02678  5.21298  0.61958  0.77255  0.67031  0.71652
    151   2.69832  4.67422  4.86482  4.09079  2.87428  4.66724  3.33559  2.04831  3.69956  1.44517  3.32716  4.05376  5.03412  3.64871  2.65696  3.26954  2.40492  2.41149  4.77704  3.66050    152 l - - -
          2.68618  4.42225  2.77519  2.73123  3.46354  2.40513  3.72494  3.29354  2.67741  2.69355  4.24690  2.90347  2.73739  3.18146  2.89801  2.37887  2.77519  2.98518  4.58477  3.61503
          0.00361  6.02250  6.74484  0.61958  0.77255  0.69790  0.68841
    152   0.89633  4.57268  4.86450  4.54355  4.07234  4.17950  4.69272  2.91835  4.40000  2.72511  3.97479  2.72582  5.02397  4.59611  4.53289  3.21431  2.79963  1.85725  5.09088  4.20338    153 a - - -
          2.68618  4.42225  2.77519  2.73123  3.46354  2.40513  3.72494  3.29354  2.67741  2.69355  4.24690  2.90347  2.73739  3.18146  2.89801  2.37887  2.77519  2.98518  4.58477  3.61503
          0.00361  6.02250  6.74484  0.61958  0.77255  0.64367  0.74520
    153   1.99627  4.82257  3.20368  2.10291  4.20724  3.06644  3.00808  2.54310  2.12108  3.44904  4.67255  2.54245  4.59989  2.74847  2.82296  2.97898  3.06727  3.89169  5.61201  4.68302    154 a - - -
          2.68618  4.42225  2.77519  2.73123  3.46354  2.40513  3.72494  3.29354  2.67741  2.69355  4.24690  2.90347  2.73739  3.18146  2.89801  2.37887  2.77519  2.98518  4.58477  3.61503
          0.00763  6.02686  5.26234  0.61958  0.77255  0.66978  0.71708
    154   2.63436  4.90616  2.51862  1.64229  3.94822  3.68226  3.54449  3.07986  2.74809  3.11980  3.74072  3.50519  4.49490  2.40047  2.66635  2.87886  2.85195  3.12599  6.34448  3.36675    155 e - - -
          2.68618  4.42225  2.77519  2.73123  3.46354  2.40513  3.72494  3.29354  2.67741  2.69355  4.24690  2.90347  2.73739  3.18146  2.89801  2.37887  2.77519  2.98518  4.58477  3.61503
          0.00361  6.02284  6.74519  0.61958  0.77255  0.69571  0.69059
    155   2.54710  3.03653  5.45296  4.60007  2.27178  4.02603  4.69439  2.06821  4.28132  1.73463  3.22168  4.07808  5.06891  3.89843  2.53779  3.12953  3.03112  2.01535  5.54482  3.86708    156 l - - -
          2.68618  4.42225  2.77519  2.73123  3.46354  2.40513  3.72494  3.29354  2.67741  2.69355  4.24690  2.90347  2.73739  3.18146  2.89801  2.37887  2.77519  2.98518  4.58477  3.61503
          0.00361  6.02284  6.74519  0.61958  0.77255  0.69571  0.69059
    156   2.92402  3.73861  5.50869  4.64466  2.31770  2.95346  4.71272  1.96353  3.81339  1.41268  2.82129  4.10328  5.07563  4.52896  4.27825  3.07367  3.56440  2.28758  3.97805  3.18173    157 l - - -
          2.68618  4.42225  2.77519  2.73123  3.46354  2.40513  3.72494  3.29354  2.67741  2.69355  4.24690  2.90347  2.73739  3.18146  2.89801  2.37887  2.77519  2.98518  4.58477  3.61503
          0.20068  6.02284  1.71813  0.61958  0.77255  0.69571  0.69059
    157   2.16815  4.78025  2.34829  1.93099  5.15591  2.99367  3.52463  3.82687  2.49103  3.60946  4.60462  3.00011  4.47011  2.71226  2.61036  2.63112  2.91831  3.51289  3.28965  4.16989    158 e - - -
          2.68618  4.42225  2.77519  2.73123  3.46354  2.40513  3.72494  3.29354  2.67741  2.69355  4.24690  2.90347  2.73739  3.18146  2.89801  2.37887  2.77519  2.98518  4.58477  3.61503
          0.01269  5.82655  4.63962  0.61958  0.77255  1.45323  0.26633
    158   2.76868  4.68328  2.28295  2.45706  2.98779  3.90758  3.28678  3.05945  2.74034  2.72727  2.58927  3.17699  3.99052  2.43312  2.95366  3.01176  3.16600  3.43168  4.09803  3.21603    159 d - - -
          2.68618  4.42225  2.77519  2.73123  3.46354  2.40513  3.72494  3.29354  2.67741  2.69355  4.24690  2.90347  2.73739  3.18146  2.89801  2.37887  2.77519  2.98518  4.58477  3.61503
          0.00770  5.81829  5.35993  0.61958  0.77255  1.47318  0.26032
    159   2.21153  3.75848  4.40848  2.50005  3.26652  3.54768  2.83945  2.22305  3.67110  1.96198  3.23791  3.40720  4.42793  3.57831  3.22966  2.81992  3.00681  2.82718  5.58484  3.00797    160 l - - -
          2.68618  4.42225  2.77519  2.73123  3.46354  2.40513  3.72494  3.29354  2.67741  2.69355  4.24690  2.90347  2.73739  3.18146  2.89801  2.37887  2.77519  2.98518  4.58477  3.61503
          0.19013  5.81503  1.77096  0.61958  0.77255  1.48091  0.25803
    160   2.82151  5.57359  3.19804  2.22686  3.18383  3.27960  3.62296  3.67160  1.93653  2.19526  4.29219  3.35247  4.37881  2.75972  2.64417  2.64176  3.16399  2.92172  3.77174  4.17963    161 k - - -
          2.68618  4.42225  2.77519  2.73123  3.46354  2.40513  3.72494  3.29354  2.67741  2.69355  4.24690  2.90347  2.73739  3.18146  2.89801  2.37887  2.77519  2.98518  4.58477  3.61503
          0.00534  5.63024  6.35258  0.61958  0.77255  0.21669  1.63566
    161   2.94598  4.50448  3.43667  2.67142  3.56383  2.44309  3.79111  3.93051  2.61362  2.39759  4.11485  3.07753  3.29289  2.83376  2.17072  2.34016  3.19829  2.71736  3.75827  4.23492    162 r - - -
          2.68618  4.42225  2.77519  2.73123  3.46354  2.40513  3.72494  3.29354  2.67741  2.69355  4.24690  2.90347  2.73739  3.18146  2.89801  2.37887  2.77519  2.98518  4.58477  3.61503
          0.00752  6.00768  5.29244  0.61958  0.77255  0.78709  0.60728
    162   2.65072  5.13970  3.25600  2.89081  3.32870  2.34965  3.07189  2.27919  2.67948  2.22608  3.33393  3.40873  3.88400  3.36117  3.18972  2.79936  3.09116  2.82606  6.06855  3.22054    163 l - - -
          2.68618  4.42225  2.77519  2.73123  3.46354  2.40513  3.72494  3.29354  2.67741  2.69355  4.24690  2.90347  2.73739  3.18146  2.89801  2.37887  2.77519  2.98518  4.58477  3.61503
          0.00724  6.00383  5.35139  0.61958  0.77255  0.78893  0.60574
    163   2.61896  4.71636  3.15120  2.07842  3.82703  2.71754  4.16032  3.27156  2.46843  2.99428  3.35565  2.82894  4.39754  2.85659  2.57094  2.82970  2.74993  2.65837  5.07527  3.36330    164 e - - -
          2.68618  4.42225  2.77519  2.73123  3.46354  2.40513  3.72494  3.29354  2.67741  2.69355  4.24690  2.90347  2.73739  3.18146  2.89801  2.37887  2.77519  2.98518  4.58477  3.61503
          0.02719  6.00189  3.71515  0.61958  0.77255  0.68763  0.69869
    164   2.64171  4.84444  2.43382  2.09505  3.54165  3.45810  3.47185  3.15962  2.43678  3.06200  4.17639  3.05885  3.23930  2.87803  3.12447  2.56763  2.25604  3.21745  6.33716  4.07870    165 e - - -
          2.68618  4.42225  2.77519  2.73123  3.46354  2.40513  3.72494  3.29354  2.67741  2.69355  4.24690  2.90347  2.73739  3.18146  2.89801  2.37887  2.77519  2.98518  4.58477  3.61503
          0.06076  5.98834  2.87446  0.61958  0.77255  0.49387  0.94228
    165   2.57743  5.12115  2.92866  2.11293  3.69590  3.57693  2.23721  3.44096  2.65654  2.77411  4.09802  2.93461  3.98326  2.87549  2.85640  2.85195  2.82730  2.73863  4.96807  3.54837    166 e - - -
          2.68618  4.42225  2.77519  2.73123  3.46354  2.40513  3.72494  3.29354  2.67741  2.69355  4.24690  2.90347  2.73739  3.18146  2.89801  2.37887  2.77519  2.98518  4.58477  3.61503
          0.00380  5.97156  6.69391  0.61958  0.77255  0.66743  0.71955
    166   2.67087  5.07902  3.21035  2.71971  3.20211  2.80822  4.25173  2.31913  2.68242  2.15363  3.49335  3.33894  4.35504  3.53065  3.87730  2.33702  2.08989  2.99451  5.27478  4.12920    167 t - - -
          2.68618  4.42225  2.77519  2.73123  3.46354  2.40513  3.72494  3.29354  2.67741  2.69355  4.24690  2.90347  2.73739  3.18146  2.89801  2.37887  2.77519  2.98518  4.58477  3.61503
          0.00369  5.99968  6.72203  0.61958  0.77255  0.82284  0.57836
    167   2.87347  3.89840  3.04479  2.03540  4.92792  2.81985  3.42308  3.06170  2.78538  2.74272  3.75950  2.92966  3.28531  3.00509  2.28795  2.71791  2.92526  2.54091  6.33304  4.92964    168 e - - -
          2.68618  4.42225  2.77519  2.73123  3.46354  2.40513  3.72494  3.29354  2.67741  2.69355  4.24690  2.90347  2.73739  3.18146  2.89801  2.37887  2.77519  2.98518  4.58477  3.61503
          0.00371  5.99551  6.71785  0.61958  0.77255  0.73161  0.65611
    168   2.41786  5.92790  2.48737  2.08104  5.27384  2.38754  3.85668  4.31754  2.09787  3.77085  3.29375  3.17720  2.51146  2.88211  2.47695  2.96933  3.46384  3.78424  4.99834  4.51061    169 e - - -
          2.68618  4.42225  2.77519  2.73123  3.46354  2.40513  3.72494  3.29354  2.67741  2.69355  4.24690  2.90347  2.73739  3.18146  2.89801  2.37887  2.77519  2.98518  4.58477  3.61503
          0.01668  6.00318  4.26346  0.61958  0.77255  0.77999  0.61325
    169   2.75831  5.91394  3.03037  1.54011  4.02117  3.42864  3.78805  3.71939  1.99586  2.93462  3.18939  3.01052  4.02041  2.80893  2.95594  2.72184  2.94455  3.52611  6.34756  4.22076    170 e - - -
          2.68618  4.42225  2.77519  2.73123  3.46354  2.40513  3.72494  3.29354  2.67741  2.69355  4.24690  2.90347  2.73739  3.18146  2.89801  2.37887  2.77519  2.98518  4.58477  3.61503
          0.06734  5.99022  2.77071  0.61958  0.77255  0.85115  0.55674
    170   2.91740  4.64674  3.21157  3.54147  3.42419  4.28957  4.09790  1.89912  3.01555  1.49012  3.10373  4.18351  3.90640  3.64952  3.62790  3.16850  2.51705  2.29279  5.62240  3.91537    171 l - - -
          2.68618  4.42225  2.77519  2.73123  3.46354  2.40513  3.72494  3.29354  2.67741  2.69355  4.24690  2.90347  2.73739  3.18146  2.89801  2.37887  2.77519  2.98518  4.58477  3.61503
          0.01379  5.92685  4.50721  0.61958  0.77255  1.01350  0.45090
    171   2.78988  5.34264  1.82283  1.94110  3.71968  3.15835  4.06282  3.73052  2.45748  3.16245  3.97089  2.98755  4.10207  2.66700  2.64252  2.77315  2.99845  3.59571  6.30442  3.69946    172 d - - -
          2.68618  4.42225  2.77519  2.73123  3.46354  2.40513  3.72494  3.29354  2.67741  2.69355  4.24690  2.90347  2.73739  3.18146  2.89801  2.37887  2.77519  2.98518  4.58477  3.61503
          0.26078  5.92395  1.48337  0.61958  0.77255  1.12736  0.39139
    172   1.99685  5.65853  2.91518  2.06718  4.64625  3.18389  3.92109  3.45714  2.64277  2.31206  4.05811  3.47225  3.78129  2.86464  2.34866  2.66520  2.86760  3.20839  5.22662  4.45719    173 a - - -
          2.68618  4.42225  2.77519  2.73123  3.46354  2.40513  3.72494  3.29354  2.67741  2.69355  4.24690  2.90347  2.73739  3.18146  2.89801  2.37887  2.77519  2.98518  4.58477  3.61503
          0.01327  5.66831  4.63293  0.61958  0.77255  1.73907  0.19320
    173   2.91575  4.71020  3.54734  4.13320  2.51707  3.96318  4.37164  2.28403  3.40284  1.97915  3.10013  4.00968  4.78410  3.88070  3.70699  3.51228  3.21767  2.35312  1.68362  3.24543    174 w - - -
          2.68618  4.42225  2.77519  2.73123  3.46354  2.40513  3.72494  3.29354  2.67741  2.69355  4.24690  2.90347  2.73739  3.18146  2.89801  2.37887  2.77519  2.98518  4.58477  3.61503
          0.01435  5.66023  4.53098  0.61958  0.77255  1.75163  0.19054
    174   2.45385  4.53972  4.20501  2.81542  1.93107  3.56478  4.13436  2.18843  3.21022  2.48052  3.25770  3.88038  3.41065  3.42073  3.16350  3.47274  2.69751  2.52039  5.46040  2.93893    175 f - - -
          2.68618  4.42225  2.77519  2.73123  3.46354  2.40513  3.72494  3.29354  2.67741  2.69355  4.24690  2.90347  2.73739  3.18146  2.89801  2.37887  2.77519  2.98518  4.58477  3.61503
          0.01646  5.65111  4.35733  0.61958  0.77255  1.76551  0.18766
    175   2.64059  5.69419  2.84839  2.02033  4.02815  3.40496  4.15414  4.02134  1.99750  2.75855  3.87983  2.76236  3.29335  2.85261  2.62056  2.48132  2.82636  3.68613  5.29500  3.62163    176 k - - -
          2.68618  4.42225  2.77519  2.73123  3.46354  2.40513  3.72494  3.29354  2.67741  2.69355  4.24690  2.90347  2.73739  3.18146  2.89801  2.37887  2.77519  2.98518  4.58477  3.61503
          0.21998  5.63994  1.64035  0.61958  0.77255  1.50157  0.25203
    176   2.40713  5.59367  2.49116  2.03562  3.88149  3.87516  2.27263  3.61630  2.42263  3.01635  4.13435  2.85530  3.69897  2.91856  2.74597  2.63333  3.06668  3.71244  5.28072  3.94195    177 e - - -
          2.68618  4.42225  2.77519  2.73123  3.46354  2.40513  3.72494  3.29354  2.67741  2.69355  4.24690  2.90347  2.73739  3.18146  2.89801  2.37887  2.77519  2.98518  4.58477  3.61503
          0.00944  5.47160  5.26145  0.61958  0.77255  1.55959  0.23600
    177   2.16791  4.37764  5.15206  4.53827  3.10963  3.87846  4.71024  2.05052  4.12522  1.69992  2.82934  4.20395  3.33159  4.46363  3.75019  3.31482  2.86961  1.92938  4.74051  2.76577    178 l - - -
          2.68618  4.42225  2.77519  2.73123  3.46354  2.40513  3.72494  3.29354  2.67741  2.69355  4.24690  2.90347  2.73739  3.18146  2.89801  2.37887  2.77519  2.98518  4.58477  3.61503
          0.02957  5.53863  3.68061  0.61958  0.77255  0.88797  0.53016
    178   2.40709  5.75307  2.24536  2.15522  5.09884  2.49191  3.79489  4.58531  2.16541  3.28124  3.83267  3.05131  3.60234  2.92597  2.93806  2.51588  2.59202  3.16534  6.18533  4.77395    179 e - - -
          2.68618  4.42225  2.77519  2.73123  3.46354  2.40513  3.72494  3.29354  2.67741  2.69355  4.24690  2.90347  2.73739  3.18146  2.89801  2.37887  2.77519  2.98518  4.58477  3.61503
          0.02360  5.72475  3.90898  0.61958  0.77255  1.59743  0.22617
    179   2.33785  5.74215  2.43094  2.51224  4.27926  3.45065  3.86353  4.38105  2.48750  3.01687  4.12907  2.97785  2.43871  2.73416  2.77932  2.00796  2.74323  3.74787  6.17517  4.23462    180 s - - -
          2.68618  4.42225  2.77519  2.73123  3.46354  2.40513  3.72494  3.29354  2.67741  2.69355  4.24690  2.90347  2.73739  3.18146  2.89801  2.37887  2.77519  2.98518  4.58477  3.61503
          0.01514  5.71116  4.44660  0.61958  0.77255  1.22116  0.34940
    180   2.02263  5.07426  2.82850  2.82137  3.44164  4.10737  3.36334  3.02827  2.50233  3.18420  3.62469  3.13023  3.73952  2.90689  3.18362  2.62796  2.59634  2.22765  3.79728  3.87150    181 a - - -
          2.68618  4.42225  2.77519  2.73123  3.46354  2.40513  3.72494  3.29354  2.67741  2.69355  4.24690  2.90347  2.73739  3.18146  2.89801  2.37887  2.77519  2.98518  4.58477  3.61503
          0.02698  5.76016  3.75219  0.61958  0.77255  1.57524  0.23188
    181   2.57661  5.34645  2.98234  2.00157  5.10136  3.58894  2.89440  4.26533  2.48625  3.07390  4.25212  3.15840  3.07584  2.09269  2.69995  2.79191  3.07177  3.95902  3.10688  3.32590    182 e - - -
          2.68618  4.42225  2.77519  2.73123  3.46354  2.40513  3.72494  3.29354  2.67741  2.69355  4.24690  2.90347  2.73739  3.18146  2.89801  2.37887  2.77519  2.98518  4.58477  3.61503
          0.09434  5.73798  2.44408  0.61958  0.77255  1.61878  0.22082
    182   2.41521  5.70818  1.91494  1.89813  4.47065  3.24908  4.15705  3.94948  2.00534  3.67492  3.88674  2.81141  3.77855  2.94305  2.88042  2.60329  3.19334  3.75139  6.14059  4.42353    183 e - - -
          2.68618  4.42225  2.77519  2.73123  3.46354  2.40513  3.72494  3.29354  2.67741  2.69355  4.24690  2.90347  2.73739  3.18146  2.89801  2.37887  2.77519  2.98518  4.58477  3.61503
          0.16362  5.64888  1.91453  0.61958  0.77255  1.76885  0.18697
    183   2.71330  5.60599  3.06860  2.03779  4.45669  2.93547  3.76527  3.79744  2.22254  2.31796  4.17545  3.09639  4.27874  2.27225  2.55711  2.49718  3.07298  3.26697  6.04223  4.42673    184 e - - -
          2.68618  4.42225  2.77519  2.73123  3.46354  2.40513  3.72494  3.29354  2.67741  2.69355  4.24690  2.90347  2.73739  3.18146  2.89801  2.37887  2.77519  2.98518  4.58477  3.61503
          0.04005  5.49141  3.34855  0.61958  0.77255  1.96597  0.15085
    184   2.56660  4.59616  3.27191  2.68990  3.01885  3.62548  3.58322  2.95039  2.40118  2.38868  3.38657  3.16324  4.34594  2.30881  2.71543  2.58031  3.13208  2.64773  5.16155  3.97502    185 q - - -
          2.68618  4.42225  2.77519  2.73123  3.46354  2.40513  3.72494  3.29354  2.67741  2.69355  4.24690  2.90347  2.73739  3.18146  2.89801  2.37887  2.77519  2.98518  4.58477  3.61503
          0.34338  5.45771  1.25049  0.61958  0.77255  0.91037  0.51479
    185   2.33320  5.15544  2.40082  1.74404  4.93713  2.94558  3.57559  3.60169  2.05265  3.77367  4.63227  2.80082  4.24734  2.90875  2.93212  2.59563  2.89242  3.61459  6.02417  4.31302    186 e - - -
          2.68618  4.42225  2.77519  2.73123  3.46354  2.40513  3.72494  3.29354  2.67741  2.69355  4.24690  2.90347  2.73739  3.18146  2.89801  2.37887  2.77519  2.98518  4.58477  3.61503
          0.32876  5.43727  1.28797  0.61958  0.77255  0.86535  0.54629
    186   2.83899  4.14436  5.05313  3.84361  2.66971  3.67340  3.68573  1.86540  4.24427  1.96184  3.20784  4.46318  4.41994  3.40747  3.72045  3.43526  2.61062  2.21615  4.31868  2.12921    187 i - - -
          2.68618  4.42225  2.77519  2.73123  3.46354  2.40513  3.72494  3.29354  2.67741  2.69355  4.24690  2.90347  2.73739  3.18146  2.89801  2.37887  2.77519  2.98518  4.58477  3.61503
          0.00630  5.46561  6.18795  0.61958  0.77255  1.95041  0.15340
    187   2.30244  5.61100  2.20054  2.07084  4.95724  3.54044  3.75607  3.88067  1.99254  3.80477  4.65136  2.53374  3.77302  2.64997  2.77560  2.28430  3.21027  3.83124  6.04298  4.63132    188 k - - -
          2.68618  4.42225  2.77519  2.73123  3.46354  2.40513  3.72494  3.29354  2.67741  2.69355  4.24690  2.90347  2.73739  3.18146  2.89801  2.37887  2.77519  2.98518  4.58477  3.61503
          0.00627  5.47028  6.19262  0.61958  0.77255  1.50406  0.25132
    188   2.27245  4.74825  2.78587  1.87044  4.99853  2.94466  3.59567  4.28691  2.31162  3.10616  4.50109  2.77232  4.30774  2.41354  2.47260  2.48322  3.09750  3.61478  6.08514  4.67381    189 e - - -
          2.68618  4.42225  2.77519  2.73123  3.46354  2.40513  3.72494  3.29354  2.67741  2.69355  4.24690  2.90347  2.73739  3.18146  2.89801  2.37887  2.77519  2.98518  4.58477  3.61503
          0.01129  5.54996  4.91484  0.61958  0.77255  1.19017  0.36265
    189   2.89579  3.98994  5.25936  4.32345  3.37847  4.46357  4.43862  2.15779  4.42837  1.20240  1.55043  4.62654  4.55313  4.34646  4.43592  3.64815  3.52621  2.46249  5.29037  3.94362    190 l - - -
          2.68618  4.42225  2.77519  2.73123  3.46354  2.40513  3.72494  3.29354  2.67741  2.69355  4.24690  2.90347  2.73739  3.18146  2.89801  2.37887  2.77519  2.98518  4.58477  3.61503
          0.00856  5.66552  5.28625  0.61958  0.77255  1.73274  0.19456
    190   2.65255  5.70563  2.91479  2.23686  3.68254  3.71109  3.70390  3.95880  1.86163  2.92262  4.24715  2.91101  4.37081  2.54031  2.02366  2.64389  3.12905  3.16275  5.44674  4.73116    191 k - - -
          2.68618  4.42225  2.77519  2.73123  3.46354  2.40513  3.72494  3.29354  2.67741  2.69355  4.24690  2.90347  2.73739  3.18146  2.89801  2.37887  2.77519  2.98518  4.58477  3.61503
          0.23600  5.65872  1.57634  0.61958  0.77255  1.29428  0.32033
    191   2.41022  5.62777  2.60036  1.42788  4.97309  3.67626  3.90808  3.88812  1.96111  3.49483  4.30075  2.86262  4.28372  2.65017  2.95183  2.78484  3.16368  3.89742  5.43082  4.37011    192 e - - -
          2.68618  4.42225  2.77519  2.73123  3.46354  2.40513  3.72494  3.29354  2.67741  2.69355  4.24690  2.90347  2.73739  3.18146  2.89801  2.37887  2.77519  2.98518  4.58477  3.61503
          0.01158  5.50561  4.90017  0.61958  0.77255  1.93782  0.15551
    192   2.12921  4.77655  2.94205  2.26512  2.28803  3.18736  4.07995  4.22252  2.28074  3.44817  4.28990  3.01290  3.82568  2.75921  2.50293  2.41969  2.94741  3.81724  5.34360  4.63537    193 a - - -
          2.68618  4.42225  2.77519  2.73123  3.46354  2.40513  3.72494  3.29354  2.67741  2.69355  4.24690  2.90347  2.73739  3.18146  2.89801  2.37887  2.77519  2.98518  4.58477  3.61503
          0.01276  5.50012  4.75664  0.61958  0.77255  1.94379  0.15450
    193   2.87615  4.30063  5.14416  4.21148  3.10494  3.80405  4.68640  1.71143  4.03541  1.37193  2.88777  4.51425  4.71664  4.44661  4.32413  3.29410  3.18885  1.74342  5.18115  3.82692    194 l - - -
          2.68618  4.42225  2.77519  2.73123  3.46354  2.40513  3.72494  3.29354  2.67741  2.69355  4.24690  2.90347  2.73739  3.18146  2.89801  2.37887  2.77519  2.98518  4.58477  3.61503
          0.00413  5.49149        *  0.61958  0.77255  0.00000        *
//
