HMMER3/f [3.2.1 | June 2018]
NAME  ABI_abiB
LENG  106
ALPH  amino
RF    no
MM    no
CONS  yes
CS    no
MAP   yes
DATE  Fri Jun 18 18:43:29 2021
NSEQ  7
EFFN  0.734863
CKSUM 3549852353
STATS LOCAL MSV       -9.4933  0.71620
STATS LOCAL VITERBI  -10.5003  0.71620
STATS LOCAL FORWARD   -4.1675  0.71620
HMM          A        C        D        E        F        G        H        I        K        L        M        N        P        Q        R        S        T        V        W        Y   
            m->m     m->i     m->d     i->m     i->i     d->m     d->d
  COMPO   2.77968  4.60108  2.79880  2.50474  3.23393  3.18078  3.85508  2.49782  2.57050  2.25877  3.50840  2.97381  3.67665  3.08290  3.19925  2.83882  2.94754  2.55170  5.09228  3.44459
          2.68618  4.42225  2.77519  2.73123  3.46354  2.40513  3.72494  3.29354  2.67741  2.69355  4.24690  2.90347  2.73739  3.18146  2.89801  2.37887  2.77519  2.98518  4.58477  3.61503
          0.16875  3.97773  1.99108  0.61958  0.77255  0.00000        *
      1   2.94535  4.49920  4.01629  3.60778  3.19505  3.81092  4.35013  2.36758  3.37741  1.79475  1.43882  3.88899  4.27168  3.76154  3.58630  3.29105  3.25022  2.37000  5.03151  3.79033      1 m - - -
          2.68618  4.42225  2.77519  2.73123  3.46354  2.40513  3.72494  3.29354  2.67741  2.69355  4.24690  2.90347  2.73739  3.18146  2.89801  2.37887  2.77519  2.98518  4.58477  3.61503
          0.03241  3.84139  4.56374  0.61958  0.77255  0.60736  0.78699
      2   2.98515  4.36493  4.51565  4.02432  3.42058  4.22170  4.77078  1.31863  3.89348  1.93843  3.25479  4.27387  4.57279  4.18144  4.11313  3.60437  3.25946  1.42847  5.35958  4.14615      2 i - - -
          2.68618  4.42225  2.77519  2.73123  3.46354  2.40513  3.72494  3.29354  2.67741  2.69355  4.24690  2.90347  2.73739  3.18146  2.89801  2.37887  2.77519  2.98518  4.58477  3.61503
          0.03241  3.84139  4.56374  0.61958  0.77255  0.60736  0.78699
      3   3.15988  4.55999  4.38951  3.92402  1.66338  4.17951  4.05915  2.36643  3.78097  1.43305  3.07572  4.08305  4.48635  3.94806  3.93913  3.54726  3.40272  2.41412  4.35509  2.80889      3 l - - -
          2.68618  4.42225  2.77519  2.73123  3.46354  2.40513  3.72494  3.29354  2.67741  2.69355  4.24690  2.90347  2.73739  3.18146  2.89801  2.37887  2.77519  2.98518  4.58477  3.61503
          0.03241  3.84139  4.56374  0.61958  0.77255  0.60736  0.78699
      4   2.68475  4.78214  2.91629  2.54596  4.24117  3.31905  3.66701  3.64924  1.53639  3.24037  4.10835  2.99662  3.83120  2.83859  2.52011  2.32151  2.96736  3.30072  5.39187  4.11068      4 k - - -
          2.68618  4.42225  2.77519  2.73123  3.46354  2.40513  3.72494  3.29354  2.67741  2.69355  4.24690  2.90347  2.73739  3.18146  2.89801  2.37887  2.77519  2.98518  4.58477  3.61503
          0.03241  3.84139  4.56374  0.61958  0.77255  0.60736  0.78699
      5   2.89537  4.40518  4.17963  3.66886  3.20191  3.95372  4.41274  2.13323  3.49744  1.73352  1.86608  3.95340  4.33839  3.80078  3.72664  3.31331  3.17096  1.85788  5.08332  3.89455      5 l - - -
          2.68618  4.42225  2.77519  2.73123  3.46354  2.40513  3.72494  3.29354  2.67741  2.69355  4.24690  2.90347  2.73739  3.18146  2.89801  2.37887  2.77519  2.98518  4.58477  3.61503
          0.12226  3.84139  2.36855  0.61958  0.77255  0.50625  0.92319
      6   2.59752  4.43783  2.62751  2.73232  3.59807  3.49177  3.81547  2.64535  2.73490  2.51179  2.99545  3.18569  3.91390  3.06497  3.13099  2.77386  2.85222  2.04463  5.08787  3.81006      6 v - - -
          2.68618  4.42225  2.77519  2.73123  3.46354  2.40513  3.72494  3.29354  2.67741  2.69355  4.24690  2.90347  2.73739  3.18146  2.89801  2.37887  2.77519  2.98518  4.58477  3.61503
          0.03271  3.83211  4.55445  0.61958  0.77255  0.61458  0.77842
      7   2.86347  5.03016  2.94767  2.52592  4.37362  3.45492  3.58580  3.78648  1.51564  3.28636  4.16142  2.99285  3.89350  2.20988  2.29012  2.85828  3.07478  3.46503  5.39884  4.14332      7 k - - -
          2.68618  4.42225  2.77519  2.73123  3.46354  2.40513  3.72494  3.29354  2.67741  2.69355  4.24690  2.90347  2.73739  3.18146  2.89801  2.37887  2.77519  2.98518  4.58477  3.61503
          0.03271  3.83211  4.55445  0.61958  0.77255  0.61458  0.77842
      8   2.45729  4.30454  3.31637  2.93012  3.58445  3.24194  3.91505  2.92864  2.83485  2.13697  3.69293  3.25375  3.82813  3.22923  3.14492  1.78312  2.81992  2.67756  5.08154  3.74815      8 s - - -
          2.68618  4.42225  2.77519  2.73123  3.46354  2.40513  3.72494  3.29354  2.67741  2.69355  4.24690  2.90347  2.73739  3.18146  2.89801  2.37887  2.77519  2.98518  4.58477  3.61503
          0.03271  3.83211  4.55445  0.61958  0.77255  0.61458  0.77842
      9   2.91890  5.01979  2.47275  1.08423  4.36116  3.24898  3.83320  3.80707  2.70874  3.43103  4.40759  2.91209  3.85187  3.05019  3.11283  2.90588  3.22308  3.49537  5.54041  4.26346      9 e - - -
          2.68618  4.42225  2.77519  2.73123  3.46354  2.40513  3.72494  3.29354  2.67741  2.69355  4.24690  2.90347  2.73739  3.18146  2.89801  2.37887  2.77519  2.98518  4.58477  3.61503
          0.03271  3.83211  4.55445  0.61958  0.77255  0.61458  0.77842
     10   2.61657  4.39522  3.28201  3.17668  4.31825  0.79421  4.29879  3.90865  3.35239  3.56771  4.54366  3.44648  3.78505  3.67986  3.59224  2.78745  3.09470  3.44482  5.42342  4.41903     10 g - - -
          2.68618  4.42225  2.77519  2.73123  3.46354  2.40513  3.72494  3.29354  2.67741  2.69355  4.24690  2.90347  2.73739  3.18146  2.89801  2.37887  2.77519  2.98518  4.58477  3.61503
          0.03271  3.83211  4.55445  0.61958  0.77255  0.61458  0.77842
     11   2.91890  5.01979  2.47275  1.08423  4.36116  3.24898  3.83320  3.80707  2.70874  3.43103  4.40759  2.91209  3.85187  3.05019  3.11283  2.90588  3.22308  3.49537  5.54041  4.26346     11 e - - -
          2.68618  4.42225  2.77519  2.73123  3.46354  2.40513  3.72494  3.29354  2.67741  2.69355  4.24690  2.90347  2.73739  3.18146  2.89801  2.37887  2.77519  2.98518  4.58477  3.61503
          0.03271  3.83211  4.55445  0.61958  0.77255  0.50152  0.93041
     12   2.80747  5.09036  2.79415  2.41224  4.43985  3.41351  3.59963  3.86695  1.65437  3.36758  4.19782  2.38493  3.86198  2.38805  2.47057  2.78293  3.02946  3.50950  5.48574  4.18063     12 k - - -
          2.68618  4.42225  2.77519  2.73123  3.46354  2.40513  3.72494  3.29354  2.67741  2.69355  4.24690  2.90347  2.73739  3.18146  2.89801  2.37887  2.77519  2.98518  4.58477  3.61503
          0.03014  3.91274  4.63508  0.61958  0.77255  0.44892  1.01699
     13   2.63305  4.82984  2.87701  2.21489  4.04484  3.39668  2.52896  3.49398  2.37811  3.08762  3.30769  2.51951  3.81319  2.77516  2.80235  2.65806  2.86574  3.17231  5.29911  3.95712     13 e - - -
          2.68618  4.42225  2.77519  2.73123  3.46354  2.40513  3.72494  3.29354  2.67741  2.69355  4.24690  2.90347  2.73739  3.18146  2.89801  2.37887  2.77519  2.98518  4.58477  3.61503
          0.02822  3.97773  4.70008  0.61958  0.77255  0.48576  0.95510
     14   2.68293  4.77668  2.96452  2.53729  4.11633  3.39979  3.68147  3.49472  2.13912  3.10645  3.96419  3.01449  3.86033  2.49623  2.67935  2.73540  1.85692  3.18127  5.34126  4.05471     14 t - - -
          2.68618  4.42225  2.77519  2.73123  3.46354  2.40513  3.72494  3.29354  2.67741  2.69355  4.24690  2.90347  2.73739  3.18146  2.89801  2.37887  2.77519  2.98518  4.58477  3.61503
          0.02822  3.97773  4.70008  0.61958  0.77255  0.48576  0.95510
     15   2.75134  4.93587  2.86122  2.46824  4.19678  2.89395  2.09475  3.68814  1.98180  3.24477  4.08551  2.96632  3.86809  2.81232  2.62825  2.76389  2.99071  3.35286  5.38096  4.05349     15 k - - -
          2.68618  4.42225  2.77519  2.73123  3.46354  2.40513  3.72494  3.29354  2.67741  2.69355  4.24690  2.90347  2.73739  3.18146  2.89801  2.37887  2.77519  2.98518  4.58477  3.61503
          0.02822  3.97773  4.70008  0.61958  0.77255  0.48576  0.95510
     16   2.46143  4.35265  4.24230  3.81331  3.54712  3.93288  4.61122  1.17877  3.68697  2.17297  3.41827  4.04504  4.40084  4.01444  3.91728  3.33855  3.17319  1.82062  5.35905  4.13491     16 i - - -
          2.68618  4.42225  2.77519  2.73123  3.46354  2.40513  3.72494  3.29354  2.67741  2.69355  4.24690  2.90347  2.73739  3.18146  2.89801  2.37887  2.77519  2.98518  4.58477  3.61503
          0.10869  3.97773  2.47383  0.61958  0.77255  0.48576  0.95510
     17   3.42919  4.74336  4.39222  4.03239  1.47553  4.21830  3.44308  3.15492  3.89502  2.52490  3.76969  3.92326  4.54385  3.94492  3.99196  3.57715  3.65716  3.07215  3.61798  1.23042     17 y - - -
          2.68618  4.42225  2.77519  2.73123  3.46354  2.40513  3.72494  3.29354  2.67741  2.69355  4.24690  2.90347  2.73739  3.18146  2.89801  2.37887  2.77519  2.98518  4.58477  3.61503
          0.03055  3.89959  4.62193  0.61958  0.77255  0.55925  0.84778
     18   3.18549  4.63960  4.23308  3.87285  3.14575  4.01669  4.52007  2.35105  3.64034  0.84253  3.15987  4.14572  4.44726  4.00218  3.81205  3.59042  3.47843  2.39547  5.03508  3.76472     18 l - - -
          2.68618  4.42225  2.77519  2.73123  3.46354  2.40513  3.72494  3.29354  2.67741  2.69355  4.24690  2.90347  2.73739  3.18146  2.89801  2.37887  2.77519  2.98518  4.58477  3.61503
          0.10328  3.89959  2.55263  0.61958  0.77255  0.55925  0.84778
     19   2.76779  5.14211  1.85192  2.16331  4.40657  3.21417  3.66187  3.92228  2.54362  3.46118  4.31630  2.72333  3.77644  1.96701  3.03117  2.71318  3.04235  3.54614  5.61828  4.19458     19 d - - -
          2.68618  4.42225  2.77519  2.73123  3.46354  2.40513  3.72494  3.29354  2.67741  2.69355  4.24690  2.90347  2.73739  3.18146  2.89801  2.37887  2.77519  2.98518  4.58477  3.61503
          0.03281  3.82912  4.55147  0.61958  0.77255  0.61688  0.77572
     20   3.18591  4.69244  3.77485  3.49678  2.29658  3.78011  3.60051  3.20130  3.35555  2.66625  3.88105  3.67108  4.25531  3.67200  3.54786  3.32667  3.47258  3.06991  3.93845  1.04105     20 y - - -
          2.68618  4.42225  2.77519  2.73123  3.46354  2.40513  3.72494  3.29354  2.67741  2.69355  4.24690  2.90347  2.73739  3.18146  2.89801  2.37887  2.77519  2.98518  4.58477  3.61503
          0.03281  3.82912  4.55147  0.61958  0.77255  0.61688  0.77572
     21   2.84796  4.83088  2.87597  2.63092  3.99345  3.33828  3.78854  3.61834  2.45493  3.12493  4.15488  3.08994  3.89167  1.31323  2.73960  2.89795  3.14537  3.35098  5.27359  3.96473     21 q - - -
          2.68618  4.42225  2.77519  2.73123  3.46354  2.40513  3.72494  3.29354  2.67741  2.69355  4.24690  2.90347  2.73739  3.18146  2.89801  2.37887  2.77519  2.98518  4.58477  3.61503
          0.03281  3.82912  4.55147  0.61958  0.77255  0.61688  0.77572
     22   3.14820  4.55755  4.40428  3.91345  2.29420  4.21897  4.28585  2.24541  3.77137  1.11130  2.95930  4.14671  4.50493  3.96073  3.94715  3.58421  3.38879  2.31781  4.64018  3.21148     22 l - - -
          2.68618  4.42225  2.77519  2.73123  3.46354  2.40513  3.72494  3.29354  2.67741  2.69355  4.24690  2.90347  2.73739  3.18146  2.89801  2.37887  2.77519  2.98518  4.58477  3.61503
          0.03281  3.82912  4.55147  0.61958  0.77255  0.61688  0.77572
     23   3.02696  4.41697  4.44034  3.93522  2.46795  4.18790  4.42504  1.42386  3.81513  1.71701  3.06530  4.16565  4.49547  4.02144  4.00070  3.54472  3.27608  1.96909  4.85676  3.49845     23 i - - -
          2.68618  4.42225  2.77519  2.73123  3.46354  2.40513  3.72494  3.29354  2.67741  2.69355  4.24690  2.90347  2.73739  3.18146  2.89801  2.37887  2.77519  2.98518  4.58477  3.61503
          0.03281  3.82912  4.55147  0.61958  0.77255  0.61688  0.77572
     24   2.59715  4.63755  2.91472  2.50247  3.71825  3.34819  2.79507  3.30911  2.45770  2.94732  3.81951  2.36735  3.81054  2.86811  2.84021  2.66936  2.85819  2.60306  5.08650  3.70431     24 n - - -
          2.68618  4.42225  2.77519  2.73123  3.46354  2.40513  3.72494  3.29354  2.67741  2.69355  4.24690  2.90347  2.73739  3.18146  2.89801  2.37887  2.77519  2.98518  4.58477  3.61503
          0.03281  3.82912  4.55147  0.61958  0.77255  0.61688  0.77572
     25   3.10736  4.58293  4.11952  3.75997  3.12052  3.92640  4.42933  2.32316  3.52811  0.93052  3.15846  4.03956  4.36975  3.90684  3.71095  3.49334  3.40390  2.34908  4.98329  3.69634     25 l - - -
          2.68618  4.42225  2.77519  2.73123  3.46354  2.40513  3.72494  3.29354  2.67741  2.69355  4.24690  2.90347  2.73739  3.18146  2.89801  2.37887  2.77519  2.98518  4.58477  3.61503
          0.03281  3.82912  4.55147  0.61958  0.77255  0.61688  0.77572
     26   2.71935  2.99991  4.13469  3.63007  3.23269  3.70960  4.28306  2.21480  3.44054  1.38484  3.21393  3.83478  4.17880  3.75013  3.64918  3.10124  3.02673  2.11021  4.97037  3.72247     26 l - - -
          2.68618  4.42225  2.77519  2.73123  3.46354  2.40513  3.72494  3.29354  2.67741  2.69355  4.24690  2.90347  2.73739  3.18146  2.89801  2.37887  2.77519  2.98518  4.58477  3.61503
          0.03281  3.82912  4.55147  0.61958  0.77255  0.61688  0.77572
     27   2.61128  4.61631  3.06281  2.58665  3.89016  3.37942  3.66057  3.25505  1.96292  2.53041  3.80490  3.03937  3.83105  2.85827  2.66615  2.27122  2.86878  2.97149  5.18547  3.89800     27 k - - -
          2.68618  4.42225  2.77519  2.73123  3.46354  2.40513  3.72494  3.29354  2.67741  2.69355  4.24690  2.90347  2.73739  3.18146  2.89801  2.37887  2.77519  2.98518  4.58477  3.61503
          0.03281  3.82912  4.55147  0.61958  0.77255  0.61688  0.77572
     28   2.68876  4.68263  2.68668  2.56817  4.03947  3.15587  3.88816  3.74125  2.78864  3.39329  4.34938  1.23720  3.80597  3.16147  3.14127  2.75802  3.06958  3.36784  5.35048  3.99141     28 n - - -
          2.68618  4.42225  2.77519  2.73123  3.46354  2.40513  3.72494  3.29354  2.67741  2.69355  4.24690  2.90347  2.73739  3.18146  2.89801  2.37887  2.77519  2.98518  4.58477  3.61503
          0.03281  3.82912  4.55147  0.61958  0.77255  0.61688  0.77572
     29   3.03848  4.71136  3.51599  3.11977  2.29032  3.77085  2.43241  3.31410  2.95787  2.78894  3.86042  3.40833  4.17090  3.32464  3.23050  3.12218  3.27395  3.11999  3.91912  1.53114     29 y - - -
          2.68618  4.42225  2.77519  2.73123  3.46354  2.40513  3.72494  3.29354  2.67741  2.69355  4.24690  2.90347  2.73739  3.18146  2.89801  2.37887  2.77519  2.98518  4.58477  3.61503
          0.12386  3.82912  2.35628  0.61958  0.77255  0.50003  0.93271
     30   2.72385  4.94614  2.46255  1.51912  4.32885  3.22348  3.70801  3.75827  2.55220  3.35236  4.22568  2.81701  2.78945  2.88591  2.99080  2.71642  3.01483  3.40267  5.54142  4.19247     30 e - - -
          2.68618  4.42225  2.77519  2.73123  3.46354  2.40513  3.72494  3.29354  2.67741  2.69355  4.24690  2.90347  2.73739  3.18146  2.89801  2.37887  2.77519  2.98518  4.58477  3.61503
          0.03271  3.83211  4.55445  0.61958  0.77255  0.61458  0.77842
     31   2.91890  5.01979  2.47275  1.08423  4.36116  3.24898  3.83320  3.80707  2.70874  3.43103  4.40759  2.91209  3.85187  3.05019  3.11283  2.90588  3.22308  3.49537  5.54041  4.26346     31 e - - -
          2.68618  4.42225  2.77519  2.73123  3.46354  2.40513  3.72494  3.29354  2.67741  2.69355  4.24690  2.90347  2.73739  3.18146  2.89801  2.37887  2.77519  2.98518  4.58477  3.61503
          0.03271  3.83211  4.55445  0.61958  0.77255  0.50152  0.93041
     32   2.68809  4.69066  3.17775  2.64808  3.95625  3.46884  3.67993  3.21796  1.72264  2.52055  3.82300  3.09823  3.89117  2.86427  2.59673  2.77453  2.54677  2.95875  5.23472  3.96839     32 k - - -
          2.68618  4.42225  2.77519  2.73123  3.46354  2.40513  3.72494  3.29354  2.67741  2.69355  4.24690  2.90347  2.73739  3.18146  2.89801  2.37887  2.77519  2.98518  4.58477  3.61503
          0.03014  3.91274  4.63508  0.61958  0.77255  0.54765  0.86348
     33   3.18975  4.56839  4.58465  4.06911  3.11113  4.37195  4.70310  1.81046  3.87525  1.03252  2.96795  4.35181  4.63265  4.12118  4.05373  3.74454  3.43337  2.07222  5.13791  3.95510     33 l - - -
          2.68618  4.42225  2.77519  2.73123  3.46354  2.40513  3.72494  3.29354  2.67741  2.69355  4.24690  2.90347  2.73739  3.18146  2.89801  2.37887  2.77519  2.98518  4.58477  3.61503
          0.03014  3.91274  4.63508  0.61958  0.77255  0.54765  0.86348
     34   3.03311  4.45880  4.43329  3.93327  3.24357  4.17775  4.62856  1.99648  3.76559  1.27945  3.11232  4.19865  4.52202  4.04582  3.97176  3.55293  3.30098  1.55549  5.18723  3.98230     34 l - - -
          2.68618  4.42225  2.77519  2.73123  3.46354  2.40513  3.72494  3.29354  2.67741  2.69355  4.24690  2.90347  2.73739  3.18146  2.89801  2.37887  2.77519  2.98518  4.58477  3.61503
          0.03014  3.91274  4.63508  0.61958  0.77255  0.54765  0.86348
     35   2.42108  4.39414  3.01379  2.73984  4.07169  3.11237  3.92409  3.42187  2.78633  3.16282  4.04728  2.48989  3.75693  3.16250  3.13418  2.55538  1.55290  3.04137  5.41864  4.12685     35 t - - -
          2.68618  4.42225  2.77519  2.73123  3.46354  2.40513  3.72494  3.29354  2.67741  2.69355  4.24690  2.90347  2.73739  3.18146  2.89801  2.37887  2.77519  2.98518  4.58477  3.61503
          0.03014  3.91274  4.63508  0.61958  0.77255  0.54765  0.86348
     36   3.23361  4.61769  4.45387  4.01345  1.39687  4.22053  4.00485  2.46437  3.86445  1.57639  3.16921  4.12100  4.53608  4.01199  4.00324  3.60069  3.47964  2.50818  4.26225  2.67372     36 f - - -
          2.68618  4.42225  2.77519  2.73123  3.46354  2.40513  3.72494  3.29354  2.67741  2.69355  4.24690  2.90347  2.73739  3.18146  2.89801  2.37887  2.77519  2.98518  4.58477  3.61503
          0.11643  3.91274  2.40883  0.61958  0.77255  0.54765  0.86348
     37   2.78229  5.17352  1.73672  2.11316  4.49630  3.15150  3.70540  4.04039  2.68844  3.59509  4.45249  1.84284  3.76471  2.88407  3.23222  2.71811  3.08642  3.63327  5.72851  4.26798     37 d - - -
          2.68618  4.42225  2.77519  2.73123  3.46354  2.40513  3.72494  3.29354  2.67741  2.69355  4.24690  2.90347  2.73739  3.18146  2.89801  2.37887  2.77519  2.98518  4.58477  3.61503
          0.03281  3.82912  4.55147  0.61958  0.77255  0.61688  0.77572
     38   3.08747  4.46562  4.50056  3.98781  3.17812  4.29428  4.66018  1.46942  3.80866  1.38609  3.04272  4.26941  4.57872  4.08182  4.00698  3.66294  3.33639  1.87738  5.16023  3.95302     38 l - - -
          2.68618  4.42225  2.77519  2.73123  3.46354  2.40513  3.72494  3.29354  2.67741  2.69355  4.24690  2.90347  2.73739  3.18146  2.89801  2.37887  2.77519  2.98518  4.58477  3.61503
          0.03281  3.82912  4.55147  0.61958  0.77255  0.61688  0.77572
     39   2.68876  4.68263  2.68668  2.56817  4.03947  3.15587  3.88816  3.74125  2.78864  3.39329  4.34938  1.23720  3.80597  3.16147  3.14127  2.75802  3.06958  3.36784  5.35048  3.99141     39 n - - -
          2.68618  4.42225  2.77519  2.73123  3.46354  2.40513  3.72494  3.29354  2.67741  2.69355  4.24690  2.90347  2.73739  3.18146  2.89801  2.37887  2.77519  2.98518  4.58477  3.61503
          0.03281  3.82912  4.55147  0.61958  0.77255  0.61688  0.77572
     40   2.94429  5.06375  0.98228  2.31053  4.43528  3.17895  3.89483  4.01386  2.97108  3.63029  4.60819  2.86439  3.82877  3.13446  3.48078  2.91210  3.28222  3.65793  5.61225  4.31632     40 d - - -
          2.68618  4.42225  2.77519  2.73123  3.46354  2.40513  3.72494  3.29354  2.67741  2.69355  4.24690  2.90347  2.73739  3.18146  2.89801  2.37887  2.77519  2.98518  4.58477  3.61503
          0.03281  3.82912  4.55147  0.61958  0.77255  0.61688  0.77572
     41   2.77401  4.96245  2.74596  2.42893  4.32554  3.34505  3.62508  3.77430  1.60859  3.32211  4.18132  2.30440  3.84005  2.78656  2.50333  2.77404  3.02554  3.42620  5.43500  4.12918     41 k - - -
          2.68618  4.42225  2.77519  2.73123  3.46354  2.40513  3.72494  3.29354  2.67741  2.69355  4.24690  2.90347  2.73739  3.18146  2.89801  2.37887  2.77519  2.98518  4.58477  3.61503
          0.03281  3.82912  4.55147  0.61958  0.77255  0.61688  0.77572
     42   2.99743  4.42923  4.27256  3.88734  3.34580  4.01846  4.62403  1.13330  3.71457  1.94162  3.28883  4.13880  4.45453  4.06780  3.91615  3.51020  3.29767  1.84697  5.22711  3.96113     42 i - - -
          2.68618  4.42225  2.77519  2.73123  3.46354  2.40513  3.72494  3.29354  2.67741  2.69355  4.24690  2.90347  2.73739  3.18146  2.89801  2.37887  2.77519  2.98518  4.58477  3.61503
          0.03281  3.82912  4.55147  0.61958  0.77255  0.61688  0.77572
     43   3.20431  4.61911  4.17904  3.88594  1.08545  3.90293  3.85991  2.73407  3.79422  2.11451  3.47114  3.97079  4.36302  3.97436  3.92464  3.47605  3.50570  2.72145  4.12307  2.49602     43 f - - -
          2.68618  4.42225  2.77519  2.73123  3.46354  2.40513  3.72494  3.29354  2.67741  2.69355  4.24690  2.90347  2.73739  3.18146  2.89801  2.37887  2.77519  2.98518  4.58477  3.61503
          0.03281  3.82912  4.55147  0.61958  0.77255  0.61688  0.77572
     44   2.61582  4.67032  2.80091  2.53153  4.22993  1.88118  3.75885  3.65726  1.94890  3.27124  4.14072  2.98536  3.78617  2.95451  2.79833  2.68136  2.94408  3.28404  5.42566  4.15832     44 g - - -
          2.68618  4.42225  2.77519  2.73123  3.46354  2.40513  3.72494  3.29354  2.67741  2.69355  4.24690  2.90347  2.73739  3.18146  2.89801  2.37887  2.77519  2.98518  4.58477  3.61503
          0.03281  3.82912  4.55147  0.61958  0.77255  0.61688  0.77572
     45   2.91649  5.01653  2.47176  1.08870  4.35756  3.24716  3.83124  3.80288  2.70641  3.42736  4.40414  2.91065  3.84994  3.04835  3.11012  2.90383  3.22068  3.49152  5.53738  4.26052     45 e - - -
          2.68618  4.42225  2.77519  2.73123  3.46354  2.40513  3.72494  3.29354  2.67741  2.69355  4.24690  2.90347  2.73739  3.18146  2.89801  2.37887  2.77519  2.98518  4.58477  3.61503
          0.03281  3.82912  4.55147  0.61958  0.77255  0.61688  0.77572
     46   2.66735  4.86643  2.17390  2.33996  3.63705  3.34465  2.77453  3.53704  2.48547  3.10692  3.96574  2.86492  3.80309  2.81049  2.94345  2.67349  2.91081  3.21940  5.04387  2.98143     46 d - - -
          2.68618  4.42225  2.77519  2.73123  3.46354  2.40513  3.72494  3.29354  2.67741  2.69355  4.24690  2.90347  2.73739  3.18146  2.89801  2.37887  2.77519  2.98518  4.58477  3.61503
          0.03281  3.82912  4.55147  0.61958  0.77255  0.61688  0.77572
     47   2.91649  5.01653  2.47176  1.08870  4.35756  3.24716  3.83124  3.80288  2.70641  3.42736  4.40414  2.91065  3.84994  3.04835  3.11012  2.90383  3.22068  3.49152  5.53738  4.26052     47 e - - -
          2.68618  4.42225  2.77519  2.73123  3.46354  2.40513  3.72494  3.29354  2.67741  2.69355  4.24690  2.90347  2.73739  3.18146  2.89801  2.37887  2.77519  2.98518  4.58477  3.61503
          0.03281  3.82912  4.55147  0.61958  0.77255  0.61688  0.77572
     48   2.99743  4.42923  4.27256  3.88734  3.34580  4.01846  4.62403  1.13330  3.71457  1.94162  3.28883  4.13880  4.45453  4.06780  3.91615  3.51020  3.29767  1.84697  5.22711  3.96113     48 i - - -
          2.68618  4.42225  2.77519  2.73123  3.46354  2.40513  3.72494  3.29354  2.67741  2.69355  4.24690  2.90347  2.73739  3.18146  2.89801  2.37887  2.77519  2.98518  4.58477  3.61503
          0.03281  3.82912  4.55147  0.61958  0.77255  0.61688  0.77572
     49   2.75478  5.08517  2.02571  2.23478  4.40318  3.26064  3.64096  3.85674  1.72835  3.41117  4.25413  2.77998  3.78886  2.79782  2.84463  2.71579  3.01566  3.48835  5.56163  4.18632     49 k - - -
          2.68618  4.42225  2.77519  2.73123  3.46354  2.40513  3.72494  3.29354  2.67741  2.69355  4.24690  2.90347  2.73739  3.18146  2.89801  2.37887  2.77519  2.98518  4.58477  3.61503
          0.03281  3.82912  4.55147  0.61958  0.77255  0.51815  0.90541
     50   2.76280  4.25143  4.04112  3.49438  3.11112  3.85983  4.11285  2.00574  3.37230  2.08705  3.22578  3.76750  4.21868  3.64452  3.61003  3.16457  3.00579  1.61022  4.77465  2.67317     50 v - - -
          2.68618  4.42225  2.77519  2.73123  3.46354  2.40513  3.72494  3.29354  2.67741  2.69355  4.24690  2.90347  2.73739  3.18146  2.89801  2.37887  2.77519  2.98518  4.58477  3.61503
          0.03055  3.89959  4.62193  0.61958  0.77255  0.55925  0.84778
     51   2.61600  4.34636  3.44184  2.94153  3.50408  3.53877  3.88977  1.96647  2.80163  2.42030  3.44065  3.33246  3.96886  2.77989  3.11829  2.84721  2.40469  2.41734  5.01188  3.77261     51 i - - -
          2.68618  4.42225  2.77519  2.73123  3.46354  2.40513  3.72494  3.29354  2.67741  2.69355  4.24690  2.90347  2.73739  3.18146  2.89801  2.37887  2.77519  2.98518  4.58477  3.61503
          0.03055  3.89959  4.62193  0.61958  0.77255  0.55925  0.84778
     52   1.82386  4.24443  3.22011  2.95221  4.13019  3.00989  4.07733  3.43589  3.00214  3.17832  4.08948  3.21583  1.69449  3.34166  3.32391  2.47743  2.76106  3.01974  5.49232  4.25811     52 p - - -
          2.68618  4.42225  2.77519  2.73123  3.46354  2.40513  3.72494  3.29354  2.67741  2.69355  4.24690  2.90347  2.73739  3.18146  2.89801  2.37887  2.77519  2.98518  4.58477  3.61503
          0.03055  3.89959  4.62193  0.61958  0.77255  0.55925  0.84778
     53   2.74878  4.46318  3.31832  2.37403  3.58559  3.62901  3.98616  1.66468  2.88289  2.42444  3.51802  3.36481  4.06567  3.27440  3.21173  2.98964  3.00565  2.27425  5.14884  3.88405     53 i - - -
          2.68618  4.42225  2.77519  2.73123  3.46354  2.40513  3.72494  3.29354  2.67741  2.69355  4.24690  2.90347  2.73739  3.18146  2.89801  2.37887  2.77519  2.98518  4.58477  3.61503
          0.03055  3.89959  4.62193  0.61958  0.77255  0.55925  0.84778
     54   2.46835  4.32644  3.33631  2.94859  3.63835  3.24968  3.94180  2.99378  2.86161  2.18201  3.74045  3.27056  3.84200  3.25056  3.17591  1.64177  2.83565  2.73213  5.12594  3.79555     54 s - - -
          2.68618  4.42225  2.77519  2.73123  3.46354  2.40513  3.72494  3.29354  2.67741  2.69355  4.24690  2.90347  2.73739  3.18146  2.89801  2.37887  2.77519  2.98518  4.58477  3.61503
          0.03055  3.89959  4.62193  0.61958  0.77255  0.55925  0.84778
     55   2.99657  4.96183  3.17440  2.79054  4.35445  3.48333  3.77375  3.78537  1.00179  3.34444  4.30425  3.21388  3.98160  2.96356  2.43618  3.03667  3.24773  3.49156  5.39783  4.21442     55 k - - -
          2.68618  4.42225  2.77519  2.73123  3.46354  2.40513  3.72494  3.29354  2.67741  2.69355  4.24690  2.90347  2.73739  3.18146  2.89801  2.37887  2.77519  2.98518  4.58477  3.61503
          0.03055  3.89959  4.62193  0.61958  0.77255  0.55925  0.84778
     56   2.43338  4.42459  2.96111  2.68625  4.08144  3.11911  3.89121  3.44156  2.74759  3.16875  4.04770  2.33443  3.75296  3.12044  3.10663  2.55738  1.66578  3.06119  5.41833  4.11976     56 t - - -
          2.68618  4.42225  2.77519  2.73123  3.46354  2.40513  3.72494  3.29354  2.67741  2.69355  4.24690  2.90347  2.73739  3.18146  2.89801  2.37887  2.77519  2.98518  4.58477  3.61503
          0.03055  3.89959  4.62193  0.61958  0.77255  0.55925  0.84778
     57   2.78096  5.12269  2.07251  2.26759  4.44823  3.29603  3.65868  3.90365  1.60437  3.44664  4.28391  2.81145  3.81640  2.81111  2.83399  2.74016  3.03813  3.53034  5.58891  4.21662     57 k - - -
          2.68618  4.42225  2.77519  2.73123  3.46354  2.40513  3.72494  3.29354  2.67741  2.69355  4.24690  2.90347  2.73739  3.18146  2.89801  2.37887  2.77519  2.98518  4.58477  3.61503
          0.03055  3.89959  4.62193  0.61958  0.77255  0.55925  0.84778
     58   3.12519  4.47987  4.60660  4.09776  3.23961  4.36606  4.75596  1.30398  3.92114  1.48216  3.09583  4.36428  4.64529  4.18718  4.10972  3.74195  3.37534  1.83900  5.23091  4.02640     58 i - - -
          2.68618  4.42225  2.77519  2.73123  3.46354  2.40513  3.72494  3.29354  2.67741  2.69355  4.24690  2.90347  2.73739  3.18146  2.89801  2.37887  2.77519  2.98518  4.58477  3.61503
          0.03055  3.89959  4.62193  0.61958  0.77255  0.55925  0.84778
     59   2.97317  4.40509  4.38617  3.90015  3.34967  4.11966  4.62787  1.91581  3.73684  1.63824  3.23581  4.15760  4.49801  4.04721  3.95753  3.50307  3.25246  1.26376  5.24807  4.00931     59 v - - -
          2.68618  4.42225  2.77519  2.73123  3.46354  2.40513  3.72494  3.29354  2.67741  2.69355  4.24690  2.90347  2.73739  3.18146  2.89801  2.37887  2.77519  2.98518  4.58477  3.61503
          0.03055  3.89959  4.62193  0.61958  0.77255  0.55925  0.84778
     60   2.74560  4.74339  2.72283  2.61093  4.11112  3.20191  3.94240  3.82713  2.84824  3.47087  4.42581  1.11094  3.85501  3.21504  3.20397  2.81165  3.12825  3.44661  5.41390  4.05738     60 n - - -
          2.68618  4.42225  2.77519  2.73123  3.46354  2.40513  3.72494  3.29354  2.67741  2.69355  4.24690  2.90347  2.73739  3.18146  2.89801  2.37887  2.77519  2.98518  4.58477  3.61503
          0.03055  3.89959  4.62193  0.61958  0.77255  0.55925  0.84778
     61   2.60918  4.29086  3.73351  3.27399  3.56543  3.53074  4.17875  1.95610  3.15148  2.35882  3.48760  3.56794  4.05469  3.51241  3.44089  2.90664  1.79512  2.15586  5.19259  3.95206     61 t - - -
          2.68618  4.42225  2.77519  2.73123  3.46354  2.40513  3.72494  3.29354  2.67741  2.69355  4.24690  2.90347  2.73739  3.18146  2.89801  2.37887  2.77519  2.98518  4.58477  3.61503
          0.03055  3.89959  4.62193  0.61958  0.77255  0.55925  0.84778
     62   3.05217  4.46313  4.37450  3.99118  3.39228  4.09603  4.71413  1.04496  3.81985  1.97257  3.32321  4.23270  4.52447  4.16523  4.01330  3.59379  3.35078  1.84642  5.28884  4.02960     62 i - - -
          2.68618  4.42225  2.77519  2.73123  3.46354  2.40513  3.72494  3.29354  2.67741  2.69355  4.24690  2.90347  2.73739  3.18146  2.89801  2.37887  2.77519  2.98518  4.58477  3.61503
          0.03055  3.89959  4.62193  0.61958  0.77255  0.55925  0.84778
     63   3.01843  5.15135  0.87994  2.35139  4.53193  3.23094  3.95451  4.12621  3.04369  3.72962  4.70813  2.90920  3.88563  3.19357  3.56375  2.97760  3.35752  3.76244  5.69529  4.40010     63 d - - -
          2.68618  4.42225  2.77519  2.73123  3.46354  2.40513  3.72494  3.29354  2.67741  2.69355  4.24690  2.90347  2.73739  3.18146  2.89801  2.37887  2.77519  2.98518  4.58477  3.61503
          0.03055  3.89959  4.62193  0.61958  0.77255  0.55925  0.84778
     64   2.88167  5.35400  1.92100  1.29903  4.64741  3.20011  3.72708  4.13673  2.70655  3.67711  4.53900  2.68536  3.80811  2.89751  3.26119  2.78798  3.16790  3.73877  5.83397  4.37359     64 e - - -
          2.68618  4.42225  2.77519  2.73123  3.46354  2.40513  3.72494  3.29354  2.67741  2.69355  4.24690  2.90347  2.73739  3.18146  2.89801  2.37887  2.77519  2.98518  4.58477  3.61503
          0.03055  3.89959  4.62193  0.61958  0.77255  0.55925  0.84778
     65   2.67752  4.44269  3.41649  2.95454  3.68430  3.53074  3.91861  2.61299  2.20753  2.59143  3.62231  3.34017  3.99762  3.18712  2.96127  2.89171  2.95594  1.63405  5.15971  3.90400     65 v - - -
          2.68618  4.42225  2.77519  2.73123  3.46354  2.40513  3.72494  3.29354  2.67741  2.69355  4.24690  2.90347  2.73739  3.18146  2.89801  2.37887  2.77519  2.98518  4.58477  3.61503
          0.03055  3.89959  4.62193  0.61958  0.77255  0.55925  0.84778
     66   3.08878  4.50149  4.48822  3.95117  3.16247  4.24957  4.60863  1.79398  3.77792  1.62181  1.66843  4.22944  4.54003  4.02316  3.96801  3.59794  3.33336  2.10960  5.12532  3.97682     66 l - - -
          2.68618  4.42225  2.77519  2.73123  3.46354  2.40513  3.72494  3.29354  2.67741  2.69355  4.24690  2.90347  2.73739  3.18146  2.89801  2.37887  2.77519  2.98518  4.58477  3.61503
          0.02873  3.96012  4.68246  0.61958  0.77255  0.55925  0.84778
     67   2.79743  4.79609  2.75918  2.65372  4.17347  3.24380  3.99384  3.90319  2.90512  3.54025  4.49533  1.01180  3.90016  3.26712  3.26243  2.86151  3.18241  3.51653  5.46939  4.11580     67 n - - -
          2.68618  4.42225  2.77519  2.73123  3.46354  2.40513  3.72494  3.29354  2.67741  2.69355  4.24690  2.90347  2.73739  3.18146  2.89801  2.37887  2.77519  2.98518  4.58477  3.61503
          0.02873  3.96012  4.68246  0.61958  0.77255  0.55925  0.84778
     68   3.02912  5.15665  2.52673  0.90696  4.51408  3.33159  3.92657  3.98543  2.81822  3.58869  4.55932  2.98477  3.94047  3.14069  3.23579  3.00289  3.33417  3.66041  5.66917  4.39198     68 e - - -
          2.68618  4.42225  2.77519  2.73123  3.46354  2.40513  3.72494  3.29354  2.67741  2.69355  4.24690  2.90347  2.73739  3.18146  2.89801  2.37887  2.77519  2.98518  4.58477  3.61503
          0.02873  3.96012  4.68246  0.61958  0.77255  0.44241  1.02859
     69   3.15817  4.53585  4.55913  4.18331  3.48743  4.23618  4.88395  0.89785  4.01454  2.04354  3.40084  4.40639  4.65447  4.34797  4.19302  3.74951  3.45554  1.86364  5.40965  4.16001     69 i - - -
          2.68618  4.42225  2.77519  2.73123  3.46354  2.40513  3.72494  3.29354  2.67741  2.69355  4.24690  2.90347  2.73739  3.18146  2.89801  2.37887  2.77519  2.98518  4.58477  3.61503
          0.02666  4.03383  4.75618  0.61958  0.77255  0.48576  0.95510
     70   1.00922  4.18937  3.47363  3.24476  4.32917  2.32368  4.31401  3.66343  3.32814  3.42704  4.28817  3.37303  3.73499  3.61204  3.61323  2.45675  2.76781  3.14871  5.68040  4.49013     70 a - - -
          2.68618  4.42225  2.77519  2.73123  3.46354  2.40513  3.72494  3.29354  2.67741  2.69355  4.24690  2.90347  2.73739  3.18146  2.89801  2.37887  2.77519  2.98518  4.58477  3.61503
          0.02666  4.03383  4.75618  0.61958  0.77255  0.48576  0.95510
     71   2.87445  5.21180  2.46935  1.34538  4.53419  3.32713  3.70065  3.96476  2.15052  3.50721  4.36674  2.83260  3.86571  2.85933  2.83054  2.82252  3.13031  3.60401  5.65805  4.29379     71 e - - -
          2.68618  4.42225  2.77519  2.73123  3.46354  2.40513  3.72494  3.29354  2.67741  2.69355  4.24690  2.90347  2.73739  3.18146  2.89801  2.37887  2.77519  2.98518  4.58477  3.61503
          0.02873  3.96012  4.68246  0.61958  0.77255  0.48576  0.95510
     72   3.02912  5.15665  2.52673  0.90696  4.51408  3.33159  3.92657  3.98543  2.81822  3.58869  4.55932  2.98477  3.94047  3.14069  3.23579  3.00289  3.33417  3.66041  5.66917  4.39198     72 e - - -
          2.68618  4.42225  2.77519  2.73123  3.46354  2.40513  3.72494  3.29354  2.67741  2.69355  4.24690  2.90347  2.73739  3.18146  2.89801  2.37887  2.77519  2.98518  4.58477  3.61503
          0.02873  3.96012  4.68246  0.61958  0.77255  0.48576  0.95510
     73   3.07039  4.41214  4.70079  4.21204  3.49509  4.36348  4.93386  1.16048  4.08522  1.99169  3.31326  4.44112  4.69403  4.35871  4.28793  3.75433  3.34173  1.42863  5.46452  4.25851     73 i - - -
          2.68618  4.42225  2.77519  2.73123  3.46354  2.40513  3.72494  3.29354  2.67741  2.69355  4.24690  2.90347  2.73739  3.18146  2.89801  2.37887  2.77519  2.98518  4.58477  3.61503
          0.02873  3.96012  4.68246  0.61958  0.77255  0.48576  0.95510
     74   2.87744  4.39629  4.24611  3.91239  3.61499  3.81395  4.69923  2.04874  3.78149  2.28711  3.56728  4.08802  4.36990  4.13519  3.98548  3.32334  3.23706  0.92129  5.41408  4.15094     74 v - - -
          2.68618  4.42225  2.77519  2.73123  3.46354  2.40513  3.72494  3.29354  2.67741  2.69355  4.24690  2.90347  2.73739  3.18146  2.89801  2.37887  2.77519  2.98518  4.58477  3.61503
          0.02873  3.96012  4.68246  0.61958  0.77255  0.48576  0.95510
     75   3.25424  4.69078  4.33000  3.97070  3.17040  4.09306  4.59896  2.37975  3.73758  0.77440  3.16681  4.23765  4.51365  4.08493  3.89913  3.67480  3.54467  2.43975  5.08103  3.82444     75 l - - -
          2.68618  4.42225  2.77519  2.73123  3.46354  2.40513  3.72494  3.29354  2.67741  2.69355  4.24690  2.90347  2.73739  3.18146  2.89801  2.37887  2.77519  2.98518  4.58477  3.61503
          0.02873  3.96012  4.68246  0.61958  0.77255  0.48576  0.95510
     76   3.05315  5.01939  3.23491  2.84059  4.42585  3.53266  3.80944  3.86071  0.92444  3.40694  4.36414  3.26103  4.02721  2.99629  2.45068  3.08967  3.30014  3.56372  5.44487  4.27044     76 k - - -
          2.68618  4.42225  2.77519  2.73123  3.46354  2.40513  3.72494  3.29354  2.67741  2.69355  4.24690  2.90347  2.73739  3.18146  2.89801  2.37887  2.77519  2.98518  4.58477  3.61503
          0.02873  3.96012  4.68246  0.61958  0.77255  0.48576  0.95510
     77   3.37517  4.82862  3.96822  3.71445  2.29979  3.93269  3.66183  3.37230  3.56946  2.80352  4.03833  3.83238  4.40469  3.85441  3.73504  3.50300  3.66239  3.24705  3.94677  0.83165     77 y - - -
          2.68618  4.42225  2.77519  2.73123  3.46354  2.40513  3.72494  3.29354  2.67741  2.69355  4.24690  2.90347  2.73739  3.18146  2.89801  2.37887  2.77519  2.98518  4.58477  3.61503
          0.02873  3.96012  4.68246  0.61958  0.77255  0.48576  0.95510
     78   2.53469  4.63061  2.69476  2.51722  4.28356  3.12521  3.87368  3.82489  2.75673  3.44618  4.29570  1.55633  3.77333  3.08315  3.16285  2.08158  2.92181  3.37477  5.57752  4.21142     78 n - - -
          2.68618  4.42225  2.77519  2.73123  3.46354  2.40513  3.72494  3.29354  2.67741  2.69355  4.24690  2.90347  2.73739  3.18146  2.89801  2.37887  2.77519  2.98518  4.58477  3.61503
          0.02873  3.96012  4.68246  0.61958  0.77255  0.48576  0.95510
     79   2.95196  4.93938  2.96250  2.71899  4.11944  3.42488  3.87793  3.76399  2.53382  3.25761  4.28339  3.17935  3.97984  1.08599  2.81612  2.99619  3.24904  3.48833  5.37613  4.07582     79 q - - -
          2.68618  4.42225  2.77519  2.73123  3.46354  2.40513  3.72494  3.29354  2.67741  2.69355  4.24690  2.90347  2.73739  3.18146  2.89801  2.37887  2.77519  2.98518  4.58477  3.61503
          0.02873  3.96012  4.68246  0.61958  0.77255  0.48576  0.95510
     80   3.08508  5.22515  0.80006  2.39254  4.61425  3.27825  4.01020  4.22265  3.11121  3.81558  4.79605  2.95313  3.93729  3.24982  3.63898  3.03788  3.42568  3.85266  5.76572  4.47326     80 d - - -
          2.68618  4.42225  2.77519  2.73123  3.46354  2.40513  3.72494  3.29354  2.67741  2.69355  4.24690  2.90347  2.73739  3.18146  2.89801  2.37887  2.77519  2.98518  4.58477  3.61503
          0.02873  3.96012  4.68246  0.61958  0.77255  0.48576  0.95510
     81   3.09244  4.52012  4.42774  3.90328  2.29285  4.18372  4.35480  2.31788  3.76664  1.59543  1.63860  4.14074  4.47945  3.95112  3.94028  3.52563  3.33159  2.38695  4.76991  3.43060     81 l - - -
          2.68618  4.42225  2.77519  2.73123  3.46354  2.40513  3.72494  3.29354  2.67741  2.69355  4.24690  2.90347  2.73739  3.18146  2.89801  2.37887  2.77519  2.98518  4.58477  3.61503
          0.02873  3.96012  4.68246  0.61958  0.77255  0.48576  0.95510
     82   3.37108  4.74731  4.35882  4.09038  0.87854  4.03948  3.91802  2.88444  3.99531  2.23453  3.60194  4.11852  4.49644  4.13926  4.09338  3.63623  3.67242  2.88149  4.14193  2.49830     82 f - - -
          2.68618  4.42225  2.77519  2.73123  3.46354  2.40513  3.72494  3.29354  2.67741  2.69355  4.24690  2.90347  2.73739  3.18146  2.89801  2.37887  2.77519  2.98518  4.58477  3.61503
          0.02873  3.96012  4.68246  0.61958  0.77255  0.48576  0.95510
     83   2.77486  4.75576  3.27971  2.72340  3.93743  3.54603  3.70264  3.23088  1.51671  2.83995  2.83412  3.16347  3.95088  2.88857  2.54005  2.86110  3.00135  3.00494  5.23492  3.97542     83 k - - -
          2.68618  4.42225  2.77519  2.73123  3.46354  2.40513  3.72494  3.29354  2.67741  2.69355  4.24690  2.90347  2.73739  3.18146  2.89801  2.37887  2.77519  2.98518  4.58477  3.61503
          0.02873  3.96012  4.68246  0.61958  0.77255  0.48576  0.95510
     84   3.00957  4.42318  4.46962  3.98418  3.39229  4.17956  4.69940  1.90656  3.82293  1.67268  3.27109  4.23110  4.55208  4.12700  4.03674  3.56593  3.28801  1.17841  5.29854  4.06304     84 v - - -
          2.68618  4.42225  2.77519  2.73123  3.46354  2.40513  3.72494  3.29354  2.67741  2.69355  4.24690  2.90347  2.73739  3.18146  2.89801  2.37887  2.77519  2.98518  4.58477  3.61503
          0.02873  3.96012  4.68246  0.61958  0.77255  0.48576  0.95510
     85   2.35293  4.28034  3.29638  2.96696  4.08134  3.08074  4.05522  3.38013  2.95778  3.12303  4.02585  3.24450  2.54730  3.31455  3.28330  2.52080  1.45360  2.99112  5.44920  4.21213     85 t - - -
          2.68618  4.42225  2.77519  2.73123  3.46354  2.40513  3.72494  3.29354  2.67741  2.69355  4.24690  2.90347  2.73739  3.18146  2.89801  2.37887  2.77519  2.98518  4.58477  3.61503
          0.14136  3.96012  2.18248  0.61958  0.77255  0.48576  0.95510
     86   2.30479  4.22476  3.18805  3.00307  4.05490  2.95506  4.11340  3.57470  3.07537  3.29670  4.22477  3.23115  3.69214  3.42643  3.36190  1.12411  2.78334  3.11454  5.42917  4.13837     86 s - - -
          2.68618  4.42225  2.77519  2.73123  3.46354  2.40513  3.72494  3.29354  2.67741  2.69355  4.24690  2.90347  2.73739  3.18146  2.89801  2.37887  2.77519  2.98518  4.58477  3.61503
          0.03210  3.85085  4.57320  0.61958  0.77255  0.58395  0.81574
     87   2.84937  5.03050  2.90620  2.50286  4.36285  3.44255  3.59633  3.78440  1.71526  3.28975  4.16147  2.97887  3.88763  1.91434  2.34379  2.84298  3.06593  3.45982  5.41030  4.14152     87 k - - -
          2.68618  4.42225  2.77519  2.73123  3.46354  2.40513  3.72494  3.29354  2.67741  2.69355  4.24690  2.90347  2.73739  3.18146  2.89801  2.37887  2.77519  2.98518  4.58477  3.61503
          0.03210  3.85085  4.57320  0.61958  0.77255  0.58395  0.81574
     88   3.13127  4.60009  4.15468  3.79469  3.12791  3.95448  4.45722  2.33108  3.56264  0.90228  3.15808  4.07224  4.39373  3.93615  3.74214  3.52320  3.42660  2.36275  4.99909  3.71733     88 l - - -
          2.68618  4.42225  2.77519  2.73123  3.46354  2.40513  3.72494  3.29354  2.67741  2.69355  4.24690  2.90347  2.73739  3.18146  2.89801  2.37887  2.77519  2.98518  4.58477  3.61503
          0.03210  3.85085  4.57320  0.61958  0.77255  0.58395  0.81574
     89   2.63869  4.41598  3.30801  3.20482  4.34698  0.76325  4.32618  3.94156  3.38313  3.59835  4.57411  3.47238  3.80642  3.70904  3.62131  2.81003  3.11826  3.47407  5.44759  4.44823     89 g - - -
          2.68618  4.42225  2.77519  2.73123  3.46354  2.40513  3.72494  3.29354  2.67741  2.69355  4.24690  2.90347  2.73739  3.18146  2.89801  2.37887  2.77519  2.98518  4.58477  3.61503
          0.03210  3.85085  4.57320  0.61958  0.77255  0.58395  0.81574
     90   2.93420  5.04013  2.47927  1.05651  4.38372  3.26048  3.84575  3.83334  2.72359  3.45406  4.42932  2.92140  3.86412  3.06203  3.12998  2.91896  3.23836  3.51952  5.55938  4.28192     90 e - - -
          2.68618  4.42225  2.77519  2.73123  3.46354  2.40513  3.72494  3.29354  2.67741  2.69355  4.24690  2.90347  2.73739  3.18146  2.89801  2.37887  2.77519  2.98518  4.58477  3.61503
          0.03210  3.85085  4.57320  0.61958  0.77255  0.58395  0.81574
     91   3.01431  4.43937  4.30449  3.91967  3.35989  4.04281  4.65198  1.10508  3.74737  1.95063  3.29890  4.16806  4.47632  4.09804  3.94643  3.53622  3.31395  1.84599  5.24607  3.98234     91 i - - -
          2.68618  4.42225  2.77519  2.73123  3.46354  2.40513  3.72494  3.29354  2.67741  2.69355  4.24690  2.90347  2.73739  3.18146  2.89801  2.37887  2.77519  2.98518  4.58477  3.61503
          0.03210  3.85085  4.57320  0.61958  0.77255  0.58395  0.81574
     92   2.30479  4.22476  3.18805  3.00307  4.05490  2.95506  4.11340  3.57470  3.07537  3.29670  4.22477  3.23115  3.69214  3.42643  3.36190  1.12411  2.78334  3.11454  5.42917  4.13837     92 s - - -
          2.68618  4.42225  2.77519  2.73123  3.46354  2.40513  3.72494  3.29354  2.67741  2.69355  4.24690  2.90347  2.73739  3.18146  2.89801  2.37887  2.77519  2.98518  4.58477  3.61503
          0.03210  3.85085  4.57320  0.61958  0.77255  0.58395  0.81574
     93   3.13127  4.60009  4.15468  3.79469  3.12791  3.95448  4.45722  2.33108  3.56264  0.90228  3.15808  4.07224  4.39373  3.93615  3.74214  3.52320  3.42660  2.36275  4.99909  3.71733     93 l - - -
          2.68618  4.42225  2.77519  2.73123  3.46354  2.40513  3.72494  3.29354  2.67741  2.69355  4.24690  2.90347  2.73739  3.18146  2.89801  2.37887  2.77519  2.98518  4.58477  3.61503
          0.03210  3.85085  4.57320  0.61958  0.77255  0.58395  0.81574
     94   2.40153  4.24648  3.40935  3.16065  3.95022  3.08640  4.17956  3.07473  3.10319  2.93898  3.99109  3.37332  3.78854  3.49916  3.36277  2.60259  1.20908  2.77202  5.38994  4.16692     94 t - - -
          2.68618  4.42225  2.77519  2.73123  3.46354  2.40513  3.72494  3.29354  2.67741  2.69355  4.24690  2.90347  2.73739  3.18146  2.89801  2.37887  2.77519  2.98518  4.58477  3.61503
          0.03210  3.85085  4.57320  0.61958  0.77255  0.58395  0.81574
     95   2.72358  4.48425  3.32846  3.16457  4.16117  3.17299  4.24361  3.70125  3.22006  3.33035  4.37944  3.47333  0.86881  3.60951  3.46784  2.89044  3.16349  3.34906  5.35343  4.28162     95 p - - -
          2.68618  4.42225  2.77519  2.73123  3.46354  2.40513  3.72494  3.29354  2.67741  2.69355  4.24690  2.90347  2.73739  3.18146  2.89801  2.37887  2.77519  2.98518  4.58477  3.61503
          0.03210  3.85085  4.57320  0.61958  0.77255  0.58395  0.81574
     96   3.01431  4.43937  4.30449  3.91967  3.35989  4.04281  4.65198  1.10508  3.74737  1.95063  3.29890  4.16806  4.47632  4.09804  3.94643  3.53622  3.31395  1.84599  5.24607  3.98234     96 i - - -
          2.68618  4.42225  2.77519  2.73123  3.46354  2.40513  3.72494  3.29354  2.67741  2.69355  4.24690  2.90347  2.73739  3.18146  2.89801  2.37887  2.77519  2.98518  4.58477  3.61503
          0.03210  3.85085  4.57320  0.61958  0.77255  0.58395  0.81574
     97   2.86414  4.84871  2.88920  2.64389  4.01434  3.35205  3.80191  3.64204  2.46625  3.14651  4.17527  3.10333  3.90538  1.27298  2.75073  2.91293  3.16125  3.37315  5.29032  3.98273     97 q - - -
          2.68618  4.42225  2.77519  2.73123  3.46354  2.40513  3.72494  3.29354  2.67741  2.69355  4.24690  2.90347  2.73739  3.18146  2.89801  2.37887  2.77519  2.98518  4.58477  3.61503
          0.03210  3.85085  4.57320  0.61958  0.77255  0.58395  0.81574
     98   2.93420  5.04013  2.47927  1.05651  4.38372  3.26048  3.84575  3.83334  2.72359  3.45406  4.42932  2.92140  3.86412  3.06203  3.12998  2.91896  3.23836  3.51952  5.55938  4.28192     98 e - - -
          2.68618  4.42225  2.77519  2.73123  3.46354  2.40513  3.72494  3.29354  2.67741  2.69355  4.24690  2.90347  2.73739  3.18146  2.89801  2.37887  2.77519  2.98518  4.58477  3.61503
          0.03210  3.85085  4.57320  0.61958  0.77255  0.58395  0.81574
     99   2.95274  4.91516  3.12726  2.75309  4.29665  3.44427  3.74787  3.72462  1.06825  3.29455  4.25739  3.17843  3.94632  2.94075  2.42843  2.99629  3.20774  3.43371  5.36037  4.17012     99 k - - -
          2.68618  4.42225  2.77519  2.73123  3.46354  2.40513  3.72494  3.29354  2.67741  2.69355  4.24690  2.90347  2.73739  3.18146  2.89801  2.37887  2.77519  2.98518  4.58477  3.61503
          0.03210  3.85085  4.57320  0.61958  0.77255  0.58395  0.81574
    100   3.16816  4.57311  4.43526  3.94384  2.35576  4.24526  4.32810  2.24360  3.80002  1.06597  2.95397  4.17981  4.52654  3.98703  3.97280  3.61299  3.40846  2.32234  4.67952  3.26586    100 l - - -
          2.68618  4.42225  2.77519  2.73123  3.46354  2.40513  3.72494  3.29354  2.67741  2.69355  4.24690  2.90347  2.73739  3.18146  2.89801  2.37887  2.77519  2.98518  4.58477  3.61503
          0.03210  3.85085  4.57320  0.61958  0.77255  0.58395  0.81574
    101   2.96680  5.09107  0.94955  2.32227  4.46529  3.19466  3.91264  4.04863  2.99277  3.66093  4.63880  2.87745  3.84596  3.15192  3.50585  2.93177  3.30499  3.69020  5.63808  4.34207    101 d - - -
          2.68618  4.42225  2.77519  2.73123  3.46354  2.40513  3.72494  3.29354  2.67741  2.69355  4.24690  2.90347  2.73739  3.18146  2.89801  2.37887  2.77519  2.98518  4.58477  3.61503
          0.03210  3.85085  4.57320  0.61958  0.77255  0.58395  0.81574
    102   2.95274  4.91516  3.12726  2.75309  4.29665  3.44427  3.74787  3.72462  1.06825  3.29455  4.25739  3.17843  3.94632  2.94075  2.42843  2.99629  3.20774  3.43371  5.36037  4.17012    102 k - - -
          2.68618  4.42225  2.77519  2.73123  3.46354  2.40513  3.72494  3.29354  2.67741  2.69355  4.24690  2.90347  2.73739  3.18146  2.89801  2.37887  2.77519  2.98518  4.58477  3.61503
          0.03210  3.85085  4.57320  0.61958  0.77255  0.58395  0.81574
    103   3.13127  4.60009  4.15468  3.79469  3.12791  3.95448  4.45722  2.33108  3.56264  0.90228  3.15808  4.07224  4.39373  3.93615  3.74214  3.52320  3.42660  2.36275  4.99909  3.71733    103 l - - -
          2.68618  4.42225  2.77519  2.73123  3.46354  2.40513  3.72494  3.29354  2.67741  2.69355  4.24690  2.90347  2.73739  3.18146  2.89801  2.37887  2.77519  2.98518  4.58477  3.61503
          0.03210  3.85085  4.57320  0.61958  0.77255  0.58395  0.81574
    104   2.95274  4.91516  3.12726  2.75309  4.29665  3.44427  3.74787  3.72462  1.06825  3.29455  4.25739  3.17843  3.94632  2.94075  2.42843  2.99629  3.20774  3.43371  5.36037  4.17012    104 k - - -
          2.68618  4.42225  2.77519  2.73123  3.46354  2.40513  3.72494  3.29354  2.67741  2.69355  4.24690  2.90347  2.73739  3.18146  2.89801  2.37887  2.77519  2.98518  4.58477  3.61503
          0.03210  3.85085  4.57320  0.61958  0.77255  0.58395  0.81574
    105   2.96680  5.09107  0.94955  2.32227  4.46529  3.19466  3.91264  4.04863  2.99277  3.66093  4.63880  2.87745  3.84596  3.15192  3.50585  2.93177  3.30499  3.69020  5.63808  4.34207    105 d - - -
          2.68618  4.42225  2.77519  2.73123  3.46354  2.40513  3.72494  3.29354  2.67741  2.69355  4.24690  2.90347  2.73739  3.18146  2.89801  2.37887  2.77519  2.98518  4.58477  3.61503
          0.03210  3.85085  4.57320  0.61958  0.77255  0.58395  0.81574
    106   3.01431  4.43937  4.30449  3.91967  3.35989  4.04281  4.65198  1.10508  3.74737  1.95063  3.29890  4.16806  4.47632  4.09804  3.94643  3.53622  3.31395  1.84599  5.24607  3.98234    106 i - - -
          2.68618  4.42225  2.77519  2.73123  3.46354  2.40513  3.72494  3.29354  2.67741  2.69355  4.24690  2.90347  2.73739  3.18146  2.89801  2.37887  2.77519  2.98518  4.58477  3.61503
          0.02172  3.84048        *  0.61958  0.77255  0.00000        *
//
