HMMER3/f [3.2.1 | June 2018]
NAME  ABI_abiQ
LENG  165
ALPH  amino
RF    no
MM    no
CONS  yes
CS    no
MAP   yes
DATE  Fri Jun 18 18:43:36 2021
NSEQ  492
EFFN  4.568207
CKSUM 3238239216
STATS LOCAL MSV      -10.2309  0.70793
STATS LOCAL VITERBI  -10.9146  0.70793
STATS LOCAL FORWARD   -4.6466  0.70793
HMM          A        C        D        E        F        G        H        I        K        L        M        N        P        Q        R        S        T        V        W        Y   
            m->m     m->i     m->d     i->m     i->i     d->m     d->d
  COMPO   2.75092  4.20492  3.00792  2.62234  3.29095  3.39723  3.70797  2.66712  2.34796  2.48739  3.50730  2.83750  3.45257  3.03773  2.96876  2.70689  2.96908  2.73720  5.06315  3.05481
          2.68618  4.42225  2.77519  2.73123  3.46354  2.40513  3.72494  3.29354  2.67741  2.69355  4.24690  2.90347  2.73739  3.18146  2.89801  2.37887  2.77519  2.98518  4.58477  3.61503
          0.28654  5.21165  1.41184  0.61958  0.77255  0.00000        *
      1   3.24377  4.47472  4.83506  4.28124  3.69627  4.30895  4.79541  2.64769  3.83017  2.38798  0.69813  4.43076  4.72960  4.30989  4.14443  3.54175  3.52328  2.63132  5.41839  4.23140      1 m - - -
          2.68618  4.42225  2.77519  2.73123  3.46354  2.40513  3.72494  3.29354  2.67741  2.69355  4.24690  2.90347  2.73739  3.18146  2.89801  2.37887  2.77519  2.98518  4.58477  3.61503
          0.23524  4.93583  1.59734  0.61958  0.77255  1.03660  0.43798
      2   2.71810  5.27892  2.54148  1.94403  4.62147  2.96089  3.62527  3.63998  2.14701  3.43982  4.25368  2.34033  3.76254  2.63931  2.83636  2.55521  2.87142  3.63489  5.71306  4.14452      2 e - - -
          2.68618  4.42225  2.77519  2.73123  3.46354  2.40513  3.72494  3.29354  2.67741  2.69355  4.24690  2.90347  2.73739  3.18146  2.89801  2.37887  2.77519  2.98518  4.58477  3.61503
          0.02127  4.73420  4.40185  0.61958  0.77255  0.87177  0.54165
      3   2.73595  5.33544  2.77900  2.13757  4.67921  3.44797  3.63131  3.94337  1.73292  3.61244  4.25304  2.43511  3.81914  2.78546  2.53968  2.50277  2.71150  3.63314  5.76886  4.05155      3 k - - -
          2.68618  4.42225  2.77519  2.73123  3.46354  2.40513  3.72494  3.29354  2.67741  2.69355  4.24690  2.90347  2.73739  3.18146  2.89801  2.37887  2.77519  2.98518  4.58477  3.61503
          0.01535  4.88084  4.87431  0.61958  0.77255  0.38992  1.13044
      4   2.92620  4.36250  4.93183  4.31775  2.70851  4.15349  4.48595  2.08474  4.01028  1.36946  1.93769  4.23452  4.21348  4.13070  4.04118  3.46419  3.13551  2.31390  4.83415  3.37509      4 l - - -
          2.68618  4.42225  2.77519  2.73123  3.46354  2.40513  3.72494  3.29354  2.67741  2.69355  4.24690  2.90347  2.73739  3.18146  2.89801  2.37887  2.77519  2.98518  4.58477  3.61503
          0.00876  5.13814  5.86048  0.61958  0.77255  0.72226  0.66485
      5   2.82583  5.30019  2.76240  2.39101  3.96179  3.17761  3.41831  3.90753  1.61629  3.55415  4.13523  2.62061  4.10310  2.58430  2.38959  2.67421  3.05258  3.70238  5.87445  3.72173      5 k - - -
          2.68618  4.42225  2.77519  2.73123  3.46354  2.40513  3.72494  3.29354  2.67741  2.69355  4.24690  2.90347  2.73739  3.18146  2.89801  2.37887  2.77519  2.98518  4.58477  3.61503
          0.01312  5.13814  4.93873  0.61958  0.77255  0.69124  0.69505
      6   3.44048  4.77700  5.38914  4.78388  1.34990  4.63947  4.90944  2.01512  4.58235  1.30502  3.23063  4.79317  4.93067  4.63824  4.56780  3.96385  3.66452  2.68011  3.04111  3.93459      6 l - - -
          2.68618  4.42225  2.77519  2.73123  3.46354  2.40513  3.72494  3.29354  2.67741  2.69355  4.24690  2.90347  2.73739  3.18146  2.89801  2.37887  2.77519  2.98518  4.58477  3.61503
          0.01320  5.13981  4.92573  0.61958  0.77255  0.71798  0.66892
      7   2.98032  3.33720  4.85334  4.24940  2.93678  4.16036  4.24485  2.56099  3.96405  2.52775  3.44592  4.28065  4.52416  4.20660  4.10357  3.36536  3.23804  2.27808  4.96938  1.01777      7 y - - -
          2.68618  4.42225  2.77519  2.73123  3.46354  2.40513  3.72494  3.29354  2.67741  2.69355  4.24690  2.90347  2.73739  3.18146  2.89801  2.37887  2.77519  2.98518  4.58477  3.61503
          0.01133  5.13539  5.22553  0.61958  0.77255  0.72926  0.65829
      8   2.81388  5.40111  2.91202  2.15551  4.20096  3.52811  3.27802  3.41524  2.36390  3.45886  4.19903  2.60667  4.10715  2.80195  2.50371  2.56048  2.17921  3.25033  5.40581  3.13483      8 e - - -
          2.68618  4.42225  2.77519  2.73123  3.46354  2.40513  3.72494  3.29354  2.67741  2.69355  4.24690  2.90347  2.73739  3.18146  2.89801  2.37887  2.77519  2.98518  4.58477  3.61503
          0.00880  5.13286  5.85521  0.61958  0.77255  0.69247  0.69382
      9   3.09266  4.67486  5.30911  4.36921  3.87012  4.64294  5.04886  1.08711  4.56819  2.39162  3.42213  4.78443  4.62286  4.73648  4.62827  3.97704  3.59439  1.15006  5.53106  4.16252      9 i - - -
          2.68618  4.42225  2.77519  2.73123  3.46354  2.40513  3.72494  3.29354  2.67741  2.69355  4.24690  2.90347  2.73739  3.18146  2.89801  2.37887  2.77519  2.98518  4.58477  3.61503
          0.00873  5.14125  5.86360  0.61958  0.77255  0.71426  0.67247
     10   2.90919  5.45777  1.58837  2.43075  4.80086  3.63903  3.86516  4.28640  2.23432  3.64656  4.49948  2.30698  4.11255  2.83652  3.10652  2.17369  2.77169  3.72354  5.89107  4.34476     10 d - - -
          2.68618  4.42225  2.77519  2.73123  3.46354  2.40513  3.72494  3.29354  2.67741  2.69355  4.24690  2.90347  2.73739  3.18146  2.89801  2.37887  2.77519  2.98518  4.58477  3.61503
          0.00873  5.14125  5.86360  0.61958  0.77255  0.66894  0.71795
     11   2.79463  5.42754  2.11967  2.05849  4.47666  3.51689  3.90645  3.45961  2.27161  3.26555  3.09465  2.67229  3.48130  2.79465  3.06883  2.41162  2.80543  3.51662  5.86624  4.05328     11 e - - -
          2.68618  4.42225  2.77519  2.73123  3.46354  2.40513  3.72494  3.29354  2.67741  2.69355  4.24690  2.90347  2.73739  3.18146  2.89801  2.37887  2.77519  2.98518  4.58477  3.61503
          0.00865  5.14999  5.87234  0.61958  0.77255  0.69131  0.69499
     12   2.63212  4.97816  2.04701  1.89794  4.79772  3.54215  3.74755  4.18542  1.93387  3.71138  4.32424  2.60219  4.04268  2.78833  2.81173  2.47714  3.04098  3.76443  5.88455  4.35026     12 e - - -
          2.68618  4.42225  2.77519  2.73123  3.46354  2.40513  3.72494  3.29354  2.67741  2.69355  4.24690  2.90347  2.73739  3.18146  2.89801  2.37887  2.77519  2.98518  4.58477  3.61503
          0.00865  5.14999  5.87234  0.61958  0.77255  0.67626  0.71033
     13   5.16347  5.38638  5.97856  5.92108  2.34246  5.62777  4.09106  4.75472  5.67589  3.65663  5.27463  5.16169  5.88590  5.33745  5.47727  5.03756  5.36046  4.70623  4.33823  0.25578     13 Y - - -
          2.68618  4.42225  2.77519  2.73123  3.46354  2.40513  3.72494  3.29354  2.67741  2.69355  4.24690  2.90347  2.73739  3.18146  2.89801  2.37887  2.77519  2.98518  4.58477  3.61503
          0.01221  5.15284  5.05826  0.61958  0.77255  0.68368  0.70270
     14   2.97649  3.56502  4.94187  4.32818  3.12091  4.16325  4.49685  1.25662  4.11717  1.83246  3.17119  3.87738  4.34181  4.25176  3.91176  3.44506  3.08412  1.91079  4.99500  3.63695     14 i - - -
          2.68618  4.42225  2.77519  2.73123  3.46354  2.40513  3.72494  3.29354  2.67741  2.69355  4.24690  2.90347  2.73739  3.18146  2.89801  2.37887  2.77519  2.98518  4.58477  3.61503
          0.01148  5.15444  5.17810  0.61958  0.77255  0.69320  0.69309
     15   2.70008  5.28065  2.16919  2.12089  4.80009  3.64477  3.69412  4.13138  1.95236  3.75974  4.42758  2.34123  4.10827  2.61222  2.34153  2.62765  3.00926  3.80698  5.88621  4.39883     15 k - - -
          2.68618  4.42225  2.77519  2.73123  3.46354  2.40513  3.72494  3.29354  2.67741  2.69355  4.24690  2.90347  2.73739  3.18146  2.89801  2.37887  2.77519  2.98518  4.58477  3.61503
          0.00864  5.15160  5.87395  0.61958  0.77255  0.70075  0.68560
     16   2.79294  4.84934  3.04239  2.69815  2.74911  3.80265  3.39756  3.59553  2.54604  3.16368  4.14688  2.80266  4.19114  3.04177  3.21342  2.94952  3.16328  3.35130  5.20458  1.45554     16 y - - -
          2.68618  4.42225  2.77519  2.73123  3.46354  2.40513  3.72494  3.29354  2.67741  2.69355  4.24690  2.90347  2.73739  3.18146  2.89801  2.37887  2.77519  2.98518  4.58477  3.61503
          0.00864  5.15160  5.87395  0.61958  0.77255  0.68878  0.69754
     17   3.81633  5.45810  6.13452  5.54687  3.69428  5.59111  5.87619  2.59995  5.39890  0.34777  3.09089  5.73905  5.63490  5.28070  5.35123  4.97289  4.43515  2.87212  5.90415  4.50680     17 L - - -
          2.68618  4.42225  2.77519  2.73123  3.46354  2.40513  3.72494  3.29354  2.67741  2.69355  4.24690  2.90347  2.73739  3.18146  2.89801  2.37887  2.77519  2.98518  4.58477  3.61503
          0.00862  5.15386  5.87621  0.61958  0.77255  0.69476  0.69154
     18   2.73447  5.42696  3.20333  2.63350  4.09992  3.67078  2.52706  4.05895  2.00918  3.63706  4.35678  2.76404  4.00927  2.36222  1.91071  2.49039  3.08577  3.71561  5.86613  3.62434     18 r - - -
          2.68618  4.42225  2.77519  2.73123  3.46354  2.40513  3.72494  3.29354  2.67741  2.69355  4.24690  2.90347  2.73739  3.18146  2.89801  2.37887  2.77519  2.98518  4.58477  3.61503
          0.03170  5.15386  3.67197  0.61958  0.77255  0.69476  0.69154
     19   2.70787  5.44335  2.82801  2.24574  4.68247  3.31887  3.70064  4.00323  1.83589  3.51357  4.32448  2.45304  3.85718  2.25416  2.76621  2.29606  2.83444  3.71496  5.87579  4.46460     19 k - - -
          2.68618  4.42225  2.77519  2.73123  3.46354  2.40513  3.72494  3.29354  2.67741  2.69355  4.24690  2.90347  2.73739  3.18146  2.89801  2.37887  2.77519  2.98518  4.58477  3.61503
          0.01213  5.13098  5.09267  0.61958  0.77255  0.73832  0.64993
     20   2.37098  4.11864  4.27428  3.40430  2.10364  3.80985  3.82582  2.07988  3.13792  2.57672  3.49761  3.70363  4.43528  3.56812  3.54360  3.09620  2.93782  2.13436  4.79103  2.47469     20 i - - -
          2.68618  4.42225  2.77519  2.73123  3.46354  2.40513  3.72494  3.29354  2.67741  2.69355  4.24690  2.90347  2.73739  3.18146  2.89801  2.37887  2.77519  2.98518  4.58477  3.61503
          0.01510  5.13485  4.69917  0.61958  0.77255  0.60848  0.78565
     21   2.85067  4.37521  1.16719  1.89703  4.16281  3.70886  3.90164  4.17246  2.68898  3.73655  4.49222  3.15616  4.14972  2.92078  3.20197  2.84402  3.19359  3.74869  5.89008  4.49005     21 d - - -
          2.68618  4.42225  2.77519  2.73123  3.46354  2.40513  3.72494  3.29354  2.67741  2.69355  4.24690  2.90347  2.73739  3.18146  2.89801  2.37887  2.77519  2.98518  4.58477  3.61503
          0.02377  5.15826  4.03212  0.61958  0.77255  0.67664  0.70993
     22   2.75047  5.22605  2.41006  2.37668  4.44908  3.34381  3.57144  4.15905  2.24084  3.58538  4.48666  2.56916  2.76055  2.91001  2.94181  1.98992  2.45801  3.83533  5.49495  4.08272     22 s - - -
          2.68618  4.42225  2.77519  2.73123  3.46354  2.40513  3.72494  3.29354  2.67741  2.69355  4.24690  2.90347  2.73739  3.18146  2.89801  2.37887  2.77519  2.98518  4.58477  3.61503
          0.00868  5.14652  5.86887  0.61958  0.77255  0.69056  0.69574
     23   2.92422  4.58899  3.18070  2.25807  4.29146  3.68058  2.77073  4.27118  1.70370  3.66400  4.48866  2.50686  4.11480  2.84484  1.86869  2.88107  2.94553  3.79419  5.88038  4.47355     23 k - - -
          2.68618  4.42225  2.77519  2.73123  3.46354  2.40513  3.72494  3.29354  2.67741  2.69355  4.24690  2.90347  2.73739  3.18146  2.89801  2.37887  2.77519  2.98518  4.58477  3.61503
          0.00863  5.15308  5.87543  0.61958  0.77255  0.70783  0.67868
     24   3.82964  5.12659  6.11350  5.66953  4.54085  5.67280  6.51158  1.40139  5.64454  2.49360  4.08666  5.83914  5.85170  5.90869  5.82318  5.13317  4.21843  0.57154  6.74857  5.52474     24 V - - -
          2.68618  4.42225  2.77519  2.73123  3.46354  2.40513  3.72494  3.29354  2.67741  2.69355  4.24690  2.90347  2.73739  3.18146  2.89801  2.37887  2.77519  2.98518  4.58477  3.61503
          0.01858  5.15308  4.37172  0.61958  0.77255  0.68200  0.70442
     25   2.74024  4.52754  3.74189  3.12565  2.75786  3.78452  4.03973  3.02640  3.14449  2.30625  2.76365  3.69832  1.96954  2.89277  3.18148  2.61280  3.13465  2.85126  5.09830  2.86397     25 p - - -
          2.68618  4.42225  2.77519  2.73123  3.46354  2.40513  3.72494  3.29354  2.67741  2.69355  4.24690  2.90347  2.73739  3.18146  2.89801  2.37887  2.77519  2.98518  4.58477  3.61503
          0.01289  5.14815  4.96179  0.61958  0.77255  0.70768  0.67882
     26   2.89611  5.34394  2.56922  2.54879  3.32210  3.73265  3.47197  3.67882  2.47096  3.12406  4.06870  2.21468  4.06815  2.77127  2.93640  2.08442  3.11364  3.60661  5.19538  2.52727     26 s - - -
          2.68618  4.42225  2.77519  2.73123  3.46354  2.40513  3.72494  3.29354  2.67741  2.69355  4.24690  2.90347  2.73739  3.18146  2.89801  2.37887  2.77519  2.98518  4.58477  3.61503
          0.02679  5.14643  3.88188  0.61958  0.77255  0.65387  0.73403
     27   2.90671  5.11106  2.53540  2.41751  4.78366  3.56192  3.29818  3.94080  2.45577  3.58187  4.35806  1.52531  3.99272  2.83895  2.91928  2.15585  3.02040  3.83052  5.87571  4.28089     27 n - - -
          2.68618  4.42225  2.77519  2.73123  3.46354  2.40513  3.72494  3.29354  2.67741  2.69355  4.24690  2.90347  2.73739  3.18146  2.89801  2.37887  2.77519  2.98518  4.58477  3.61503
          0.04386  5.14256  3.29498  0.61958  0.77255  0.73501  0.65296
     28   2.77375  5.37875  3.02515  2.50672  4.62154  3.48913  3.33049  3.94985  1.68296  3.56653  4.16339  3.07450  2.63774  2.93730  3.07708  2.55777  3.02219  3.70639  5.82496  2.23199     28 k - - -
          2.68618  4.42225  2.77519  2.73123  3.46354  2.40513  3.72494  3.29354  2.67741  2.69355  4.24690  2.90347  2.73739  3.18146  2.89801  2.37887  2.77519  2.98518  4.58477  3.61503
          0.17184  5.10773  1.88494  0.61958  0.77255  0.78876  0.60588
     29   2.74565  5.36295  2.62017  2.18410  4.70630  2.44290  3.76960  3.86498  2.25650  3.58424  4.32048  2.64787  3.49492  2.16011  2.92422  2.42089  3.01366  3.50163  5.41752  4.05789     29 q - - -
          2.68618  4.42225  2.77519  2.73123  3.46354  2.40513  3.72494  3.29354  2.67741  2.69355  4.24690  2.90347  2.73739  3.18146  2.89801  2.37887  2.77519  2.98518  4.58477  3.61503
          0.02005  4.95335  4.35883  0.61958  0.77255  0.78433  0.60959
     30   2.57413  5.37266  2.73380  2.01596  4.38122  2.76630  3.69260  3.22770  2.40163  3.47626  4.13698  2.53038  3.60423  2.71061  2.80057  2.50564  2.73923  3.47508  5.30096  3.60268     30 e - - -
          2.68618  4.42225  2.77519  2.73123  3.46354  2.40513  3.72494  3.29354  2.67741  2.69355  4.24690  2.90347  2.73739  3.18146  2.89801  2.37887  2.77519  2.98518  4.58477  3.61503
          0.16117  5.02540  1.94996  0.61958  0.77255  0.60910  0.78491
     31   2.75617  5.35874  2.69213  2.42671  4.47219  2.99784  3.67263  3.77003  1.58884  3.51357  4.40160  2.48985  3.82704  2.85366  2.91059  2.65870  2.76708  3.58403  5.51105  3.26376     31 k - - -
          2.68618  4.42225  2.77519  2.73123  3.46354  2.40513  3.72494  3.29354  2.67741  2.69355  4.24690  2.90347  2.73739  3.18146  2.89801  2.37887  2.77519  2.98518  4.58477  3.61503
          0.01025  4.98150  5.70384  0.61958  0.77255  0.81377  0.58552
     32   2.70585  5.25427  2.65053  2.21869  4.29161  3.22267  2.41230  4.02152  2.18041  3.52612  4.35514  2.48750  4.05989  2.66042  2.61670  2.43333  2.93451  3.74356  5.83404  3.84213     32 k - - -
          2.68618  4.42225  2.77519  2.73123  3.46354  2.40513  3.72494  3.29354  2.67741  2.69355  4.24690  2.90347  2.73739  3.18146  2.89801  2.37887  2.77519  2.98518  4.58477  3.61503
          0.01199  5.04035  5.21304  0.61958  0.77255  0.51045  0.91686
     33   2.82728  5.41792  2.88792  2.52430  3.90528  3.03142  3.43827  3.38083  2.16489  3.12363  4.00517  2.19316  3.73563  2.78182  2.74582  2.40905  2.45318  3.72061  5.85888  3.70728     33 k - - -
          2.68618  4.42225  2.77519  2.73123  3.46354  2.40513  3.72494  3.29354  2.67741  2.69355  4.24690  2.90347  2.73739  3.18146  2.89801  2.37887  2.77519  2.98518  4.58477  3.61503
          0.00867  5.14848  5.87082  0.61958  0.77255  0.66256  0.72470
     34   3.98445  6.06841  4.62436  3.41902  5.68418  4.33724  4.18218  4.71974  1.24073  4.25321  5.13414  4.02195  4.83993  3.40127  0.75580  3.84842  4.08086  4.61973  5.57575  5.12489     34 r - - -
          2.68618  4.42225  2.77519  2.73123  3.46354  2.40513  3.72494  3.29354  2.67741  2.69355  4.24690  2.90347  2.73739  3.18146  2.89801  2.37887  2.77519  2.98518  4.58477  3.61503
          0.00857  5.15911  5.88146  0.61958  0.77255  0.66674  0.72028
     35   2.77383  4.74271  3.64987  3.02329  2.80819  3.89230  4.00313  3.27829  2.16210  2.85190  3.73190  3.46964  1.38562  3.38068  3.30874  3.08976  3.13290  2.82612  5.39536  4.13312     35 p - - -
          2.68618  4.42225  2.77519  2.73123  3.46354  2.40513  3.72494  3.29354  2.67741  2.69355  4.24690  2.90347  2.73739  3.18146  2.89801  2.37887  2.77519  2.98518  4.58477  3.61503
          0.00854  5.16343  5.88578  0.61958  0.77255  0.67799  0.70854
     36   2.89597  4.45779  4.75641  4.16370  1.58572  4.17924  3.63748  2.85560  3.91805  2.52597  3.57586  4.24765  4.54384  4.16596  4.08609  3.27475  3.06269  2.37138  4.82649  1.45238     36 y - - -
          2.68618  4.42225  2.77519  2.73123  3.46354  2.40513  3.72494  3.29354  2.67741  2.69355  4.24690  2.90347  2.73739  3.18146  2.89801  2.37887  2.77519  2.98518  4.58477  3.61503
          0.00854  5.16343  5.88578  0.61958  0.77255  0.67799  0.70854
     37   2.94564  3.18007  4.97910  4.36412  2.55439  4.18025  4.51506  1.68339  4.14821  1.93309  3.42039  4.34496  4.54249  4.27779  4.15417  3.44996  3.20366  1.49631  4.63230  3.12150     37 v - - -
          2.68618  4.42225  2.77519  2.73123  3.46354  2.40513  3.72494  3.29354  2.67741  2.69355  4.24690  2.90347  2.73739  3.18146  2.89801  2.37887  2.77519  2.98518  4.58477  3.61503
          0.01718  5.16343  4.48184  0.61958  0.77255  0.64289  0.74607
     38   2.72319  4.26474  3.99624  3.48144  4.08401  0.68518  4.34260  3.70509  3.26230  3.32562  4.26266  3.81937  4.03874  3.75035  3.62521  3.10967  3.26847  3.28618  5.72114  4.48367     38 G - - -
          2.68618  4.42225  2.77519  2.73123  3.46354  2.40513  3.72494  3.29354  2.67741  2.69355  4.24690  2.90347  2.73739  3.18146  2.89801  2.37887  2.77519  2.98518  4.58477  3.61503
          0.00855  5.16152  5.88386  0.61958  0.77255  0.68322  0.70317
     39   2.70129  4.41030  4.88285  4.16406  3.22267  4.18952  4.52280  1.23066  3.91917  2.40725  3.38474  4.31578  3.83734  4.24172  4.13674  3.35276  2.84357  1.56027  5.04866  3.86922     39 i - - -
          2.68618  4.42225  2.77519  2.73123  3.46354  2.40513  3.72494  3.29354  2.67741  2.69355  4.24690  2.90347  2.73739  3.18146  2.89801  2.37887  2.77519  2.98518  4.58477  3.61503
          0.00855  5.16152  5.88386  0.61958  0.77255  0.68322  0.70317
     40   2.87486  4.31728  4.49799  4.02661  3.30997  3.95611  4.47598  1.90602  3.49534  1.70093  3.42174  4.26348  4.31442  4.18467  3.81513  3.45458  3.22725  1.28793  5.01451  3.83490     40 v - - -
          2.68618  4.42225  2.77519  2.73123  3.46354  2.40513  3.72494  3.29354  2.67741  2.69355  4.24690  2.90347  2.73739  3.18146  2.89801  2.37887  2.77519  2.98518  4.58477  3.61503
          0.00855  5.16152  5.88386  0.61958  0.77255  0.67489  0.71175
     41   2.92828  4.28124  4.38595  4.15907  2.30719  4.15992  4.34278  2.08283  4.10695  1.32368  3.02411  4.31315  4.52369  4.05443  4.12499  3.47005  2.95287  1.95336  4.99378  3.47241     41 l - - -
          2.68618  4.42225  2.77519  2.73123  3.46354  2.40513  3.72494  3.29354  2.67741  2.69355  4.24690  2.90347  2.73739  3.18146  2.89801  2.37887  2.77519  2.98518  4.58477  3.61503
          0.00854  5.16307  5.88541  0.61958  0.77255  0.67899  0.70751
     42   2.92379  5.15417  2.88754  1.85220  4.50968  3.44793  3.70579  3.57789  2.05967  3.25831  3.80418  2.63826  4.02712  2.66841  2.83803  2.40834  2.63788  3.02382  5.87665  4.25277     42 e - - -
          2.68618  4.42225  2.77519  2.73123  3.46354  2.40513  3.72494  3.29354  2.67741  2.69355  4.24690  2.90347  2.73739  3.18146  2.89801  2.37887  2.77519  2.98518  4.58477  3.61503
          0.00854  5.16307  5.88541  0.61958  0.77255  0.67899  0.70751
     43   2.95745  3.18236  4.59115  3.71347  3.29360  4.00742  4.17784  1.35062  3.22023  2.28290  3.10148  3.36227  4.49277  3.71297  3.96853  3.38637  3.06791  1.85105  5.02719  3.80461     43 i - - -
          2.68618  4.42225  2.77519  2.73123  3.46354  2.40513  3.72494  3.29354  2.67741  2.69355  4.24690  2.90347  2.73739  3.18146  2.89801  2.37887  2.77519  2.98518  4.58477  3.61503
          0.01209  5.16307  5.06849  0.61958  0.77255  0.67899  0.70751
     44   2.91776  5.17571  2.40939  2.25421  4.44416  2.66663  3.37472  4.28277  2.47729  3.75950  4.49658  1.47584  4.11541  2.86436  3.09375  2.78933  2.97707  3.75567  5.88900  4.42519     44 n - - -
          2.68618  4.42225  2.77519  2.73123  3.46354  2.40513  3.72494  3.29354  2.67741  2.69355  4.24690  2.90347  2.73739  3.18146  2.89801  2.37887  2.77519  2.98518  4.58477  3.61503
          0.00857  5.15955  5.88190  0.61958  0.77255  0.67350  0.71319
     45   2.89958  5.25436  2.25230  2.28298  4.67474  1.91778  3.71684  4.08010  2.44622  3.72610  4.36180  2.09024  4.02539  2.87617  3.02359  2.61989  2.92835  3.80291  5.44788  4.40174     45 g - - -
          2.68618  4.42225  2.77519  2.73123  3.46354  2.40513  3.72494  3.29354  2.67741  2.69355  4.24690  2.90347  2.73739  3.18146  2.89801  2.37887  2.77519  2.98518  4.58477  3.61503
          0.01140  5.16083  5.18449  0.61958  0.77255  0.64627  0.74233
     46   2.91334  3.55603  4.55883  4.03601  2.43689  4.12567  2.96848  2.02321  3.36802  2.10567  2.97768  3.72748  4.49230  3.35307  3.10860  3.33179  3.08074  2.27555  4.88453  2.43228     46 i - - -
          2.68618  4.42225  2.77519  2.73123  3.46354  2.40513  3.72494  3.29354  2.67741  2.69355  4.24690  2.90347  2.73739  3.18146  2.89801  2.37887  2.77519  2.98518  4.58477  3.61503
          0.00853  5.16455  5.88690  0.61958  0.77255  0.67069  0.71612
     47   2.90712  4.86354  2.39211  2.38635  4.60007  3.72231  3.54498  3.71881  1.76147  3.45044  4.04137  2.19493  3.82365  2.64532  2.92083  2.59409  2.96449  3.46559  5.88353  3.59872     47 k - - -
          2.68618  4.42225  2.77519  2.73123  3.46354  2.40513  3.72494  3.29354  2.67741  2.69355  4.24690  2.90347  2.73739  3.18146  2.89801  2.37887  2.77519  2.98518  4.58477  3.61503
          0.00853  5.16455  5.88690  0.61958  0.77255  0.67069  0.71612
     48   5.34618  6.17666  6.06240  6.06717  2.17067  5.72058  3.63367  4.90791  5.82664  4.00119  5.40293  4.68213  5.95910  5.40115  5.57420  5.13491  5.52512  4.86353  3.43035  0.29913     48 Y - - -
          2.68618  4.42225  2.77519  2.73123  3.46354  2.40513  3.72494  3.29354  2.67741  2.69355  4.24690  2.90347  2.73739  3.18146  2.89801  2.37887  2.77519  2.98518  4.58477  3.61503
          0.01032  5.16455  5.39207  0.61958  0.77255  0.67069  0.71612
     49   2.89529  2.87266  4.94786  4.33362  1.58663  3.90057  4.37839  2.47093  4.12123  2.12202  3.36741  4.32287  4.52804  4.25447  4.13358  3.47542  3.17270  2.10755  4.99284  2.11935     49 f - - -
          2.68618  4.42225  2.77519  2.73123  3.46354  2.40513  3.72494  3.29354  2.67741  2.69355  4.24690  2.90347  2.73739  3.18146  2.89801  2.37887  2.77519  2.98518  4.58477  3.61503
          0.01362  5.16428  4.85204  0.61958  0.77255  0.67559  0.71102
     50   1.49971  4.46703  4.24896  4.06954  3.58753  3.87569  4.49916  1.72300  3.92719  2.52018  3.55117  4.21288  4.53504  4.12432  4.05960  3.24583  2.92348  1.66209  5.11527  3.92823     50 a - - -
          2.68618  4.42225  2.77519  2.73123  3.46354  2.40513  3.72494  3.29354  2.67741  2.69355  4.24690  2.90347  2.73739  3.18146  2.89801  2.37887  2.77519  2.98518  4.58477  3.61503
          0.00857  5.15924  5.88158  0.61958  0.77255  0.68933  0.69698
     51   3.03564  5.25285  3.62671  3.41760  5.10315  3.65533  4.69145  4.54327  3.51543  3.76712  4.99684  3.67031  0.53352  3.10064  3.86726  3.06648  3.62810  4.07576  6.36437  5.08627     51 P - - -
          2.68618  4.42225  2.77519  2.73123  3.46354  2.40513  3.72494  3.29354  2.67741  2.69355  4.24690  2.90347  2.73739  3.18146  2.89801  2.37887  2.77519  2.98518  4.58477  3.61503
          0.00857  5.15924  5.88158  0.61958  0.77255  0.67080  0.71600
     52   4.20010  5.41844  6.19048  5.59912  2.82058  5.57252  5.87119  1.97305  5.45225  0.61540  2.67849  5.75100  5.62529  5.30853  5.37424  4.95414  4.40387  2.20150  5.89562  4.93672     52 L - - -
          2.68618  4.42225  2.77519  2.73123  3.46354  2.40513  3.72494  3.29354  2.67741  2.69355  4.24690  2.90347  2.73739  3.18146  2.89801  2.37887  2.77519  2.98518  4.58477  3.61503
          0.00986  5.16443  5.49699  0.61958  0.77255  0.67990  0.70657
     53   2.87587  4.86034  3.08530  2.55427  4.33743  3.47766  3.96231  3.96915  2.71820  3.47936  4.24613  3.07787  4.15430  3.09099  3.21240  1.22648  2.03449  3.55956  5.74370  4.12109     53 s - - -
          2.68618  4.42225  2.77519  2.73123  3.46354  2.40513  3.72494  3.29354  2.67741  2.69355  4.24690  2.90347  2.73739  3.18146  2.89801  2.37887  2.77519  2.98518  4.58477  3.61503
          0.00854  5.16311  5.88545  0.61958  0.77255  0.68352  0.70287
     54   3.23638  5.48756  3.35502  2.96361  4.87327  3.90938  2.75391  4.31265  2.79168  3.85903  4.67355  3.36005  4.37990  3.20810  3.21160  0.74173  3.26309  3.94176  6.02985  4.69659     54 s - - -
          2.68618  4.42225  2.77519  2.73123  3.46354  2.40513  3.72494  3.29354  2.67741  2.69355  4.24690  2.90347  2.73739  3.18146  2.89801  2.37887  2.77519  2.98518  4.58477  3.61503
          0.00854  5.16311  5.88545  0.61958  0.77255  0.67259  0.71414
     55   2.24404  5.19166  3.33359  2.65147  3.14235  3.50197  3.66388  3.77234  2.47956  3.35434  4.25925  3.17215  1.65874  2.85457  3.04420  2.89452  3.16465  3.47751  5.68687  2.84623     55 p - - -
          2.68618  4.42225  2.77519  2.73123  3.46354  2.40513  3.72494  3.29354  2.67741  2.69355  4.24690  2.90347  2.73739  3.18146  2.89801  2.37887  2.77519  2.98518  4.58477  3.61503
          0.00852  5.16514  5.88749  0.61958  0.77255  0.67796  0.70857
     56   2.93371  5.23923  2.91817  2.65207  4.74264  3.73173  3.84342  3.75032  1.05147  3.66597  4.30741  3.01288  3.83730  2.76655  3.04873  2.69695  2.90026  3.40944  5.85893  4.46039     56 k - - -
          2.68618  4.42225  2.77519  2.73123  3.46354  2.40513  3.72494  3.29354  2.67741  2.69355  4.24690  2.90347  2.73739  3.18146  2.89801  2.37887  2.77519  2.98518  4.58477  3.61503
          0.01999  5.16514  4.26280  0.61958  0.77255  0.67796  0.70857
     57   2.71054  5.13867  2.70952  1.82407  4.19788  3.62145  3.66143  3.94598  2.08258  3.45845  4.22844  2.85177  2.35356  2.76484  2.88904  2.68629  2.80970  3.65602  5.57453  4.35343     57 e - - -
          2.68618  4.42225  2.77519  2.73123  3.46354  2.40513  3.72494  3.29354  2.67741  2.69355  4.24690  2.90347  2.73739  3.18146  2.89801  2.37887  2.77519  2.98518  4.58477  3.61503
          0.00862  5.15377  5.87611  0.61958  0.77255  0.68574  0.70061
     58   2.81418  5.43972  3.15186  2.58643  4.61469  3.58315  3.69857  4.18172  1.16982  3.74147  4.41530  2.89861  4.07157  2.73473  2.58267  2.43563  2.94471  3.78871  5.35426  4.30200     58 k - - -
          2.68618  4.42225  2.77519  2.73123  3.46354  2.40513  3.72494  3.29354  2.67741  2.69355  4.24690  2.90347  2.73739  3.18146  2.89801  2.37887  2.77519  2.98518  4.58477  3.61503
          0.03078  5.15807  3.70664  0.61958  0.77255  0.66357  0.72363
     59   2.94781  5.11156  3.37197  2.69537  3.11946  3.72814  1.60605  3.70505  2.63585  3.27813  4.11118  3.07482  4.17632  2.47573  3.11480  2.86283  3.13279  3.38497  5.24518  2.40194     59 h - - -
          2.68618  4.42225  2.77519  2.73123  3.46354  2.40513  3.72494  3.29354  2.67741  2.69355  4.24690  2.90347  2.73739  3.18146  2.89801  2.37887  2.77519  2.98518  4.58477  3.61503
          0.14156  5.14097  2.07032  0.61958  0.77255  0.63467  0.75525
     60   2.72759  5.38880  2.68907  2.25273  4.54087  3.09282  3.70079  3.53056  1.66883  2.95512  4.29269  2.74494  4.05803  2.57926  2.63844  2.68637  3.07159  3.51674  5.82426  4.08648     60 k - - -
          2.68618  4.42225  2.77519  2.73123  3.46354  2.40513  3.72494  3.29354  2.67741  2.69355  4.24690  2.90347  2.73739  3.18146  2.89801  2.37887  2.77519  2.98518  4.58477  3.61503
          0.00974  5.03251  5.75486  0.61958  0.77255  0.92740  0.50349
     61   2.75731  5.37305  2.93036  2.51524  4.31391  3.39290  3.71196  3.87222  1.59065  3.32688  4.14207  2.55524  4.06502  2.82535  2.45113  2.48043  2.64901  3.43081  5.55071  3.97070     61 k - - -
          2.68618  4.42225  2.77519  2.73123  3.46354  2.40513  3.72494  3.29354  2.67741  2.69355  4.24690  2.90347  2.73739  3.18146  2.89801  2.37887  2.77519  2.98518  4.58477  3.61503
          0.03869  5.04126  3.45812  0.61958  0.77255  0.80877  0.58952
     62   2.92857  4.31368  4.62450  4.21498  3.14206  4.09057  4.26221  1.74293  3.70747  2.00525  1.72351  4.23092  4.25121  3.97897  3.76503  3.30780  3.16073  2.31313  3.18536  3.44290     62 m - - -
          2.68618  4.42225  2.77519  2.73123  3.46354  2.40513  3.72494  3.29354  2.67741  2.69355  4.24690  2.90347  2.73739  3.18146  2.89801  2.37887  2.77519  2.98518  4.58477  3.61503
          0.02554  5.04301  3.97594  0.61958  0.77255  0.44562  1.02283
     63   2.71958  5.28721  3.00328  2.44957  4.44965  3.61334  3.55066  4.12124  1.42845  3.75537  4.49172  2.81221  3.54797  2.78976  2.21723  2.50620  3.00012  3.84062  5.88414  3.89141     63 k - - -
          2.68618  4.42225  2.77519  2.73123  3.46354  2.40513  3.72494  3.29354  2.67741  2.69355  4.24690  2.90347  2.73739  3.18146  2.89801  2.37887  2.77519  2.98518  4.58477  3.61503
          0.00976  5.15608  5.53513  0.61958  0.77255  0.69306  0.69323
     64   2.76645  5.24444  2.24822  2.12864  4.52392  3.49334  3.80537  4.19837  2.19896  3.67391  4.39756  1.81965  3.67408  2.91704  3.03772  2.41243  2.77184  3.84277  5.88529  4.24883     64 n - - -
          2.68618  4.42225  2.77519  2.73123  3.46354  2.40513  3.72494  3.29354  2.67741  2.69355  4.24690  2.90347  2.73739  3.18146  2.89801  2.37887  2.77519  2.98518  4.58477  3.61503
          0.01193  5.15493  5.10149  0.61958  0.77255  0.69613  0.69018
     65   2.82292  5.44155  2.68572  2.63830  4.78225  3.01893  3.84673  4.02535  2.25288  3.66827  4.32945  2.10622  3.80183  2.46148  2.87606  1.94430  2.66271  3.22095  5.52398  4.27552     65 s - - -
          2.68618  4.42225  2.77519  2.73123  3.46354  2.40513  3.72494  3.29354  2.67741  2.69355  4.24690  2.90347  2.73739  3.18146  2.89801  2.37887  2.77519  2.98518  4.58477  3.61503
          0.16552  5.15164  1.91899  0.61958  0.77255  0.64776  0.74069
     66   2.57718  4.22196  3.40365  3.14016  3.74511  3.73778  4.07085  1.98652  2.82735  2.19444  3.30649  3.06199  3.65782  3.36349  3.31689  2.59385  2.67726  2.23486  5.19273  3.71340     66 i - - -
          2.68618  4.42225  2.77519  2.73123  3.46354  2.40513  3.72494  3.29354  2.67741  2.69355  4.24690  2.90347  2.73739  3.18146  2.89801  2.37887  2.77519  2.98518  4.58477  3.61503
          0.05198  5.00756  3.12436  0.61958  0.77255  0.82966  0.57305
     67   2.79649  5.35558  1.62630  2.39265  4.16400  3.53921  3.49285  3.98588  2.47570  3.33059  4.40012  2.93230  3.10182  2.91363  3.04951  2.54207  2.30664  3.68152  5.79706  4.26403     67 d - - -
          2.68618  4.42225  2.77519  2.73123  3.46354  2.40513  3.72494  3.29354  2.67741  2.69355  4.24690  2.90347  2.73739  3.18146  2.89801  2.37887  2.77519  2.98518  4.58477  3.61503
          0.01188  5.00841  5.27243  0.61958  0.77255  0.42940  1.05239
     68   2.84052  3.91887  4.57431  4.24401  1.62953  4.06875  3.75682  2.03425  3.91422  2.04088  3.30437  3.97204  4.18412  3.98754  3.78653  3.19684  2.63121  2.18225  4.72935  3.39808     68 f - - -
          2.68618  4.42225  2.77519  2.73123  3.46354  2.40513  3.72494  3.29354  2.67741  2.69355  4.24690  2.90347  2.73739  3.18146  2.89801  2.37887  2.77519  2.98518  4.58477  3.61503
          0.00855  5.16201  5.88435  0.61958  0.77255  0.67361  0.71308
     69   2.98863  4.31256  4.46311  3.89383  2.29236  4.13010  3.67125  1.56082  3.44441  2.17699  2.84652  4.03968  4.49627  3.83735  3.38333  3.12523  2.90567  2.29563  5.02145  2.84196     69 i - - -
          2.68618  4.42225  2.77519  2.73123  3.46354  2.40513  3.72494  3.29354  2.67741  2.69355  4.24690  2.90347  2.73739  3.18146  2.89801  2.37887  2.77519  2.98518  4.58477  3.61503
          0.00855  5.16201  5.88435  0.61958  0.77255  0.65169  0.73640
     70   2.89209  5.04979  3.26144  2.56191  4.12935  3.70192  3.59919  3.90727  1.29894  3.03118  4.03905  3.12730  3.88975  2.99152  2.07598  2.91576  3.12667  3.40039  5.78668  3.84678     70 k - - -
          2.68618  4.42225  2.77519  2.73123  3.46354  2.40513  3.72494  3.29354  2.67741  2.69355  4.24690  2.90347  2.73739  3.18146  2.89801  2.37887  2.77519  2.98518  4.58477  3.61503
          0.04950  5.16255  3.15671  0.61958  0.77255  0.65551  0.73226
     71   2.92089  4.38051  4.74504  4.18028  3.32994  4.16965  4.50339  1.08116  4.01089  2.01264  2.69060  4.31152  4.30180  4.23936  3.96581  3.44068  3.23269  2.06696  5.01323  3.75295     71 i - - -
          2.68618  4.42225  2.77519  2.73123  3.46354  2.40513  3.72494  3.29354  2.67741  2.69355  4.24690  2.90347  2.73739  3.18146  2.89801  2.37887  2.77519  2.98518  4.58477  3.61503
          0.02211  5.12325  4.14098  0.61958  0.77255  0.76403  0.62696
     72   2.82526  5.27419  2.73861  2.37944  3.02538  3.17976  3.20222  3.13948  2.20940  3.35071  4.17901  2.80870  3.79339  2.92462  2.95109  2.88033  2.75955  3.14507  5.03221  2.45022     72 k - - -
          2.68618  4.42225  2.77519  2.73123  3.46354  2.40513  3.72494  3.29354  2.67741  2.69355  4.24690  2.90347  2.73739  3.18146  2.89801  2.37887  2.77519  2.98518  4.58477  3.61503
          0.01517  5.10838  4.70982  0.61958  0.77255  0.77256  0.61958
     73   2.76352  5.42708  1.99286  1.95055  4.62391  2.90829  3.42584  3.75843  2.29902  3.62744  4.27569  2.45691  4.00221  2.89141  2.99240  2.52333  3.00767  3.42261  5.86073  4.00364     73 e - - -
          2.68618  4.42225  2.77519  2.73123  3.46354  2.40513  3.72494  3.29354  2.67741  2.69355  4.24690  2.90347  2.73739  3.18146  2.89801  2.37887  2.77519  2.98518  4.58477  3.61503
          0.41849  5.10480  1.09096  0.61958  0.77255  0.56501  0.84015
     74   2.79039  5.30680  2.37359  2.22702  4.64590  1.97869  3.56343  4.03764  2.36804  3.60950  4.34999  2.37076  3.80353  2.81137  2.91105  2.63063  2.82750  3.59734  5.74220  4.33198     74 g - - -
          2.68618  4.42225  2.77519  2.73123  3.46354  2.40513  3.72494  3.29354  2.67741  2.69355  4.24690  2.90347  2.73739  3.18146  2.89801  2.37887  2.77519  2.98518  4.58477  3.61503
          0.03333  4.77461  3.71550  0.61958  0.77255  0.70928  0.67727
     75   2.76282  5.13796  2.84892  2.09262  4.54190  3.44935  3.81908  4.07579  1.61890  3.51856  4.34058  2.52174  3.88375  2.74388  2.63318  2.51300  2.84135  3.41931  5.79622  4.17306     75 k - - -
          2.68618  4.42225  2.77519  2.73123  3.46354  2.40513  3.72494  3.29354  2.67741  2.69355  4.24690  2.90347  2.73739  3.18146  2.89801  2.37887  2.77519  2.98518  4.58477  3.61503
          0.37924  4.95512  1.17580  0.61958  0.77255  0.43481  1.04238
     76   2.77764  5.18995  2.75186  1.99745  4.66460  3.49452  3.06376  3.72432  1.75592  3.57063  4.27800  2.70398  3.85555  2.62517  2.59808  2.71422  2.93621  3.29765  5.75514  4.34550     76 k - - -
          2.68618  4.42225  2.77519  2.73123  3.46354  2.40513  3.72494  3.29354  2.67741  2.69355  4.24690  2.90347  2.73739  3.18146  2.89801  2.37887  2.77519  2.98518  4.58477  3.61503
          0.01172  4.84776  5.57011  0.61958  0.77255  1.06904  0.42059
     77   2.81010  4.32679  4.08605  3.36360  2.91025  3.86660  4.25377  1.95433  3.25812  1.60418  3.24960  3.67322  3.52685  3.46033  3.72749  3.04430  2.97526  2.19007  4.93797  3.28070     77 l - - -
          2.68618  4.42225  2.77519  2.73123  3.46354  2.40513  3.72494  3.29354  2.67741  2.69355  4.24690  2.90347  2.73739  3.18146  2.89801  2.37887  2.77519  2.98518  4.58477  3.61503
          0.01127  4.88693  5.60928  0.61958  0.77255  0.36483  1.18519
     78   2.88663  4.13416  4.89216  4.23092  3.07690  4.14754  4.47813  1.79900  2.87697  1.36826  3.24083  4.17808  4.51177  4.09074  4.03816  3.41210  3.15373  2.40254  3.91375  2.64953     78 l - - -
          2.68618  4.42225  2.77519  2.73123  3.46354  2.40513  3.72494  3.29354  2.67741  2.69355  4.24690  2.90347  2.73739  3.18146  2.89801  2.37887  2.77519  2.98518  4.58477  3.61503
          0.00865  5.14986  5.87221  0.61958  0.77255  0.68424  0.70214
     79   1.63517  4.07390  4.44828  4.54850  5.42726  0.77713  5.41249  4.89418  4.52618  4.56869  5.33970  4.35962  4.50962  4.73367  4.74391  1.76116  3.50499  4.14539  6.76279  5.63900     79 g - - -
          2.68618  4.42225  2.77519  2.73123  3.46354  2.40513  3.72494  3.29354  2.67741  2.69355  4.24690  2.90347  2.73739  3.18146  2.89801  2.37887  2.77519  2.98518  4.58477  3.61503
          0.02052  5.14822  4.23334  0.61958  0.77255  0.55999  0.84680
     80   2.13161  4.03344  4.38410  3.90043  3.37763  3.91359  4.40044  2.39898  3.01480  2.49984  3.01027  3.83015  4.46372  3.90908  3.75531  2.64194  2.40866  1.50457  5.06245  3.61027     80 v - - -
          2.68618  4.42225  2.77519  2.73123  3.46354  2.40513  3.72494  3.29354  2.67741  2.69355  4.24690  2.90347  2.73739  3.18146  2.89801  2.37887  2.77519  2.98518  4.58477  3.61503
          0.00850  5.16806  5.89040  0.61958  0.77255  0.64818  0.74023
     81   3.03251  4.03122  5.02570  4.41587  3.05869  4.24670  4.58273  1.41555  4.08228  1.26569  3.16071  4.40718  4.60133  4.33365  4.21612  3.49120  3.24374  2.18910  4.84160  3.89636     81 l - - -
          2.68618  4.42225  2.77519  2.73123  3.46354  2.40513  3.72494  3.29354  2.67741  2.69355  4.24690  2.90347  2.73739  3.18146  2.89801  2.37887  2.77519  2.98518  4.58477  3.61503
          0.00850  5.16806  5.89040  0.61958  0.77255  0.64818  0.74023
     82   2.88633  5.07175  2.62237  2.53172  4.62615  3.48811  3.33763  4.08994  2.30633  2.75763  3.86074  1.69678  4.11822  2.72650  2.24789  2.88248  3.14963  3.78089  5.87071  4.27162     82 n - - -
          2.68618  4.42225  2.77519  2.73123  3.46354  2.40513  3.72494  3.29354  2.67741  2.69355  4.24690  2.90347  2.73739  3.18146  2.89801  2.37887  2.77519  2.98518  4.58477  3.61503
          0.00848  5.17033  5.89267  0.61958  0.77255  0.62135  0.77051
     83   3.09961  4.12066  5.04769  4.43538  1.66335  4.27430  4.17201  1.77211  4.22598  1.35212  3.33513  4.43088  4.62530  4.34745  4.23577  3.58746  3.27666  2.59057  5.07088  3.61555     83 l - - -
          2.68618  4.42225  2.77519  2.73123  3.46354  2.40513  3.72494  3.29354  2.67741  2.69355  4.24690  2.90347  2.73739  3.18146  2.89801  2.37887  2.77519  2.98518  4.58477  3.61503
          0.00844  5.17532  5.89767  0.61958  0.77255  0.63386  0.75618
     84   2.82448  4.66852  3.24117  2.65457  4.70152  3.48736  3.82281  3.85561  2.30681  3.47687  4.43743  1.24153  4.13769  2.84896  2.94356  2.30102  3.17226  3.70129  5.83920  4.45012     84 n - - -
          2.68618  4.42225  2.77519  2.73123  3.46354  2.40513  3.72494  3.29354  2.67741  2.69355  4.24690  2.90347  2.73739  3.18146  2.89801  2.37887  2.77519  2.98518  4.58477  3.61503
          0.01102  5.17532  5.23907  0.61958  0.77255  0.63386  0.75618
     85   2.90102  4.28363  3.21174  2.81267  3.34185  3.80098  3.55911  3.76028  2.25157  3.04795  4.06923  1.38677  4.19018  3.16659  3.24954  2.86048  3.14958  3.44807  5.63219  2.65634     85 n - - -
          2.68618  4.42225  2.77519  2.73123  3.46354  2.40513  3.72494  3.29354  2.67741  2.69355  4.24690  2.90347  2.73739  3.18146  2.89801  2.37887  2.77519  2.98518  4.58477  3.61503
          0.00846  5.17276  5.89510  0.61958  0.77255  0.64124  0.74789
     86   3.22966  4.83374  4.73616  4.17207  3.86578  4.34413  4.71404  2.92134  3.53893  2.63586  0.60887  4.36470  4.75596  4.18673  3.75600  3.55630  3.58184  2.94497  5.47077  4.28455     86 M - - -
          2.68618  4.42225  2.77519  2.73123  3.46354  2.40513  3.72494  3.29354  2.67741  2.69355  4.24690  2.90347  2.73739  3.18146  2.89801  2.37887  2.77519  2.98518  4.58477  3.61503
          0.00826  5.19659  5.91894  0.61958  0.77255  0.58698  0.81194
     87   3.04884  4.31602  4.97003  4.36009  2.08844  4.21845  4.38459  1.00774  3.92595  2.27537  3.49436  4.14421  4.57962  4.29397  4.17905  3.52926  3.28117  2.33989  5.04433  3.65824     87 i - - -
          2.68618  4.42225  2.77519  2.73123  3.46354  2.40513  3.72494  3.29354  2.67741  2.69355  4.24690  2.90347  2.73739  3.18146  2.89801  2.37887  2.77519  2.98518  4.58477  3.61503
          0.00822  5.20170  5.92404  0.61958  0.77255  0.61144  0.78213
     88   3.30047  5.23217  4.29942  4.18817  5.33988  3.93707  5.23849  4.98372  4.03232  4.21411  5.49516  4.31414  0.31295  4.54618  3.86722  3.23564  3.81877  4.36972  6.65866  5.39359     88 P - - -
          2.68618  4.42225  2.77519  2.73123  3.46354  2.40513  3.72494  3.29354  2.67741  2.69355  4.24690  2.90347  2.73739  3.18146  2.89801  2.37887  2.77519  2.98518  4.58477  3.61503
          0.01421  5.20170  4.75617  0.61958  0.77255  0.61144  0.78213
     89   2.56135  4.27231  4.76227  4.37131  3.49480  4.28661  4.16371  1.96109  4.18610  2.48710  3.60731  4.41361  4.64546  4.34357  4.23871  3.59848  3.27127  0.86519  5.15337  3.88140     89 v - - -
          2.68618  4.42225  2.77519  2.73123  3.46354  2.40513  3.72494  3.29354  2.67741  2.69355  4.24690  2.90347  2.73739  3.18146  2.89801  2.37887  2.77519  2.98518  4.58477  3.61503
          0.02421  5.19575  3.99648  0.61958  0.77255  0.59549  0.80139
     90   2.83095  4.85678  2.83228  2.52259  4.22373  3.66557  3.61927  3.28090  2.49469  2.88208  4.28985  3.00058  1.59375  3.05140  2.98125  2.76601  2.79962  3.22160  5.76243  3.93537     90 p - - -
          2.68618  4.42225  2.77519  2.73123  3.46354  2.40513  3.72494  3.29354  2.67741  2.69355  4.24690  2.90347  2.73739  3.18146  2.89801  2.37887  2.77519  2.98518  4.58477  3.61503
          0.00834  5.18619  5.90853  0.61958  0.77255  0.64210  0.74694
     91   2.74952  5.46784  1.94304  1.89241  4.58881  3.53813  3.68704  3.92571  2.13204  3.40158  4.29330  2.59787  3.39544  2.79551  2.99493  2.58884  3.05070  3.59354  5.90075  4.10375     91 e - - -
          2.68618  4.42225  2.77519  2.73123  3.46354  2.40513  3.72494  3.29354  2.67741  2.69355  4.24690  2.90347  2.73739  3.18146  2.89801  2.37887  2.77519  2.98518  4.58477  3.61503
          0.01143  5.18894  5.15257  0.61958  0.77255  0.64928  0.73903
     92   2.63102  4.52821  2.67417  2.09622  4.47183  2.71785  3.68282  4.00623  2.18214  3.61086  4.39051  2.55836  3.92707  2.77660  2.91548  1.94389  2.97634  3.65816  5.89828  4.13001     92 s - - -
          2.68618  4.42225  2.77519  2.73123  3.46354  2.40513  3.72494  3.29354  2.67741  2.69355  4.24690  2.90347  2.73739  3.18146  2.89801  2.37887  2.77519  2.98518  4.58477  3.61503
          0.01009  5.18728  5.41505  0.61958  0.77255  0.64308  0.74585
     93   2.50980  2.79627  3.65816  2.07080  3.27809  3.95960  3.95896  3.04601  3.03325  2.34935  3.63969  3.39698  4.33929  2.67917  3.59266  3.00829  3.14743  2.17131  4.92148  2.87812     93 e - - -
          2.68618  4.42225  2.77519  2.73123  3.46354  2.40513  3.72494  3.29354  2.67741  2.69355  4.24690  2.90347  2.73739  3.18146  2.89801  2.37887  2.77519  2.98518  4.58477  3.61503
          0.00833  5.18829  5.91063  0.61958  0.77255  0.65525  0.73254
     94   2.78880  3.65724  4.96013  4.34548  2.99683  4.17447  4.42814  1.66466  3.99517  1.53026  3.31207  4.21930  4.53820  4.19275  3.80586  3.48537  3.19333  2.07379  5.00408  2.43000     94 l - - -
          2.68618  4.42225  2.77519  2.73123  3.46354  2.40513  3.72494  3.29354  2.67741  2.69355  4.24690  2.90347  2.73739  3.18146  2.89801  2.37887  2.77519  2.98518  4.58477  3.61503
          0.00833  5.18829  5.91063  0.61958  0.77255  0.64570  0.74296
     95   2.90584  5.14727  3.05061  2.19672  4.13680  3.74473  3.45506  2.86932  2.02129  3.14747  4.34025  2.96398  4.13753  2.63095  2.82166  2.30527  2.27345  3.22683  5.85298  3.90054     95 k - - -
          2.68618  4.42225  2.77519  2.73123  3.46354  2.40513  3.72494  3.29354  2.67741  2.69355  4.24690  2.90347  2.73739  3.18146  2.89801  2.37887  2.77519  2.98518  4.58477  3.61503
          0.01463  5.19002  4.71620  0.61958  0.77255  0.62726  0.76368
     96   2.86689  5.20033  3.11814  2.05354  4.03498  3.75221  3.51088  3.53217  1.99973  2.41008  3.88024  2.96728  2.91774  2.81501  2.67715  2.75805  3.02490  3.33847  5.14949  3.45563     96 k - - -
          2.68618  4.42225  2.77519  2.73123  3.46354  2.40513  3.72494  3.29354  2.67741  2.69355  4.24690  2.90347  2.73739  3.18146  2.89801  2.37887  2.77519  2.98518  4.58477  3.61503
          0.01125  5.18797  5.18363  0.61958  0.77255  0.65616  0.73156
     97   2.94084  4.30557  4.95627  4.34176  2.59029  4.03369  4.50540  1.61441  3.33990  1.71974  3.14832  4.33105  4.53624  4.26262  3.80679  3.48330  3.23657  1.86749  4.38171  2.87884     97 i - - -
          2.68618  4.42225  2.77519  2.73123  3.46354  2.40513  3.72494  3.29354  2.67741  2.69355  4.24690  2.90347  2.73739  3.18146  2.89801  2.37887  2.77519  2.98518  4.58477  3.61503
          0.01449  5.18507  4.73466  0.61958  0.77255  0.65420  0.73368
     98   2.92751  5.29052  1.43095  2.35235  4.63060  3.73076  3.64397  3.58408  2.38848  3.71849  4.49053  2.23515  4.01584  2.92370  3.01461  2.79382  2.99502  3.34589  5.88496  4.18120     98 d - - -
          2.68618  4.42225  2.77519  2.73123  3.46354  2.40513  3.72494  3.29354  2.67741  2.69355  4.24690  2.90347  2.73739  3.18146  2.89801  2.37887  2.77519  2.98518  4.58477  3.61503
          0.00840  5.17938  5.90172  0.61958  0.77255  0.64337  0.74553
     99   2.92457  4.38306  4.94070  4.32725  2.10495  4.17060  4.36151  1.52109  3.89168  1.81849  3.04850  4.23139  3.85323  4.25447  4.13591  3.41996  2.84731  2.33073  5.00447  2.91405     99 i - - -
          2.68618  4.42225  2.77519  2.73123  3.46354  2.40513  3.72494  3.29354  2.67741  2.69355  4.24690  2.90347  2.73739  3.18146  2.89801  2.37887  2.77519  2.98518  4.58477  3.61503
          0.01269  5.18546  4.96016  0.61958  0.77255  0.65912  0.72837
    100   2.71933  5.46443  2.36079  2.23865  4.39715  3.63304  3.83771  4.05532  2.01810  3.56007  4.45662  2.12171  3.87900  2.82819  2.70053  2.19750  2.80091  3.66139  5.89709  4.48612    100 k - - -
          2.68618  4.42225  2.77519  2.73123  3.46354  2.40513  3.72494  3.29354  2.67741  2.69355  4.24690  2.90347  2.73739  3.18146  2.89801  2.37887  2.77519  2.98518  4.58477  3.61503
          0.06266  5.17941  2.89848  0.61958  0.77255  0.64789  0.74055
    101   2.58551  5.23043  2.63949  2.28558  4.78093  3.38123  3.70092  3.85029  2.12837  3.40533  4.11863  2.15750  3.63559  2.78425  2.91053  2.27593  2.49526  3.56057  5.87152  4.22019    101 k - - -
          2.68618  4.42225  2.77519  2.73123  3.46354  2.40513  3.72494  3.29354  2.67741  2.69355  4.24690  2.90347  2.73739  3.18146  2.89801  2.37887  2.77519  2.98518  4.58477  3.61503
          0.06272  5.13016  2.90263  0.61958  0.77255  0.72319  0.66398
    102   2.75650  4.88966  3.05869  1.95009  3.96174  3.69734  3.70091  2.14012  2.53422  2.66479  3.79662  3.13884  3.50501  2.76780  3.02889  2.79576  3.00035  2.82009  5.61357  3.74775    102 e - - -
          2.68618  4.42225  2.77519  2.73123  3.46354  2.40513  3.72494  3.29354  2.67741  2.69355  4.24690  2.90347  2.73739  3.18146  2.89801  2.37887  2.77519  2.98518  4.58477  3.61503
          0.10945  5.09535  2.32743  0.61958  0.77255  0.51906  0.90407
    103   2.65738  5.05710  2.79698  1.87105  4.35590  3.42080  3.68315  3.62820  2.09510  3.46177  4.25281  2.77836  3.22939  2.54153  2.93446  2.38955  2.66284  3.62811  5.85114  4.00757    103 e - - -
          2.68618  4.42225  2.77519  2.73123  3.46354  2.40513  3.72494  3.29354  2.67741  2.69355  4.24690  2.90347  2.73739  3.18146  2.89801  2.37887  2.77519  2.98518  4.58477  3.61503
          0.00921  5.08738  5.80973  0.61958  0.77255  0.57589  0.82600
    104   2.84420  4.91654  1.48828  2.17465  4.78970  3.44967  3.90807  3.54487  2.32026  3.59001  4.48972  2.60830  3.90615  2.82283  3.02180  2.66341  2.86191  3.64938  5.88288  4.47400    104 d - - -
          2.68618  4.42225  2.77519  2.73123  3.46354  2.40513  3.72494  3.29354  2.67741  2.69355  4.24690  2.90347  2.73739  3.18146  2.89801  2.37887  2.77519  2.98518  4.58477  3.61503
          0.01658  5.16059  4.53710  0.61958  0.77255  0.69002  0.69628
    105   2.66998  5.25341  2.98617  2.07866  4.11146  3.69086  3.78152  3.14637  2.03466  3.11600  4.40058  2.84709  3.12362  2.58924  2.54962  2.52402  2.76288  3.28744  5.86734  4.08308    105 k - - -
          2.68618  4.42225  2.77519  2.73123  3.46354  2.40513  3.72494  3.29354  2.67741  2.69355  4.24690  2.90347  2.73739  3.18146  2.89801  2.37887  2.77519  2.98518  4.58477  3.61503
          0.01892  5.15618  4.34442  0.61958  0.77255  0.57525  0.82682
    106   2.56999  5.46281  2.81768  2.50993  4.58271  3.49495  3.28333  3.99131  1.49741  3.67231  4.34349  2.53301  3.78819  2.54208  2.65365  2.62268  2.92056  3.79446  5.89562  4.09711    106 k - - -
          2.68618  4.42225  2.77519  2.73123  3.46354  2.40513  3.72494  3.29354  2.67741  2.69355  4.24690  2.90347  2.73739  3.18146  2.89801  2.37887  2.77519  2.98518  4.58477  3.61503
          0.00842  5.17718  5.89952  0.61958  0.77255  0.67445  0.71220
    107   2.90812  4.94674  3.42293  2.93066  3.89677  3.86423  3.77140  3.44975  2.73193  3.09809  4.03471  3.35395  3.99187  3.14954  2.89088  3.00776  3.20596  3.15105  4.85668  1.09052    107 y - - -
          2.68618  4.42225  2.77519  2.73123  3.46354  2.40513  3.72494  3.29354  2.67741  2.69355  4.24690  2.90347  2.73739  3.18146  2.89801  2.37887  2.77519  2.98518  4.58477  3.61503
          0.01139  5.17718  5.17097  0.61958  0.77255  0.66127  0.72607
    108   2.73129  5.15639  3.28123  2.66576  4.02114  3.48131  3.80367  2.98930  1.39682  3.43964  4.31104  3.16384  4.15177  2.70530  2.17526  2.72872  3.06677  3.46025  5.12769  3.90554    108 k - - -
          2.68618  4.42225  2.77519  2.73123  3.46354  2.40513  3.72494  3.29354  2.67741  2.69355  4.24690  2.90347  2.73739  3.18146  2.89801  2.37887  2.77519  2.98518  4.58477  3.61503
          0.01811  5.17666  4.39847  0.61958  0.77255  0.64395  0.74489
    109   2.63907  5.43432  2.34371  2.35025  3.81770  3.46310  3.74523  3.37381  2.36481  3.27269  4.08333  2.29244  4.12271  2.68253  2.45365  2.54391  2.89276  3.23170  5.87397  3.68505    109 n - - -
          2.68618  4.42225  2.77519  2.73123  3.46354  2.40513  3.72494  3.29354  2.67741  2.69355  4.24690  2.90347  2.73739  3.18146  2.89801  2.37887  2.77519  2.98518  4.58477  3.61503
          0.01305  5.17303  4.91950  0.61958  0.77255  0.63280  0.75738
    110   2.99976  4.41344  4.50641  4.13431  3.27883  4.14210  4.13426  2.60255  3.73218  0.84304  2.89172  4.22597  4.19960  4.04116  3.81675  3.34809  3.19223  2.58950  5.03089  3.48859    110 l - - -
          2.68618  4.42225  2.77519  2.73123  3.46354  2.40513  3.72494  3.29354  2.67741  2.69355  4.24690  2.90347  2.73739  3.18146  2.89801  2.37887  2.77519  2.98518  4.58477  3.61503
          0.00840  5.17975  5.90209  0.61958  0.77255  0.66202  0.72528
    111   2.91690  3.14370  4.95372  4.15653  3.07449  4.17367  4.50650  2.37321  4.12799  1.01720  2.83770  4.33094  4.30677  4.26199  3.99645  3.29038  3.15249  2.22315  4.87453  3.77445    111 l - - -
          2.68618  4.42225  2.77519  2.73123  3.46354  2.40513  3.72494  3.29354  2.67741  2.69355  4.24690  2.90347  2.73739  3.18146  2.89801  2.37887  2.77519  2.98518  4.58477  3.61503
          0.00836  5.18388  5.90623  0.61958  0.77255  0.66628  0.72075
    112   2.66907  5.38701  3.00250  2.36003  4.01381  3.70507  3.75306  2.90916  2.29799  2.94939  3.61743  2.37058  4.02003  2.29730  2.61057  2.60621  2.95999  3.34896  5.83950  3.42198    112 q - - -
          2.68618  4.42225  2.77519  2.73123  3.46354  2.40513  3.72494  3.29354  2.67741  2.69355  4.24690  2.90347  2.73739  3.18146  2.89801  2.37887  2.77519  2.98518  4.58477  3.61503
          0.01339  5.18201  4.86915  0.61958  0.77255  0.65119  0.73694
    113   2.62908  5.10671  2.69174  2.48897  4.58891  3.66886  3.70722  3.77005  1.42465  3.45785  4.37493  2.28103  4.12247  2.75165  2.75475  2.70699  3.04076  3.76888  5.89159  4.08112    113 k - - -
          2.68618  4.42225  2.77519  2.73123  3.46354  2.40513  3.72494  3.29354  2.67741  2.69355  4.24690  2.90347  2.73739  3.18146  2.89801  2.37887  2.77519  2.98518  4.58477  3.61503
          0.01705  5.17982  4.48507  0.61958  0.77255  0.64925  0.73907
    114   2.97295  5.21742  3.23713  1.23944  4.54072  3.75026  3.93702  4.09196  2.57793  3.62413  4.33219  3.17978  4.02441  1.66508  3.11005  2.91017  3.20336  3.65325  5.86716  4.47419    114 e - - -
          2.68618  4.42225  2.77519  2.73123  3.46354  2.40513  3.72494  3.29354  2.67741  2.69355  4.24690  2.90347  2.73739  3.18146  2.89801  2.37887  2.77519  2.98518  4.58477  3.61503
          0.00843  5.17555  5.89790  0.61958  0.77255  0.68431  0.70206
    115   2.78227  4.30917  4.33907  3.82517  3.24328  4.12048  3.77790  2.26241  3.50912  1.52462  3.18446  3.95109  4.48784  3.42607  3.60044  3.05546  3.16265  2.49287  4.03811  1.97687    115 l - - -
          2.68618  4.42225  2.77519  2.73123  3.46354  2.40513  3.72494  3.29354  2.67741  2.69355  4.24690  2.90347  2.73739  3.18146  2.89801  2.37887  2.77519  2.98518  4.58477  3.61503
          0.01521  5.17198  4.66481  0.61958  0.77255  0.67819  0.70833
    116   2.57880  5.44795  2.68909  2.22477  4.17738  3.67190  3.53604  3.22995  2.10152  3.18112  4.24121  2.56581  4.11679  2.59474  2.24825  2.56006  2.85644  3.64110  5.88333  3.96564    116 k - - -
          2.68618  4.42225  2.77519  2.73123  3.46354  2.40513  3.72494  3.29354  2.67741  2.69355  4.24690  2.90347  2.73739  3.18146  2.89801  2.37887  2.77519  2.98518  4.58477  3.61503
          0.01054  5.16643  5.34298  0.61958  0.77255  0.68252  0.70389
    117   2.74400  4.16503  4.66567  3.44980  1.65922  4.00926  4.33324  2.46877  3.81262  2.45702  3.48294  4.06182  4.50535  3.97415  4.06337  3.22745  3.22446  2.45532  2.30985  2.24956    117 f - - -
          2.68618  4.42225  2.77519  2.73123  3.46354  2.40513  3.72494  3.29354  2.67741  2.69355  4.24690  2.90347  2.73739  3.18146  2.89801  2.37887  2.77519  2.98518  4.58477  3.61503
          0.02438  5.16756  3.99637  0.61958  0.77255  0.52784  0.89131
    118   3.47200  1.54000  5.46517  4.88247  3.52045  4.75594  5.14118  1.15808  4.70551  1.95809  3.41400  4.91595  5.05897  4.82411  4.73058  4.09268  3.70715  2.19019  5.55438  4.26867    118 i - - -
          2.68618  4.42225  2.77519  2.73123  3.46354  2.40513  3.72494  3.29354  2.67741  2.69355  4.24690  2.90347  2.73739  3.18146  2.89801  2.37887  2.77519  2.98518  4.58477  3.61503
          0.00837  5.18365  5.90599  0.61958  0.77255  0.64579  0.74286
    119   2.91882  5.43759  3.05268  2.55636  4.62086  3.70768  3.73779  3.72917  1.90408  3.28692  3.89694  1.98317  4.12575  2.62871  1.96392  2.71726  3.08643  3.51210  5.46559  4.13800    119 k - - -
          2.68618  4.42225  2.77519  2.73123  3.46354  2.40513  3.72494  3.29354  2.67741  2.69355  4.24690  2.90347  2.73739  3.18146  2.89801  2.37887  2.77519  2.98518  4.58477  3.61503
          0.03198  5.17931  3.65567  0.61958  0.77255  0.61120  0.78241
    120   2.58097  5.45543  2.75541  2.25958  4.45280  3.50083  3.55601  4.01007  1.62452  3.49604  4.49606  2.78909  3.89210  2.61717  2.57066  2.28451  2.96014  3.69817  5.88804  4.38044    120 k - - -
          2.68618  4.42225  2.77519  2.73123  3.46354  2.40513  3.72494  3.29354  2.67741  2.69355  4.24690  2.90347  2.73739  3.18146  2.89801  2.37887  2.77519  2.98518  4.58477  3.61503
          0.04947  5.15931  3.15777  0.61958  0.77255  0.61737  0.77514
    121   2.92297  5.28334  2.91006  2.65463  3.94266  3.73861  2.51965  3.00122  2.27203  3.22794  3.98666  1.55846  4.13031  2.92114  3.11123  2.90669  3.11136  3.40851  5.75516  3.85174    121 n - - -
          2.68618  4.42225  2.77519  2.73123  3.46354  2.40513  3.72494  3.29354  2.67741  2.69355  4.24690  2.90347  2.73739  3.18146  2.89801  2.37887  2.77519  2.98518  4.58477  3.61503
          0.03056  5.13381  3.72121  0.61958  0.77255  0.74869  0.64052
    122   2.45543  5.06337  3.04287  2.13822  4.40761  3.49318  3.53866  3.32085  1.85025  3.20917  4.31313  3.05285  4.09899  2.36734  2.61580  2.51801  3.00955  3.36151  4.69389  3.95683    122 k - - -
          2.68618  4.42225  2.77519  2.73123  3.46354  2.40513  3.72494  3.29354  2.67741  2.69355  4.24690  2.90347  2.73739  3.18146  2.89801  2.37887  2.77519  2.98518  4.58477  3.61503
          0.00897  5.11409  5.83644  0.61958  0.77255  0.78281  0.61087
    123   2.67783  5.43592  2.01139  1.80984  4.78058  3.52478  3.73729  4.02010  2.24209  3.62508  4.14817  2.75020  3.98598  2.70710  2.89289  2.45628  2.78194  3.51407  5.86885  4.12009    123 e - - -
          2.68618  4.42225  2.77519  2.73123  3.46354  2.40513  3.72494  3.29354  2.67741  2.69355  4.24690  2.90347  2.73739  3.18146  2.89801  2.37887  2.77519  2.98518  4.58477  3.61503
          0.01668  5.11844  4.55145  0.61958  0.77255  0.47988  0.96458
    124   2.63739  5.30108  2.57155  2.08670  4.62067  3.52936  3.66023  3.45261  1.90373  3.19422  4.07242  2.75436  4.00093  2.66053  2.37972  2.80996  2.73854  3.45428  5.54562  4.23200    124 k - - -
          2.68618  4.42225  2.77519  2.73123  3.46354  2.40513  3.72494  3.29354  2.67741  2.69355  4.24690  2.90347  2.73739  3.18146  2.89801  2.37887  2.77519  2.98518  4.58477  3.61503
          0.00839  5.18060  5.90294  0.61958  0.77255  0.62083  0.77110
    125   3.63533  4.99692  5.76649  5.23719  4.01743  5.18727  5.68790  0.56081  5.11237  2.04249  3.96263  4.99319  5.44341  5.27904  5.19576  4.56342  3.99223  1.94585  6.05336  4.59393    125 I - - -
          2.68618  4.42225  2.77519  2.73123  3.46354  2.40513  3.72494  3.29354  2.67741  2.69355  4.24690  2.90347  2.73739  3.18146  2.89801  2.37887  2.77519  2.98518  4.58477  3.61503
          0.01006  5.18284  5.42771  0.61958  0.77255  0.59087  0.80709
    126   2.72937  4.17100  3.52293  2.40432  3.60295  3.75480  3.65807  2.38560  2.28475  2.28788  3.68757  3.17553  4.14395  2.60275  2.88051  2.86202  2.79506  2.76650  5.48177  3.52106    126 k - - -
          2.68618  4.42225  2.77519  2.73123  3.46354  2.40513  3.72494  3.29354  2.67741  2.69355  4.24690  2.90347  2.73739  3.18146  2.89801  2.37887  2.77519  2.98518  4.58477  3.61503
          0.02094  5.17923  4.19355  0.61958  0.77255  0.60363  0.79147
    127   2.73970  5.44289  2.93526  2.26052  4.59073  3.56122  3.57351  4.16355  1.55948  3.54676  4.49399  2.26585  4.11151  2.71388  2.56975  2.45477  2.88389  3.84728  5.86628  4.39468    127 k - - -
          2.68618  4.42225  2.77519  2.73123  3.46354  2.40513  3.72494  3.29354  2.67741  2.69355  4.24690  2.90347  2.73739  3.18146  2.89801  2.37887  2.77519  2.98518  4.58477  3.61503
          0.00850  5.16833  5.89068  0.61958  0.77255  0.64364  0.74523
    128   2.83985  5.40792  3.06084  2.65565  4.30738  3.72598  3.60975  3.69282  1.41858  3.29451  4.07091  2.43597  3.94535  2.81015  2.36981  2.64949  2.79958  3.74144  5.84045  4.16322    128 k - - -
          2.68618  4.42225  2.77519  2.73123  3.46354  2.40513  3.72494  3.29354  2.67741  2.69355  4.24690  2.90347  2.73739  3.18146  2.89801  2.37887  2.77519  2.98518  4.58477  3.61503
          0.01104  5.16833  5.24328  0.61958  0.77255  0.64364  0.74523
    129   0.91516  4.00227  4.29472  3.71838  3.41241  4.00338  4.35709  2.89115  3.48366  2.60601  3.41840  3.98121  4.42861  3.86577  3.85162  2.77263  3.05976  2.54298  5.11602  3.92645    129 a - - -
          2.68618  4.42225  2.77519  2.73123  3.46354  2.40513  3.72494  3.29354  2.67741  2.69355  4.24690  2.90347  2.73739  3.18146  2.89801  2.37887  2.77519  2.98518  4.58477  3.61503
          0.01012  5.16581  5.43404  0.61958  0.77255  0.65079  0.73738
    130   2.77922  5.42786  3.10212  2.01665  4.56292  3.59767  3.75248  3.52883  1.92061  3.14167  4.18133  2.23059  4.11169  2.55196  2.72403  2.57872  2.66949  3.57177  5.85473  4.11497    130 k - - -
          2.68618  4.42225  2.77519  2.73123  3.46354  2.40513  3.72494  3.29354  2.67741  2.69355  4.24690  2.90347  2.73739  3.18146  2.89801  2.37887  2.77519  2.98518  4.58477  3.61503
          0.01448  5.16421  4.74892  0.61958  0.77255  0.63273  0.75745
    131   2.77008  4.90380  3.10143  2.51174  4.66816  3.56916  3.78841  3.06549  1.55804  3.12493  4.03493  2.75517  3.90789  2.86247  2.48425  2.67023  2.84170  2.92923  5.79777  4.09987    131 k - - -
          2.68618  4.42225  2.77519  2.73123  3.46354  2.40513  3.72494  3.29354  2.67741  2.69355  4.24690  2.90347  2.73739  3.18146  2.89801  2.37887  2.77519  2.98518  4.58477  3.61503
          0.01060  5.16255  5.33524  0.61958  0.77255  0.63674  0.75293
    132   2.95256  4.38351  4.92916  4.32246  3.13424  4.17475  4.33100  1.86402  4.11707  1.21432  3.27545  4.32461  4.53417  4.25308  3.93139  3.48799  2.61653  1.93363  5.00086  3.73344    132 l - - -
          2.68618  4.42225  2.77519  2.73123  3.46354  2.40513  3.72494  3.29354  2.67741  2.69355  4.24690  2.90347  2.73739  3.18146  2.89801  2.37887  2.77519  2.98518  4.58477  3.61503
          0.00852  5.16486  5.88721  0.61958  0.77255  0.65346  0.73447
    133   3.17997  4.73044  4.31214  3.74952  3.02735  4.19524  3.17070  3.08259  3.62942  2.73794  3.84998  4.02754  4.55980  3.62139  3.04390  3.47165  3.40903  2.84672  4.93615  0.87519    133 y - - -
          2.68618  4.42225  2.77519  2.73123  3.46354  2.40513  3.72494  3.29354  2.67741  2.69355  4.24690  2.90347  2.73739  3.18146  2.89801  2.37887  2.77519  2.98518  4.58477  3.61503
          0.01281  5.16302  4.96096  0.61958  0.77255  0.65346  0.73447
    134   2.86559  4.95591  2.59289  2.11313  4.57014  3.54697  3.48398  3.79178  1.91415  3.47589  4.32579  2.26140  4.10716  2.52488  2.64182  2.51266  2.84526  3.68056  5.86094  4.06713    134 k - - -
          2.68618  4.42225  2.77519  2.73123  3.46354  2.40513  3.72494  3.29354  2.67741  2.69355  4.24690  2.90347  2.73739  3.18146  2.89801  2.37887  2.77519  2.98518  4.58477  3.61503
          0.00858  5.15878  5.88113  0.61958  0.77255  0.66525  0.72184
    135   2.70772  4.86655  3.15194  2.62265  3.97376  3.68499  3.35502  2.69323  2.05244  2.16860  3.09689  2.90230  4.16823  2.58843  2.84687  2.78129  3.00298  3.32754  5.33697  3.91284    135 k - - -
          2.68618  4.42225  2.77519  2.73123  3.46354  2.40513  3.72494  3.29354  2.67741  2.69355  4.24690  2.90347  2.73739  3.18146  2.89801  2.37887  2.77519  2.98518  4.58477  3.61503
          0.01187  5.15878  5.10710  0.61958  0.77255  0.66525  0.72184
    136   2.70934  3.80741  3.85829  3.29163  3.51189  3.45884  3.91947  2.37540  2.04753  2.77820  3.70956  3.57435  4.32692  2.75442  3.01431  3.06914  3.02233  1.85424  5.25272  2.95331    136 v - - -
          2.68618  4.42225  2.77519  2.73123  3.46354  2.40513  3.72494  3.29354  2.67741  2.69355  4.24690  2.90347  2.73739  3.18146  2.89801  2.37887  2.77519  2.98518  4.58477  3.61503
          0.01018  5.15551  5.43580  0.61958  0.77255  0.65664  0.73104
    137   2.79806  3.41909  3.99377  3.42277  3.35875  3.88253  4.17090  2.04512  2.64886  2.28454  2.97571  2.98516  4.39932  3.40043  3.49870  2.91562  2.28652  2.26135  5.13122  3.23882    137 i - - -
          2.68618  4.42225  2.77519  2.73123  3.46354  2.40513  3.72494  3.29354  2.67741  2.69355  4.24690  2.90347  2.73739  3.18146  2.89801  2.37887  2.77519  2.98518  4.58477  3.61503
          0.01489  5.15631  4.70876  0.61958  0.77255  0.66114  0.72622
    138   2.74922  5.08631  2.70143  2.23586  4.64402  3.36668  3.48785  3.82664  2.06300  3.31836  4.08633  2.19480  4.10588  2.69494  2.74070  2.25413  2.74859  3.42677  5.86201  4.19795    138 k - - -
          2.68618  4.42225  2.77519  2.73123  3.46354  2.40513  3.72494  3.29354  2.67741  2.69355  4.24690  2.90347  2.73739  3.18146  2.89801  2.37887  2.77519  2.98518  4.58477  3.61503
          0.01578  5.15164  4.61910  0.61958  0.77255  0.68214  0.70428
    139   2.81341  5.43385  2.67914  2.36301  4.32392  2.40453  3.52843  3.96674  1.98213  3.69917  4.48231  2.14142  3.69067  2.83573  2.95327  2.63061  2.57539  3.70040  5.86058  4.00654    139 k - - -
          2.68618  4.42225  2.77519  2.73123  3.46354  2.40513  3.72494  3.29354  2.67741  2.69355  4.24690  2.90347  2.73739  3.18146  2.89801  2.37887  2.77519  2.98518  4.58477  3.61503
          0.06777  5.14456  2.81848  0.61958  0.77255  0.66593  0.72112
    140   2.79362  5.26268  2.50571  2.20337  4.55114  2.72748  3.72890  4.07225  1.79969  3.60103  4.07848  2.74880  3.01635  2.87980  2.71375  2.63644  2.92113  3.53301  5.83738  3.81877    140 k - - -
          2.68618  4.42225  2.77519  2.73123  3.46354  2.40513  3.72494  3.29354  2.67741  2.69355  4.24690  2.90347  2.73739  3.18146  2.89801  2.37887  2.77519  2.98518  4.58477  3.61503
          0.17248  5.09313  1.88198  0.61958  0.77255  0.64378  0.74508
    141   2.64923  5.36700  2.37187  2.38142  4.61194  3.60378  3.35648  3.95407  2.19029  3.52088  4.03898  2.07547  3.43538  2.62962  2.94160  2.33741  2.93371  3.44383  4.99992  4.04070    141 n - - -
          2.68618  4.42225  2.77519  2.73123  3.46354  2.40513  3.72494  3.29354  2.67741  2.69355  4.24690  2.90347  2.73739  3.18146  2.89801  2.37887  2.77519  2.98518  4.58477  3.61503
          0.01260  4.97673  5.18100  0.61958  0.77255  0.76370  0.62724
    142   2.73539  5.01035  2.85157  2.34436  3.38579  3.46008  3.21393  3.39377  2.13574  3.39205  3.64944  2.75715  2.95289  2.60380  2.84588  2.36152  2.76662  3.71313  5.80182  3.66397    142 k - - -
          2.68618  4.42225  2.77519  2.73123  3.46354  2.40513  3.72494  3.29354  2.67741  2.69355  4.24690  2.90347  2.73739  3.18146  2.89801  2.37887  2.77519  2.98518  4.58477  3.61503
          0.00970  5.03612  5.75847  0.61958  0.77255  0.58769  0.81105
    143   2.74497  5.17695  3.14032  2.53412  2.81286  2.86881  3.41930  3.48126  2.00297  3.26026  4.15270  2.58378  3.22343  2.92026  2.69156  2.51266  2.90291  3.20773  5.78798  3.82878    143 k - - -
          2.68618  4.42225  2.77519  2.73123  3.46354  2.40513  3.72494  3.29354  2.67741  2.69355  4.24690  2.90347  2.73739  3.18146  2.89801  2.37887  2.77519  2.98518  4.58477  3.61503
          0.01137  5.11737  5.23726  0.61958  0.77255  0.69096  0.69534
    144   2.83912  4.26617  4.89876  4.22399  2.62034  3.75023  4.36547  2.02977  3.77290  1.43955  3.17728  4.28776  4.50169  4.03653  4.02834  3.34718  3.08856  2.09361  4.97408  2.38474    144 l - - -
          2.68618  4.42225  2.77519  2.73123  3.46354  2.40513  3.72494  3.29354  2.67741  2.69355  4.24690  2.90347  2.73739  3.18146  2.89801  2.37887  2.77519  2.98518  4.58477  3.61503
          0.02550  5.12715  3.95035  0.61958  0.77255  0.63986  0.74943
    145   2.50331  4.84969  3.47483  2.77381  4.07231  3.73762  3.79175  2.66990  2.04603  2.53610  3.66274  3.00934  4.20730  3.05330  2.71074  2.47687  2.73630  2.39516  5.31309  3.59667    145 k - - -
          2.68618  4.42225  2.77519  2.73123  3.46354  2.40513  3.72494  3.29354  2.67741  2.69355  4.24690  2.90347  2.73739  3.18146  2.89801  2.37887  2.77519  2.98518  4.58477  3.61503
          0.01007  5.12848  5.49805  0.61958  0.77255  0.69214  0.69415
    146   2.65690  5.29425  2.71181  2.35411  4.22713  3.53324  3.50140  4.09871  1.60000  3.61096  4.22098  2.54759  3.73514  2.63346  2.44187  2.56793  2.98621  3.77322  5.87499  4.17770    146 k - - -
          2.68618  4.42225  2.77519  2.73123  3.46354  2.40513  3.72494  3.29354  2.67741  2.69355  4.24690  2.90347  2.73739  3.18146  2.89801  2.37887  2.77519  2.98518  4.58477  3.61503
          0.01315  5.13163  4.93956  0.61958  0.77255  0.64820  0.74021
    147   2.61216  4.24791  3.59687  3.19565  2.92820  3.74861  3.99846  2.50983  2.95735  2.64732  3.36271  2.68277  4.30371  3.25000  1.80097  2.81101  2.93061  2.67395  5.01546  3.35392    147 r - - -
          2.68618  4.42225  2.77519  2.73123  3.46354  2.40513  3.72494  3.29354  2.67741  2.69355  4.24690  2.90347  2.73739  3.18146  2.89801  2.37887  2.77519  2.98518  4.58477  3.61503
          0.00874  5.13983  5.86218  0.61958  0.77255  0.69026  0.69604
    148   2.79601  1.43171  4.35652  3.77268  3.22793  4.00093  3.64877  2.81440  3.60629  2.64412  3.43968  3.84743  4.27247  3.89726  3.75994  2.21217  2.44139  2.58878  4.76410  3.47291    148 c - - -
          2.68618  4.42225  2.77519  2.73123  3.46354  2.40513  3.72494  3.29354  2.67741  2.69355  4.24690  2.90347  2.73739  3.18146  2.89801  2.37887  2.77519  2.98518  4.58477  3.61503
          0.00874  5.13983  5.86218  0.61958  0.77255  0.69026  0.69604
    149   2.88511  1.46214  4.47514  3.97542  3.22812  4.09493  4.28512  2.72175  3.71215  1.94671  3.47459  3.02529  3.56080  4.03087  3.89029  3.12753  3.09687  2.17449  5.02468  3.73491    149 c - - -
          2.68618  4.42225  2.77519  2.73123  3.46354  2.40513  3.72494  3.29354  2.67741  2.69355  4.24690  2.90347  2.73739  3.18146  2.89801  2.37887  2.77519  2.98518  4.58477  3.61503
          0.01110  5.13983  5.26259  0.61958  0.77255  0.69026  0.69604
    150   2.85648  4.89701  1.31965  2.59550  4.40032  3.63499  3.84509  4.14607  2.56821  3.70807  4.31831  1.97387  3.51269  2.99398  3.09821  2.86232  3.15453  3.70515  5.85484  4.45462    150 d - - -
          2.68618  4.42225  2.77519  2.73123  3.46354  2.40513  3.72494  3.29354  2.67741  2.69355  4.24690  2.90347  2.73739  3.18146  2.89801  2.37887  2.77519  2.98518  4.58477  3.61503
          0.00876  5.13749  5.85984  0.61958  0.77255  0.67424  0.71242
    151   3.52762  4.86204  5.24583  4.73354  0.68072  4.60442  4.37936  2.86698  4.53358  2.47974  3.96138  4.31950  4.94560  4.58888  4.53419  3.76307  3.75547  2.91477  4.34308  2.35935    151 F - - -
          2.68618  4.42225  2.77519  2.73123  3.46354  2.40513  3.72494  3.29354  2.67741  2.69355  4.24690  2.90347  2.73739  3.18146  2.89801  2.37887  2.77519  2.98518  4.58477  3.61503
          0.00873  5.14175  5.86409  0.61958  0.77255  0.68518  0.70118
    152   2.59943  5.42015  2.97730  2.41588  4.39903  3.44018  3.71576  3.46329  1.54085  2.85013  4.29309  2.82944  3.36348  2.81564  2.74466  2.60296  2.86010  3.49068  5.85978  4.35186    152 k - - -
          2.68618  4.42225  2.77519  2.73123  3.46354  2.40513  3.72494  3.29354  2.67741  2.69355  4.24690  2.90347  2.73739  3.18146  2.89801  2.37887  2.77519  2.98518  4.58477  3.61503
          0.00873  5.14175  5.86409  0.61958  0.77255  0.68518  0.70118
    153   2.55402  4.19410  3.39903  2.63171  3.68697  3.69634  4.06091  2.98110  1.85932  1.77814  3.87988  3.24778  4.22525  3.08469  2.93055  2.92630  2.95723  2.87795  5.47507  3.91306    153 l - - -
          2.68618  4.42225  2.77519  2.73123  3.46354  2.40513  3.72494  3.29354  2.67741  2.69355  4.24690  2.90347  2.73739  3.18146  2.89801  2.37887  2.77519  2.98518  4.58477  3.61503
          0.01347  5.14175  4.88822  0.61958  0.77255  0.61108  0.78255
    154   2.86241  4.27324  4.53799  4.17664  3.52050  4.18369  4.50867  2.53153  4.00276  0.75249  3.20024  4.21016  4.34971  4.07780  3.86787  3.48721  3.27018  2.57164  5.06876  3.89167    154 l - - -
          2.68618  4.42225  2.77519  2.73123  3.46354  2.40513  3.72494  3.29354  2.67741  2.69355  4.24690  2.90347  2.73739  3.18146  2.89801  2.37887  2.77519  2.98518  4.58477  3.61503
          0.00864  5.15157  5.87391  0.61958  0.77255  0.65856  0.72897
    155   3.01878  5.50342  3.21034  0.76370  4.81686  3.81746  3.90689  3.90698  2.73749  3.73941  4.56879  3.27040  4.24293  2.99552  3.12041  3.00529  3.23219  3.76339  5.95022  4.57329    155 e - - -
          2.68618  4.42225  2.77519  2.73123  3.46354  2.40513  3.72494  3.29354  2.67741  2.69355  4.24690  2.90347  2.73739  3.18146  2.89801  2.37887  2.77519  2.98518  4.58477  3.61503
          0.00864  5.15157  5.87391  0.61958  0.77255  0.65856  0.72897
    156   2.48274  5.24259  2.81676  1.88252  4.79325  3.54044  3.63616  3.81560  1.88228  3.50421  4.17653  2.77671  4.10788  2.38206  2.87850  2.52843  2.77261  3.62080  5.88219  4.08822    156 k - - -
          2.68618  4.42225  2.77519  2.73123  3.46354  2.40513  3.72494  3.29354  2.67741  2.69355  4.24690  2.90347  2.73739  3.18146  2.89801  2.37887  2.77519  2.98518  4.58477  3.61503
          0.02005  5.15001  4.26513  0.61958  0.77255  0.64943  0.73887
    157   2.01790  5.01073  3.44048  2.49427  3.71563  3.44974  3.87099  3.02422  1.79836  2.78242  3.56374  3.17864  4.19805  3.05478  3.13424  2.84819  3.08607  2.55641  5.53913  3.44201    157 k - - -
          2.68618  4.42225  2.77519  2.73123  3.46354  2.40513  3.72494  3.29354  2.67741  2.69355  4.24690  2.90347  2.73739  3.18146  2.89801  2.37887  2.77519  2.98518  4.58477  3.61503
          0.03336  5.13638  3.61457  0.61958  0.77255  0.62422  0.76718
    158   2.25410  1.83708  4.71225  4.11093  3.30614  4.04166  3.76240  2.67227  3.79041  1.98205  2.82782  4.19898  4.47813  4.06020  3.89025  2.66333  3.06053  2.52546  4.99897  2.56509    158 c - - -
          2.68618  4.42225  2.77519  2.73123  3.46354  2.40513  3.72494  3.29354  2.67741  2.69355  4.24690  2.90347  2.73739  3.18146  2.89801  2.37887  2.77519  2.98518  4.58477  3.61503
          0.01128  5.12405  5.24681  0.61958  0.77255  0.70508  0.68136
    159   2.68654  4.97755  2.43730  2.39690  4.37979  3.56607  3.70478  3.42580  1.91563  2.77845  4.08908  2.64163  4.01391  2.66508  2.44143  2.63781  2.83975  3.51066  5.44231  4.38734    159 k - - -
          2.68618  4.42225  2.77519  2.73123  3.46354  2.40513  3.72494  3.29354  2.67741  2.69355  4.24690  2.90347  2.73739  3.18146  2.89801  2.37887  2.77519  2.98518  4.58477  3.61503
          0.01933  5.12387  4.32796  0.61958  0.77255  0.71685  0.66999
    160   2.71204  5.43423  2.65071  1.72279  4.34152  3.54256  3.66298  4.08836  1.87371  3.16307  4.47495  2.65330  4.09139  2.63060  2.75921  2.57347  2.99105  3.78239  5.86703  4.28083    160 e - - -
          2.68618  4.42225  2.77519  2.73123  3.46354  2.40513  3.72494  3.29354  2.67741  2.69355  4.24690  2.90347  2.73739  3.18146  2.89801  2.37887  2.77519  2.98518  4.58477  3.61503
          0.01467  5.11351  4.76260  0.61958  0.77255  0.74262  0.64601
    161   2.90524  4.43912  4.29538  3.58155  2.36947  3.85575  4.23153  2.81962  3.49989  2.49471  3.44351  3.78251  4.24516  3.81476  3.51884  3.26980  3.15367  2.64315  2.75318  1.36992    161 y - - -
          2.68618  4.42225  2.77519  2.73123  3.46354  2.40513  3.72494  3.29354  2.67741  2.69355  4.24690  2.90347  2.73739  3.18146  2.89801  2.37887  2.77519  2.98518  4.58477  3.61503
          0.02477  5.10646  3.99473  0.61958  0.77255  0.75626  0.63378
    162   2.83708  4.54797  2.91826  2.26606  4.36235  3.47179  3.78098  2.84016  1.95012  2.97101  3.69636  2.51827  4.00589  2.71360  2.89676  2.53896  2.77549  3.08724  5.77576  3.94176    162 k - - -
          2.68618  4.42225  2.77519  2.73123  3.46354  2.40513  3.72494  3.29354  2.67741  2.69355  4.24690  2.90347  2.73739  3.18146  2.89801  2.37887  2.77519  2.98518  4.58477  3.61503
          0.13807  5.07946  2.09767  0.61958  0.77255  0.76494  0.62616
    163   2.65897  4.85741  3.01372  2.13576  4.59111  3.41531  3.60968  3.66971  1.81038  3.16627  4.12186  2.61243  3.46429  2.64823  2.86579  2.36722  2.80398  3.48330  5.78559  4.07614    163 k - - -
          2.68618  4.42225  2.77519  2.73123  3.46354  2.40513  3.72494  3.29354  2.67741  2.69355  4.24690  2.90347  2.73739  3.18146  2.89801  2.37887  2.77519  2.98518  4.58477  3.61503
          0.08722  4.95835  2.57044  0.61958  0.77255  1.02072  0.44681
    164   2.63130  5.31110  2.76489  2.14075  4.15124  3.31001  3.73500  3.51414  2.01497  3.14649  4.06476  2.53858  3.57400  2.60535  2.82142  2.46604  2.73847  3.37744  5.53879  4.19626    164 k - - -
          2.68618  4.42225  2.77519  2.73123  3.46354  2.40513  3.72494  3.29354  2.67741  2.69355  4.24690  2.90347  2.73739  3.18146  2.89801  2.37887  2.77519  2.98518  4.58477  3.61503
          0.09346  4.87452  2.50611  0.61958  0.77255  1.13028  0.39000
    165   2.62707  5.19156  2.90300  2.29273  4.13056  3.55247  3.32175  3.15226  2.16531  2.88213  4.09340  2.64903  3.65457  2.55593  2.96853  2.44805  2.64058  3.12593  5.42999  3.74391    165 k - - -
          2.68618  4.42225  2.77519  2.73123  3.46354  2.40513  3.72494  3.29354  2.67741  2.69355  4.24690  2.90347  2.73739  3.18146  2.89801  2.37887  2.77519  2.98518  4.58477  3.61503
          0.00835  4.78941        *  0.61958  0.77255  0.00000        *
//
