HMMER3/f [3.2.1 | June 2018]
NAME  ABI_abiTii
LENG  207
ALPH  amino
RF    no
MM    no
CONS  yes
CS    no
MAP   yes
DATE  Fri Jun 18 18:43:36 2021
NSEQ  7
EFFN  0.871582
CKSUM 558066338
STATS LOCAL MSV      -10.3661  0.70494
STATS LOCAL VITERBI  -11.3721  0.70494
STATS LOCAL FORWARD   -4.7910  0.70494
HMM          A        C        D        E        F        G        H        I        K        L        M        N        P        Q        R        S        T        V        W        Y   
            m->m     m->i     m->d     i->m     i->i     d->m     d->d
  COMPO   2.62708  4.55991  2.89908  2.57243  3.36467  3.06024  3.85945  2.64274  2.67966  2.37868  3.65804  2.87080  3.55882  3.06158  3.00448  2.69202  2.91241  2.64075  4.23753  3.33141
          2.68618  4.42225  2.77519  2.73123  3.46354  2.40513  3.72494  3.29354  2.67741  2.69355  4.24690  2.90347  2.73739  3.18146  2.89801  2.37887  2.77519  2.98518  4.58477  3.61503
          0.02450  4.11733  4.83968  0.61958  0.77255  0.00000        *
      1   3.18020  4.69385  4.32244  3.94141  3.34004  4.02262  4.62002  2.54130  3.69417  1.90354  0.97550  4.18653  4.49051  4.06320  3.86929  3.55166  3.49347  2.57455  5.20940  3.98974      1 m - - -
          2.68618  4.42225  2.77519  2.73123  3.46354  2.40513  3.72494  3.29354  2.67741  2.69355  4.24690  2.90347  2.73739  3.18146  2.89801  2.37887  2.77519  2.98518  4.58477  3.61503
          0.11161  4.11733  2.41550  0.61958  0.77255  0.48576  0.95510
      2   2.29756  4.83131  2.49994  2.38715  4.24715  2.42225  3.67084  3.68626  2.47946  3.25936  4.05880  2.90269  3.78228  2.81504  2.60681  2.31999  2.85578  3.30229  5.46714  4.11077      2 a - - -
          2.68618  4.42225  2.77519  2.73123  3.46354  2.40513  3.72494  3.29354  2.67741  2.69355  4.24690  2.90347  2.73739  3.18146  2.89801  2.37887  2.77519  2.98518  4.58477  3.61503
          0.02670  4.03241  4.75476  0.61958  0.77255  0.43294  1.04583
      3   2.16315  4.60541  3.01906  2.62625  4.25335  2.02319  3.84618  3.67516  2.31048  3.28830  4.10492  3.06502  3.80658  3.02314  3.08487  2.04162  2.85767  3.26138  5.51563  4.21142      3 g - - -
          2.68618  4.42225  2.77519  2.73123  3.46354  2.40513  3.72494  3.29354  2.67741  2.69355  4.24690  2.90347  2.73739  3.18146  2.89801  2.37887  2.77519  2.98518  4.58477  3.61503
          0.02450  4.11733  4.83968  0.61958  0.77255  0.48576  0.95510
      4   3.22213  4.50566  4.97429  4.45380  3.49633  4.61592  5.10586  1.07590  4.33520  1.74931  3.28884  4.67611  4.86275  4.54940  4.50266  3.99374  3.47147  1.54203  5.51887  4.35547      4 i - - -
          2.68618  4.42225  2.77519  2.73123  3.46354  2.40513  3.72494  3.29354  2.67741  2.69355  4.24690  2.90347  2.73739  3.18146  2.89801  2.37887  2.77519  2.98518  4.58477  3.61503
          0.02450  4.11733  4.83968  0.61958  0.77255  0.48576  0.95510
      5   3.13172  4.45943  4.83620  4.35753  3.65186  4.45293  5.08460  1.58409  4.23745  2.16734  3.46588  4.56435  4.79588  4.52014  4.43913  3.85436  3.40915  0.90802  5.61620  4.39274      5 v - - -
          2.68618  4.42225  2.77519  2.73123  3.46354  2.40513  3.72494  3.29354  2.67741  2.69355  4.24690  2.90347  2.73739  3.18146  2.89801  2.37887  2.77519  2.98518  4.58477  3.61503
          0.02450  4.11733  4.83968  0.61958  0.77255  0.48576  0.95510
      6   3.02524  4.41640  4.54471  4.00031  3.35883  4.23843  4.64041  1.47164  3.85842  1.42122  3.20494  4.24364  4.55325  4.10142  4.04807  3.57558  2.72511  1.94004  5.21329  4.05248      6 l - - -
          2.68618  4.42225  2.77519  2.73123  3.46354  2.40513  3.72494  3.29354  2.67741  2.69355  4.24690  2.90347  2.73739  3.18146  2.89801  2.37887  2.77519  2.98518  4.58477  3.61503
          0.02450  4.11733  4.83968  0.61958  0.77255  0.48576  0.95510
      7   3.03235  5.63364  1.48762  1.29788  4.91928  3.28074  3.83676  4.44996  2.86928  3.93880  4.79493  2.74013  3.91026  3.00380  3.47768  2.90562  3.32330  4.01321  6.08370  4.56657      7 e - - -
          2.68618  4.42225  2.77519  2.73123  3.46354  2.40513  3.72494  3.29354  2.67741  2.69355  4.24690  2.90347  2.73739  3.18146  2.89801  2.37887  2.77519  2.98518  4.58477  3.61503
          0.02450  4.11733  4.83968  0.61958  0.77255  0.48576  0.95510
      8   3.44140  4.83505  4.58189  4.22976  3.24745  4.29037  4.80944  2.47163  3.99535  0.62319  3.20614  4.48160  4.68800  4.30424  4.12849  3.90057  3.72692  2.57125  5.20824  3.98579      8 L - - -
          2.68618  4.42225  2.77519  2.73123  3.46354  2.40513  3.72494  3.29354  2.67741  2.69355  4.24690  2.90347  2.73739  3.18146  2.89801  2.37887  2.77519  2.98518  4.58477  3.61503
          0.02450  4.11733  4.83968  0.61958  0.77255  0.48576  0.95510
      9   3.10123  5.07904  3.09033  2.85654  4.27913  3.54465  4.01434  3.95527  2.66182  3.43222  4.46048  3.31570  4.10625  0.85379  2.93795  3.14200  3.40144  3.67175  5.51037  4.22380      9 q - - -
          2.68618  4.42225  2.77519  2.73123  3.46354  2.40513  3.72494  3.29354  2.67741  2.69355  4.24690  2.90347  2.73739  3.18146  2.89801  2.37887  2.77519  2.98518  4.58477  3.61503
          0.02450  4.11733  4.83968  0.61958  0.77255  0.48576  0.95510
     10   2.82385  5.19191  2.99579  2.01008  4.57257  3.50643  3.61418  3.99339  1.75397  3.45434  4.25038  2.98418  3.90499  2.17289  2.23664  2.78982  3.03189  3.60791  5.54986  4.24166     10 k - - -
          2.68618  4.42225  2.77519  2.73123  3.46354  2.40513  3.72494  3.29354  2.67741  2.69355  4.24690  2.90347  2.73739  3.18146  2.89801  2.37887  2.77519  2.98518  4.58477  3.61503
          0.02450  4.11733  4.83968  0.61958  0.77255  0.48576  0.95510
     11   3.01874  5.55065  1.95811  1.04568  4.84776  3.29628  3.84203  4.36188  2.84653  3.87464  4.73518  2.77122  3.91695  3.01131  3.42454  2.90786  3.30845  3.94321  6.01720  4.53286     11 e - - -
          2.68618  4.42225  2.77519  2.73123  3.46354  2.40513  3.72494  3.29354  2.67741  2.69355  4.24690  2.90347  2.73739  3.18146  2.89801  2.37887  2.77519  2.98518  4.58477  3.61503
          0.02450  4.11733  4.83968  0.61958  0.77255  0.48576  0.95510
     12   1.20896  4.32180  3.82865  3.41233  3.77084  3.44211  4.32125  2.19880  3.32777  2.60664  3.70485  3.63403  4.05176  3.65991  3.61000  2.85218  2.96606  2.37008  5.36762  4.13179     12 a - - -
          2.68618  4.42225  2.77519  2.73123  3.46354  2.40513  3.72494  3.29354  2.67741  2.69355  4.24690  2.90347  2.73739  3.18146  2.89801  2.37887  2.77519  2.98518  4.58477  3.61503
          0.02450  4.11733  4.83968  0.61958  0.77255  0.48576  0.95510
     13   3.06381  4.47495  4.47320  3.91705  3.00171  4.19982  4.36273  2.06286  3.75649  1.07558  3.05856  4.14357  4.48597  3.95949  3.92226  3.51641  3.29072  2.34568  4.82119  2.84972     13 l - - -
          2.68618  4.42225  2.77519  2.73123  3.46354  2.40513  3.72494  3.29354  2.67741  2.69355  4.24690  2.90347  2.73739  3.18146  2.89801  2.37887  2.77519  2.98518  4.58477  3.61503
          0.02450  4.11733  4.83968  0.61958  0.77255  0.48576  0.95510
     14   2.66789  5.10216  2.44960  2.32028  4.42896  3.38371  3.60763  3.89252  1.97139  3.39687  4.16572  2.59015  3.80741  2.72203  2.50999  2.21562  2.90231  3.48703  5.54742  4.15863     14 k - - -
          2.68618  4.42225  2.77519  2.73123  3.46354  2.40513  3.72494  3.29354  2.67741  2.69355  4.24690  2.90347  2.73739  3.18146  2.89801  2.37887  2.77519  2.98518  4.58477  3.61503
          0.02450  4.11733  4.83968  0.61958  0.77255  0.48576  0.95510
     15   2.73453  5.12229  2.69338  2.07220  4.45126  3.38157  3.65690  3.90430  2.00069  3.42432  4.21736  2.51088  3.84218  2.78650  2.84594  1.96843  2.97667  3.51502  5.58654  4.20757     15 s - - -
          2.68618  4.42225  2.77519  2.73123  3.46354  2.40513  3.72494  3.29354  2.67741  2.69355  4.24690  2.90347  2.73739  3.18146  2.89801  2.37887  2.77519  2.98518  4.58477  3.61503
          0.02450  4.11733  4.83968  0.61958  0.77255  0.48576  0.95510
     16   2.79196  5.27137  1.93635  1.99631  4.58089  3.32246  3.70328  4.06175  2.57533  3.57415  4.36969  2.19273  3.84131  2.84006  3.10578  2.72992  2.26062  3.65046  5.74181  4.30395     16 d - - -
          2.68618  4.42225  2.77519  2.73123  3.46354  2.40513  3.72494  3.29354  2.67741  2.69355  4.24690  2.90347  2.73739  3.18146  2.89801  2.37887  2.77519  2.98518  4.58477  3.61503
          0.02450  4.11733  4.83968  0.61958  0.77255  0.48576  0.95510
     17   2.10408  3.28085  3.99348  3.41619  2.78612  3.67438  4.01409  2.18922  3.31009  2.27484  3.21717  3.64884  3.30915  3.54460  3.51866  2.96576  2.83196  2.09125  4.73995  3.54350     17 v - - -
          2.68618  4.42225  2.77519  2.73123  3.46354  2.40513  3.72494  3.29354  2.67741  2.69355  4.24690  2.90347  2.73739  3.18146  2.89801  2.37887  2.77519  2.98518  4.58477  3.61503
          0.02450  4.11733  4.83968  0.61958  0.77255  0.48576  0.95510
     18   2.83199  5.16688  1.27088  2.28744  4.66799  3.24576  3.87305  4.18336  2.86962  3.74536  4.59169  2.83856  3.87779  3.05081  3.41891  1.97435  3.16654  3.73966  5.90031  4.45148     18 d - - -
          2.68618  4.42225  2.77519  2.73123  3.46354  2.40513  3.72494  3.29354  2.67741  2.69355  4.24690  2.90347  2.73739  3.18146  2.89801  2.37887  2.77519  2.98518  4.58477  3.61503
          0.02450  4.11733  4.83968  0.61958  0.77255  0.48576  0.95510
     19   3.12003  4.42893  4.86787  4.32921  2.76456  4.44872  4.85254  1.23221  4.21902  1.93780  3.24160  4.51201  4.72036  4.39450  4.36025  3.80274  3.36379  1.48263  5.27828  4.07460     19 i - - -
          2.68618  4.42225  2.77519  2.73123  3.46354  2.40513  3.72494  3.29354  2.67741  2.69355  4.24690  2.90347  2.73739  3.18146  2.89801  2.37887  2.77519  2.98518  4.58477  3.61503
          0.02450  4.11733  4.83968  0.61958  0.77255  0.48576  0.95510
     20   2.38978  4.37921  3.42683  2.50928  3.55310  3.57280  3.86699  2.72893  2.83730  1.92585  3.48911  3.30738  3.97307  3.16526  3.19900  2.83612  2.57782  2.28739  5.01318  3.77207     20 l - - -
          2.68618  4.42225  2.77519  2.73123  3.46354  2.40513  3.72494  3.29354  2.67741  2.69355  4.24690  2.90347  2.73739  3.18146  2.89801  2.37887  2.77519  2.98518  4.58477  3.61503
          0.02450  4.11733  4.83968  0.61958  0.77255  0.48576  0.95510
     21   2.36078  4.95915  2.33893  2.35609  4.43560  3.28539  3.75043  3.89452  2.61356  3.45300  4.25444  2.20318  3.82156  2.89937  3.11135  1.81439  2.96111  3.47918  5.64524  4.25834     21 s - - -
          2.68618  4.42225  2.77519  2.73123  3.46354  2.40513  3.72494  3.29354  2.67741  2.69355  4.24690  2.90347  2.73739  3.18146  2.89801  2.37887  2.77519  2.98518  4.58477  3.61503
          0.02450  4.11733  4.83968  0.61958  0.77255  0.48576  0.95510
     22   3.26613  4.65354  4.73639  4.24106  3.21361  4.42191  4.85249  2.15916  4.05087  0.86707  3.05481  4.48598  4.71885  4.27383  4.20745  3.81598  3.52729  1.91875  5.25698  4.09975     22 l - - -
          2.68618  4.42225  2.77519  2.73123  3.46354  2.40513  3.72494  3.29354  2.67741  2.69355  4.24690  2.90347  2.73739  3.18146  2.89801  2.37887  2.77519  2.98518  4.58477  3.61503
          0.02450  4.11733  4.83968  0.61958  0.77255  0.48576  0.95510
     23   3.44140  4.83505  4.58189  4.22976  3.24745  4.29037  4.80944  2.47163  3.99535  0.62319  3.20614  4.48160  4.68800  4.30424  4.12849  3.90057  3.72692  2.57125  5.20824  3.98579     23 L - - -
          2.68618  4.42225  2.77519  2.73123  3.46354  2.40513  3.72494  3.29354  2.67741  2.69355  4.24690  2.90347  2.73739  3.18146  2.89801  2.37887  2.77519  2.98518  4.58477  3.61503
          0.02450  4.11733  4.83968  0.61958  0.77255  0.48576  0.95510
     24   3.30280  5.11081  3.82044  3.28880  4.52869  3.73445  4.03184  4.09359  2.37663  3.56514  4.56489  3.62661  4.23054  3.24523  0.66132  3.37890  3.55550  3.80839  5.51552  4.40942     24 R - - -
          2.68618  4.42225  2.77519  2.73123  3.46354  2.40513  3.72494  3.29354  2.67741  2.69355  4.24690  2.90347  2.73739  3.18146  2.89801  2.37887  2.77519  2.98518  4.58477  3.61503
          0.02450  4.11733  4.83968  0.61958  0.77255  0.48576  0.95510
     25   3.21383  5.17132  3.40503  2.98952  4.61442  3.66847  3.92023  4.06111  0.74567  3.57609  4.53108  3.40051  4.15705  3.10265  2.51095  3.24377  3.45213  3.75757  5.57314  4.42475     25 k - - -
          2.68618  4.42225  2.77519  2.73123  3.46354  2.40513  3.72494  3.29354  2.67741  2.69355  4.24690  2.90347  2.73739  3.18146  2.89801  2.37887  2.77519  2.98518  4.58477  3.61503
          0.02450  4.11733  4.83968  0.61958  0.77255  0.48576  0.95510
     26   0.96921  4.19750  3.59353  3.34057  4.34736  2.99764  4.36896  3.67932  3.38238  3.45040  4.30767  3.42936  3.76594  3.66986  3.65868  1.98615  2.77883  3.15994  5.72350  4.51703     26 a - - -
          2.68618  4.42225  2.77519  2.73123  3.46354  2.40513  3.72494  3.29354  2.67741  2.69355  4.24690  2.90347  2.73739  3.18146  2.89801  2.37887  2.77519  2.98518  4.58477  3.61503
          0.02450  4.11733  4.83968  0.61958  0.77255  0.48576  0.95510
     27   2.78961  4.52131  3.52196  3.00470  2.88903  3.68653  2.97867  3.06026  2.90373  2.39150  3.64099  3.37530  4.07301  3.24094  3.23241  2.49375  3.02331  2.83895  4.45208  1.79325     27 y - - -
          2.68618  4.42225  2.77519  2.73123  3.46354  2.40513  3.72494  3.29354  2.67741  2.69355  4.24690  2.90347  2.73739  3.18146  2.89801  2.37887  2.77519  2.98518  4.58477  3.61503
          0.02450  4.11733  4.83968  0.61958  0.77255  0.48576  0.95510
     28   3.22391  4.59871  4.74298  4.23621  3.26173  4.41570  4.85390  2.09258  4.06502  0.98719  3.09665  4.47579  4.71133  4.28411  4.22634  3.79888  3.48213  1.67532  5.28053  4.12529     28 l - - -
          2.68618  4.42225  2.77519  2.73123  3.46354  2.40513  3.72494  3.29354  2.67741  2.69355  4.24690  2.90347  2.73739  3.18146  2.89801  2.37887  2.77519  2.98518  4.58477  3.61503
          0.02450  4.11733  4.83968  0.61958  0.77255  0.48576  0.95510
     29   3.15861  4.45799  4.92132  4.43384  3.65967  4.53448  5.14791  1.40045  4.32507  2.15818  3.45805  4.63814  4.84567  4.59133  4.51823  3.93228  3.42741  0.98987  5.64164  4.43020     29 v - - -
          2.68618  4.42225  2.77519  2.73123  3.46354  2.40513  3.72494  3.29354  2.67741  2.69355  4.24690  2.90347  2.73739  3.18146  2.89801  2.37887  2.77519  2.98518  4.58477  3.61503
          0.02450  4.11733  4.83968  0.61958  0.77255  0.48576  0.95510
     30   0.93596  4.19790  3.59678  3.35229  4.34499  2.99939  4.37853  3.66539  3.39386  3.44753  4.31067  3.43625  3.76963  3.68315  3.66536  2.07283  2.78339  3.15157  5.72548  4.51843     30 a - - -
          2.68618  4.42225  2.77519  2.73123  3.46354  2.40513  3.72494  3.29354  2.67741  2.69355  4.24690  2.90347  2.73739  3.18146  2.89801  2.37887  2.77519  2.98518  4.58477  3.61503
          0.02450  4.11733  4.83968  0.61958  0.77255  0.48576  0.95510
     31   2.94920  5.12879  3.33243  2.71387  4.56332  3.62149  3.64922  3.93347  1.63957  3.40717  4.24762  3.15377  4.00576  2.78103  1.50038  2.51611  3.14310  3.59293  5.48965  4.27123     31 r - - -
          2.68618  4.42225  2.77519  2.73123  3.46354  2.40513  3.72494  3.29354  2.67741  2.69355  4.24690  2.90347  2.73739  3.18146  2.89801  2.37887  2.77519  2.98518  4.58477  3.61503
          0.02450  4.11733  4.83968  0.61958  0.77255  0.48576  0.95510
     32   3.21383  5.17132  3.40503  2.98952  4.61442  3.66847  3.92023  4.06111  0.74567  3.57609  4.53108  3.40051  4.15705  3.10265  2.51095  3.24377  3.45213  3.75757  5.57314  4.42475     32 k - - -
          2.68618  4.42225  2.77519  2.73123  3.46354  2.40513  3.72494  3.29354  2.67741  2.69355  4.24690  2.90347  2.73739  3.18146  2.89801  2.37887  2.77519  2.98518  4.58477  3.61503
          0.02450  4.11733  4.83968  0.61958  0.77255  0.48576  0.95510
     33   3.44140  4.83505  4.58189  4.22976  3.24745  4.29037  4.80944  2.47163  3.99535  0.62319  3.20614  4.48160  4.68800  4.30424  4.12849  3.90057  3.72692  2.57125  5.20824  3.98579     33 L - - -
          2.68618  4.42225  2.77519  2.73123  3.46354  2.40513  3.72494  3.29354  2.67741  2.69355  4.24690  2.90347  2.73739  3.18146  2.89801  2.37887  2.77519  2.98518  4.58477  3.61503
          0.02450  4.11733  4.83968  0.61958  0.77255  0.48576  0.95510
     34   2.78110  5.26040  2.27169  2.06852  4.58727  3.37222  3.65734  4.05961  1.63848  3.54296  4.32696  2.83753  3.84673  2.47166  2.86247  2.72334  3.02078  3.64564  5.67827  4.27366     34 k - - -
          2.68618  4.42225  2.77519  2.73123  3.46354  2.40513  3.72494  3.29354  2.67741  2.69355  4.24690  2.90347  2.73739  3.18146  2.89801  2.37887  2.77519  2.98518  4.58477  3.61503
          0.02450  4.11733  4.83968  0.61958  0.77255  0.48576  0.95510
     35   3.37137  4.68188  4.95709  4.42842  3.18943  4.64474  4.98746  1.67238  4.25342  0.91119  2.99866  4.67999  4.84187  4.40984  4.37848  4.02453  3.60508  2.13327  5.28616  4.17044     35 l - - -
          2.68618  4.42225  2.77519  2.73123  3.46354  2.40513  3.72494  3.29354  2.67741  2.69355  4.24690  2.90347  2.73739  3.18146  2.89801  2.37887  2.77519  2.98518  4.58477  3.61503
          0.02450  4.11733  4.83968  0.61958  0.77255  0.48576  0.95510
     36   2.61805  4.73292  3.07264  2.51127  3.96410  3.45627  3.65481  2.96766  2.21435  2.98460  3.81691  2.45642  3.84624  2.82267  2.52284  2.67532  2.56227  2.75420  5.24685  3.93885     36 k - - -
          2.68618  4.42225  2.77519  2.73123  3.46354  2.40513  3.72494  3.29354  2.67741  2.69355  4.24690  2.90347  2.73739  3.18146  2.89801  2.37887  2.77519  2.98518  4.58477  3.61503
          0.02450  4.11733  4.83968  0.61958  0.77255  0.48576  0.95510
     37   3.02602  5.61752  1.61155  1.21514  4.90503  3.28324  3.83445  4.43278  2.85980  3.92451  4.77935  2.74434  3.90964  3.00095  3.46266  2.90227  3.31595  3.99846  6.06930  4.55762     37 e - - -
          2.68618  4.42225  2.77519  2.73123  3.46354  2.40513  3.72494  3.29354  2.67741  2.69355  4.24690  2.90347  2.73739  3.18146  2.89801  2.37887  2.77519  2.98518  4.58477  3.61503
          0.02450  4.11733  4.83968  0.61958  0.77255  0.48576  0.95510
     38   3.28248  4.62324  4.82861  4.27334  1.61802  4.46374  4.55148  2.34516  4.13359  1.23885  2.47630  4.45365  4.67695  4.21163  4.22928  3.79787  3.50063  2.47292  4.83295  3.52354     38 l - - -
          2.68618  4.42225  2.77519  2.73123  3.46354  2.40513  3.72494  3.29354  2.67741  2.69355  4.24690  2.90347  2.73739  3.18146  2.89801  2.37887  2.77519  2.98518  4.58477  3.61503
          0.02450  4.11733  4.83968  0.61958  0.77255  0.48576  0.95510
     39   2.81044  5.33184  2.19982  1.53490  4.64435  3.33758  3.68703  4.13347  2.21605  3.61663  4.40451  2.79697  3.84638  2.40222  3.01561  2.73827  3.06055  3.70950  5.75965  4.32223     39 e - - -
          2.68618  4.42225  2.77519  2.73123  3.46354  2.40513  3.72494  3.29354  2.67741  2.69355  4.24690  2.90347  2.73739  3.18146  2.89801  2.37887  2.77519  2.98518  4.58477  3.61503
          0.02450  4.11733  4.83968  0.61958  0.77255  0.48576  0.95510
     40   2.45401  5.23670  2.28208  1.82259  4.55225  3.34427  3.65373  4.03494  2.03626  3.52855  4.30367  2.48460  3.82183  2.77608  2.97064  2.68320  2.98508  3.61462  5.67807  4.25193     40 e - - -
          2.68618  4.42225  2.77519  2.73123  3.46354  2.40513  3.72494  3.29354  2.67741  2.69355  4.24690  2.90347  2.73739  3.18146  2.89801  2.37887  2.77519  2.98518  4.58477  3.61503
          0.02450  4.11733  4.83968  0.61958  0.77255  0.48576  0.95510
     41   3.77520  5.05656  4.48644  4.25806  2.96118  4.02244  4.23587  3.81725  3.97937  3.16666  4.43838  4.35975  4.56188  4.35400  4.06214  3.97632  4.08958  3.71404  0.50902  2.95162     41 W - - -
          2.68618  4.42225  2.77519  2.73123  3.46354  2.40513  3.72494  3.29354  2.67741  2.69355  4.24690  2.90347  2.73739  3.18146  2.89801  2.37887  2.77519  2.98518  4.58477  3.61503
          0.02450  4.11733  4.83968  0.61958  0.77255  0.48576  0.95510
     42   3.26823  4.57248  4.90390  4.40455  3.38667  4.58563  5.02430  1.02374  4.23172  1.61132  3.22078  4.63707  4.84263  4.47254  4.39217  3.98070  3.51961  1.83668  5.41904  4.22603     42 i - - -
          2.68618  4.42225  2.77519  2.73123  3.46354  2.40513  3.72494  3.29354  2.67741  2.69355  4.24690  2.90347  2.73739  3.18146  2.89801  2.37887  2.77519  2.98518  4.58477  3.61503
          0.02450  4.11733  4.83968  0.61958  0.77255  0.48576  0.95510
     43   2.59093  3.59013  2.35894  2.48591  4.04631  3.38215  3.69900  3.42515  2.52830  3.07691  3.90575  2.13335  3.82742  2.86494  2.98475  2.64477  2.85187  2.72729  5.33642  4.00646     43 n - - -
          2.68618  4.42225  2.77519  2.73123  3.46354  2.40513  3.72494  3.29354  2.67741  2.69355  4.24690  2.90347  2.73739  3.18146  2.89801  2.37887  2.77519  2.98518  4.58477  3.61503
          0.02450  4.11733  4.83968  0.61958  0.77255  0.48576  0.95510
     44   2.75770  5.03759  2.62937  2.38213  4.44184  3.33159  3.75683  3.92938  2.54739  3.47739  4.30138  1.60027  3.86862  2.40595  2.97959  2.36400  3.04309  3.53492  5.63570  4.25694     44 n - - -
          2.68618  4.42225  2.77519  2.73123  3.46354  2.40513  3.72494  3.29354  2.67741  2.69355  4.24690  2.90347  2.73739  3.18146  2.89801  2.37887  2.77519  2.98518  4.58477  3.61503
          0.02450  4.11733  4.83968  0.61958  0.77255  0.48576  0.95510
     45   3.18627  5.32623  2.62076  0.72110  4.70677  3.44899  4.06665  4.21093  2.98006  3.79161  4.76254  3.10187  4.06753  3.28205  3.40890  3.14799  3.49487  3.87224  5.83166  4.56352     45 e - - -
          2.68618  4.42225  2.77519  2.73123  3.46354  2.40513  3.72494  3.29354  2.67741  2.69355  4.24690  2.90347  2.73739  3.18146  2.89801  2.37887  2.77519  2.98518  4.58477  3.61503
          0.02450  4.11733  4.83968  0.61958  0.77255  0.48576  0.95510
     46   2.98692  4.65232  3.70341  3.25957  3.35334  3.85770  4.11805  2.72386  2.96526  1.12320  3.34008  3.63948  4.25719  2.63320  3.21653  3.23112  3.23336  2.70919  5.06328  3.79198     46 l - - -
          2.68618  4.42225  2.77519  2.73123  3.46354  2.40513  3.72494  3.29354  2.67741  2.69355  4.24690  2.90347  2.73739  3.18146  2.89801  2.37887  2.77519  2.98518  4.58477  3.61503
          0.02450  4.11733  4.83968  0.61958  0.77255  0.48576  0.95510
     47   2.83749  4.99165  2.86549  2.57767  4.36508  3.41045  3.80341  3.91465  2.45042  3.46556  4.32882  1.30991  3.94479  2.98187  2.36300  2.85730  3.12566  3.54366  5.54361  4.20883     47 n - - -
          2.68618  4.42225  2.77519  2.73123  3.46354  2.40513  3.72494  3.29354  2.67741  2.69355  4.24690  2.90347  2.73739  3.18146  2.89801  2.37887  2.77519  2.98518  4.58477  3.61503
          0.02450  4.11733  4.83968  0.61958  0.77255  0.48576  0.95510
     48   2.99885  4.74278  3.72220  3.65616  4.78031  0.43471  4.75466  4.44623  3.87035  4.06719  5.04987  3.88746  4.14123  4.17557  4.07299  3.17888  3.49909  3.92716  5.80384  4.89285     48 G - - -
          2.68618  4.42225  2.77519  2.73123  3.46354  2.40513  3.72494  3.29354  2.67741  2.69355  4.24690  2.90347  2.73739  3.18146  2.89801  2.37887  2.77519  2.98518  4.58477  3.61503
          0.02450  4.11733  4.83968  0.61958  0.77255  0.48576  0.95510
     49   3.61991  5.00882  4.20923  3.99069  2.34661  4.12284  3.76148  3.59738  3.84174  2.98627  4.24787  4.03832  4.59379  4.08741  3.97229  3.72947  3.90938  3.48030  3.99758  0.63893     49 Y - - -
          2.68618  4.42225  2.77519  2.73123  3.46354  2.40513  3.72494  3.29354  2.67741  2.69355  4.24690  2.90347  2.73739  3.18146  2.89801  2.37887  2.77519  2.98518  4.58477  3.61503
          0.02450  4.11733  4.83968  0.61958  0.77255  0.48576  0.95510
     50   2.67977  5.05259  2.91343  2.01162  4.37813  3.42744  3.60201  3.81961  1.95806  3.33424  4.11532  2.91666  3.19044  2.71947  2.39911  2.66146  2.58425  3.43583  5.48774  4.13280     50 k - - -
          2.68618  4.42225  2.77519  2.73123  3.46354  2.40513  3.72494  3.29354  2.67741  2.69355  4.24690  2.90347  2.73739  3.18146  2.89801  2.37887  2.77519  2.98518  4.58477  3.61503
          0.02450  4.11733  4.83968  0.61958  0.77255  0.48576  0.95510
     51   2.82516  5.21688  2.06925  2.25507  4.63321  3.27411  3.80117  4.14013  2.74245  3.67425  4.49899  1.47239  3.86509  2.96300  3.27929  2.36251  3.12723  3.71186  5.83848  4.39279     51 n - - -
          2.68618  4.42225  2.77519  2.73123  3.46354  2.40513  3.72494  3.29354  2.67741  2.69355  4.24690  2.90347  2.73739  3.18146  2.89801  2.37887  2.77519  2.98518  4.58477  3.61503
          0.11690  4.11733  2.36409  0.61958  0.77255  0.48576  0.95510
     52   2.57442  4.40634  3.28298  2.73977  3.57507  2.92186  3.75518  2.37052  2.68003  2.37234  3.51603  3.18004  3.24963  2.68178  3.05645  2.74301  2.81380  2.68308  4.98893  3.73391     52 i - - -
          2.68618  4.42225  2.77519  2.73123  3.46354  2.40513  3.72494  3.29354  2.67741  2.69355  4.24690  2.90347  2.73739  3.18146  2.89801  2.37887  2.77519  2.98518  4.58477  3.61503
          0.02683  4.02727  4.74961  0.61958  0.77255  0.58149  0.81885
     53   2.66652  5.08200  2.37480  2.09466  4.39182  3.33895  3.61251  3.85187  1.99429  3.37553  4.15764  2.82294  3.79009  2.73732  2.88150  2.32867  2.59413  3.45769  5.54585  4.15017     53 k - - -
          2.68618  4.42225  2.77519  2.73123  3.46354  2.40513  3.72494  3.29354  2.67741  2.69355  4.24690  2.90347  2.73739  3.18146  2.89801  2.37887  2.77519  2.98518  4.58477  3.61503
          0.02683  4.02727  4.74961  0.61958  0.77255  0.43024  1.05083
     54   2.44110  5.13933  2.22738  2.28841  4.45275  3.36548  2.95118  3.92429  2.00802  3.43067  4.20253  2.49342  3.80953  2.74323  2.88574  2.64835  2.92633  3.51689  5.58592  4.18194     54 k - - -
          2.68618  4.42225  2.77519  2.73123  3.46354  2.40513  3.72494  3.29354  2.67741  2.69355  4.24690  2.90347  2.73739  3.18146  2.89801  2.37887  2.77519  2.98518  4.58477  3.61503
          0.02450  4.11733  4.83968  0.61958  0.77255  0.48576  0.95510
     55   2.99067  3.15290  4.71387  4.16672  3.41353  4.25284  4.70544  1.21033  4.02586  1.80049  3.28642  4.33633  4.58023  4.24363  4.17664  3.60183  3.24373  1.79908  5.22580  4.03791     55 i - - -
          2.68618  4.42225  2.77519  2.73123  3.46354  2.40513  3.72494  3.29354  2.67741  2.69355  4.24690  2.90347  2.73739  3.18146  2.89801  2.37887  2.77519  2.98518  4.58477  3.61503
          0.02450  4.11733  4.83968  0.61958  0.77255  0.48576  0.95510
     56   3.11033  4.81921  3.74507  3.62448  4.58721  3.49322  4.67577  4.20340  3.70430  3.80033  4.86516  3.90329  0.47663  4.08535  3.91601  3.28699  3.57239  3.81939  5.69917  4.71338     56 P - - -
          2.68618  4.42225  2.77519  2.73123  3.46354  2.40513  3.72494  3.29354  2.67741  2.69355  4.24690  2.90347  2.73739  3.18146  2.89801  2.37887  2.77519  2.98518  4.58477  3.61503
          0.02450  4.11733  4.83968  0.61958  0.77255  0.48576  0.95510
     57   3.07908  5.66648  1.03711  1.80304  4.95204  3.27752  3.87276  4.48704  2.94496  3.98831  4.86804  2.74422  3.92775  3.05022  3.56809  2.94589  3.38046  4.05554  6.13061  4.60881     57 d - - -
          2.68618  4.42225  2.77519  2.73123  3.46354  2.40513  3.72494  3.29354  2.67741  2.69355  4.24690  2.90347  2.73739  3.18146  2.89801  2.37887  2.77519  2.98518  4.58477  3.61503
          0.02450  4.11733  4.83968  0.61958  0.77255  0.48576  0.95510
     58   3.61991  5.00882  4.20923  3.99069  2.34661  4.12284  3.76148  3.59738  3.84174  2.98627  4.24787  4.03832  4.59379  4.08741  3.97229  3.72947  3.90938  3.48030  3.99758  0.63893     58 Y - - -
          2.68618  4.42225  2.77519  2.73123  3.46354  2.40513  3.72494  3.29354  2.67741  2.69355  4.24690  2.90347  2.73739  3.18146  2.89801  2.37887  2.77519  2.98518  4.58477  3.61503
          0.02450  4.11733  4.83968  0.61958  0.77255  0.48576  0.95510
     59   3.30280  5.11081  3.82044  3.28880  4.52869  3.73445  4.03184  4.09359  2.37663  3.56514  4.56489  3.62661  4.23054  3.24523  0.66132  3.37890  3.55550  3.80839  5.51552  4.40942     59 R - - -
          2.68618  4.42225  2.77519  2.73123  3.46354  2.40513  3.72494  3.29354  2.67741  2.69355  4.24690  2.90347  2.73739  3.18146  2.89801  2.37887  2.77519  2.98518  4.58477  3.61503
          0.02450  4.11733  4.83968  0.61958  0.77255  0.48576  0.95510
     60   2.70808  5.04718  2.95587  2.18601  4.36643  3.45282  3.60831  3.79738  1.92318  2.85865  4.10845  2.32139  3.84985  2.73014  2.40428  2.69437  2.92920  3.42690  5.47100  4.13331     60 k - - -
          2.68618  4.42225  2.77519  2.73123  3.46354  2.40513  3.72494  3.29354  2.67741  2.69355  4.24690  2.90347  2.73739  3.18146  2.89801  2.37887  2.77519  2.98518  4.58477  3.61503
          0.02450  4.11733  4.83968  0.61958  0.77255  0.48576  0.95510
     61   3.19215  4.46883  4.98380  4.46155  3.54662  4.60661  5.11003  1.30523  4.35651  1.79303  3.33793  4.67233  4.85792  4.57150  4.52424  3.98135  3.44120  1.22843  5.53995  4.36978     61 v - - -
          2.68618  4.42225  2.77519  2.73123  3.46354  2.40513  3.72494  3.29354  2.67741  2.69355  4.24690  2.90347  2.73739  3.18146  2.89801  2.37887  2.77519  2.98518  4.58477  3.61503
          0.02450  4.11733  4.83968  0.61958  0.77255  0.48576  0.95510
     62   3.17694  5.22928  3.63006  2.94201  4.70336  3.75906  3.68800  4.04724  1.69302  3.48172  4.37145  3.31548  4.13090  2.82834  1.07212  3.17953  3.33735  3.74030  5.50545  4.36487     62 r - - -
          2.68618  4.42225  2.77519  2.73123  3.46354  2.40513  3.72494  3.29354  2.67741  2.69355  4.24690  2.90347  2.73739  3.18146  2.89801  2.37887  2.77519  2.98518  4.58477  3.61503
          0.02450  4.11733  4.83968  0.61958  0.77255  0.48576  0.95510
     63   2.42315  4.30844  3.55529  3.29336  4.17217  1.09267  4.32585  3.40895  3.31953  3.24854  4.19497  3.46791  3.86383  3.64030  3.60303  2.61820  2.89311  2.35926  5.58739  4.35329     63 g - - -
          2.68618  4.42225  2.77519  2.73123  3.46354  2.40513  3.72494  3.29354  2.67741  2.69355  4.24690  2.90347  2.73739  3.18146  2.89801  2.37887  2.77519  2.98518  4.58477  3.61503
          0.02450  4.11733  4.83968  0.61958  0.77255  0.48576  0.95510
     64   2.74997  5.01278  2.77647  1.50833  4.30501  3.41851  3.69112  3.66668  2.19978  3.28020  4.11834  2.93814  3.87630  2.83870  2.83836  2.74868  2.99187  2.81740  5.50489  4.15759     64 e - - -
          2.68618  4.42225  2.77519  2.73123  3.46354  2.40513  3.72494  3.29354  2.67741  2.69355  4.24690  2.90347  2.73739  3.18146  2.89801  2.37887  2.77519  2.98518  4.58477  3.61503
          0.02450  4.11733  4.83968  0.61958  0.77255  0.48576  0.95510
     65   3.20065  4.49993  4.92177  4.38262  3.39925  4.55410  4.98909  1.65365  4.26624  1.35679  3.19716  4.60372  4.79599  4.44748  4.41882  3.91494  3.44251  1.34203  5.39817  4.26218     65 v - - -
          2.68618  4.42225  2.77519  2.73123  3.46354  2.40513  3.72494  3.29354  2.67741  2.69355  4.24690  2.90347  2.73739  3.18146  2.89801  2.37887  2.77519  2.98518  4.58477  3.61503
          0.09223  4.11733  2.63363  0.61958  0.77255  0.48576  0.95510
     66   2.88612  4.94926  3.20949  2.69873  3.90054  3.57799  3.67072  3.60668  1.28245  3.15965  4.06491  3.14789  3.98847  2.87563  2.49036  2.92124  3.10126  3.32468  5.17737  2.98564     66 k - - -
          2.68618  4.42225  2.77519  2.73123  3.46354  2.40513  3.72494  3.29354  2.67741  2.69355  4.24690  2.90347  2.73739  3.18146  2.89801  2.37887  2.77519  2.98518  4.58477  3.61503
          0.02619  4.05129  4.77363  0.61958  0.77255  0.55766  0.84991
     67   1.52324  4.36605  3.27453  2.85214  3.74185  2.70204  3.90019  3.17468  2.85538  2.88291  3.76688  3.22059  3.84313  3.18397  3.21834  2.64570  2.82020  2.86808  5.15758  3.02884     67 a - - -
          2.68618  4.42225  2.77519  2.73123  3.46354  2.40513  3.72494  3.29354  2.67741  2.69355  4.24690  2.90347  2.73739  3.18146  2.89801  2.37887  2.77519  2.98518  4.58477  3.61503
          0.02619  4.05129  4.77363  0.61958  0.77255  0.55766  0.84991
     68   3.60737  4.84497  4.66875  4.32470  1.68141  4.38949  3.47246  3.36394  4.15197  2.72518  3.94219  4.07103  4.69074  4.12112  4.18113  3.73941  3.82265  3.26099  1.43494  1.62105     68 w - - -
          2.68618  4.42225  2.77519  2.73123  3.46354  2.40513  3.72494  3.29354  2.67741  2.69355  4.24690  2.90347  2.73739  3.18146  2.89801  2.37887  2.77519  2.98518  4.58477  3.61503
          0.02619  4.05129  4.77363  0.61958  0.77255  0.55766  0.84991
     69   2.84069  5.03901  2.64121  2.43672  4.00125  3.36347  2.88772  3.89524  2.57249  3.43452  4.31229  1.40490  3.91163  2.97590  2.96331  2.83431  3.12516  3.53635  5.34502  3.87054     69 n - - -
          2.68618  4.42225  2.77519  2.73123  3.46354  2.40513  3.72494  3.29354  2.67741  2.69355  4.24690  2.90347  2.73739  3.18146  2.89801  2.37887  2.77519  2.98518  4.58477  3.61503
          0.02619  4.05129  4.77363  0.61958  0.77255  0.55766  0.84991
     70   2.00533  4.33313  3.32028  3.08975  4.27289  3.08436  4.22024  3.59546  3.15402  3.33113  4.25175  3.33284  1.24680  3.49441  3.46111  2.57358  2.86997  3.16024  5.62753  4.40366     70 p - - -
          2.68618  4.42225  2.77519  2.73123  3.46354  2.40513  3.72494  3.29354  2.67741  2.69355  4.24690  2.90347  2.73739  3.18146  2.89801  2.37887  2.77519  2.98518  4.58477  3.61503
          0.02619  4.05129  4.77363  0.61958  0.77255  0.55766  0.84991
     71   2.84997  2.92999  4.05604  3.58963  2.66096  3.73631  3.83222  2.87407  3.42110  2.55540  3.61054  3.73298  4.20313  3.69176  3.62139  3.11586  3.14318  2.69016  4.28157  1.29141     71 y - - -
          2.68618  4.42225  2.77519  2.73123  3.46354  2.40513  3.72494  3.29354  2.67741  2.69355  4.24690  2.90347  2.73739  3.18146  2.89801  2.37887  2.77519  2.98518  4.58477  3.61503
          0.02619  4.05129  4.77363  0.61958  0.77255  0.55766  0.84991
     72   2.76066  5.05001  2.94496  2.45534  4.33527  3.46373  2.28679  3.79673  2.20478  3.31380  4.12598  2.51066  3.87309  2.41288  2.28736  2.74915  2.97864  3.44117  5.44055  4.11375     72 k - - -
          2.68618  4.42225  2.77519  2.73123  3.46354  2.40513  3.72494  3.29354  2.67741  2.69355  4.24690  2.90347  2.73739  3.18146  2.89801  2.37887  2.77519  2.98518  4.58477  3.61503
          0.02619  4.05129  4.77363  0.61958  0.77255  0.55766  0.84991
     73   2.90234  4.65649  3.61246  3.53634  4.66862  0.49974  4.64243  4.31493  3.74173  3.94558  4.92522  3.77725  4.05316  4.05200  3.95499  3.07994  3.39751  3.80873  5.71320  4.77772     73 G - - -
          2.68618  4.42225  2.77519  2.73123  3.46354  2.40513  3.72494  3.29354  2.67741  2.69355  4.24690  2.90347  2.73739  3.18146  2.89801  2.37887  2.77519  2.98518  4.58477  3.61503
          0.02619  4.05129  4.77363  0.61958  0.77255  0.55766  0.84991
     74   3.64950  4.95752  4.37541  4.12815  2.87189  3.93965  4.13756  3.68441  3.84842  3.04689  4.30935  4.24200  4.47300  4.22672  3.94413  3.85136  3.95973  3.57959  0.59068  2.86521     74 W - - -
          2.68618  4.42225  2.77519  2.73123  3.46354  2.40513  3.72494  3.29354  2.67741  2.69355  4.24690  2.90347  2.73739  3.18146  2.89801  2.37887  2.77519  2.98518  4.58477  3.61503
          0.02619  4.05129  4.77363  0.61958  0.77255  0.55766  0.84991
     75   2.96818  4.40445  4.27183  3.77390  3.03401  4.06226  4.24263  1.25007  3.60357  2.05546  3.28470  3.99966  4.41397  3.88429  3.79934  3.40691  3.21513  2.11767  4.76091  2.73303     75 i - - -
          2.68618  4.42225  2.77519  2.73123  3.46354  2.40513  3.72494  3.29354  2.67741  2.69355  4.24690  2.90347  2.73739  3.18146  2.89801  2.37887  2.77519  2.98518  4.58477  3.61503
          0.02619  4.05129  4.77363  0.61958  0.77255  0.55766  0.84991
     76   3.00583  4.72966  3.63292  3.50030  4.47443  3.40722  4.56020  4.06945  3.57362  3.67541  4.73516  3.78738  0.55341  3.95689  3.79597  3.17967  3.46213  3.69380  5.60847  4.59862     76 P - - -
          2.68618  4.42225  2.77519  2.73123  3.46354  2.40513  3.72494  3.29354  2.67741  2.69355  4.24690  2.90347  2.73739  3.18146  2.89801  2.37887  2.77519  2.98518  4.58477  3.61503
          0.02619  4.05129  4.77363  0.61958  0.77255  0.44329  1.02700
     77   3.12938  4.43793  4.86769  4.31378  3.37087  4.46303  4.87091  1.57612  4.20051  1.69548  2.52860  4.51465  4.71594  4.36829  4.33958  3.80879  3.36648  1.33912  5.30411  4.17242     77 v - - -
          2.68618  4.42225  2.77519  2.73123  3.46354  2.40513  3.72494  3.29354  2.67741  2.69355  4.24690  2.90347  2.73739  3.18146  2.89801  2.37887  2.77519  2.98518  4.58477  3.61503
          0.02450  4.11733  4.83968  0.61958  0.77255  0.48576  0.95510
     78   2.79771  4.24752  4.24579  3.68707  3.35927  3.14558  4.32417  1.59377  3.57165  1.80291  3.28292  3.92912  4.30944  3.82252  3.78299  3.25892  3.04427  1.78193  5.01312  3.81786     78 i - - -
          2.68618  4.42225  2.77519  2.73123  3.46354  2.40513  3.72494  3.29354  2.67741  2.69355  4.24690  2.90347  2.73739  3.18146  2.89801  2.37887  2.77519  2.98518  4.58477  3.61503
          0.02450  4.11733  4.83968  0.61958  0.77255  0.48576  0.95510
     79   2.33772  4.17790  3.86256  3.29316  2.80451  3.70125  3.99369  2.08477  3.20359  1.90571  3.25325  2.99239  4.07323  3.46506  3.45929  2.97953  2.87062  2.30091  4.78972  3.57131     79 l - - -
          2.68618  4.42225  2.77519  2.73123  3.46354  2.40513  3.72494  3.29354  2.67741  2.69355  4.24690  2.90347  2.73739  3.18146  2.89801  2.37887  2.77519  2.98518  4.58477  3.61503
          0.02450  4.11733  4.83968  0.61958  0.77255  0.48576  0.95510
     80   2.62485  4.87821  2.91511  2.07215  4.14897  3.40945  3.63189  3.10115  2.22030  3.15523  3.96069  2.93251  3.13590  2.77301  2.85970  2.17537  2.86009  3.22972  5.37660  4.03076     80 e - - -
          2.68618  4.42225  2.77519  2.73123  3.46354  2.40513  3.72494  3.29354  2.67741  2.69355  4.24690  2.90347  2.73739  3.18146  2.89801  2.37887  2.77519  2.98518  4.58477  3.61503
          0.02450  4.11733  4.83968  0.61958  0.77255  0.48576  0.95510
     81   2.34622  4.99770  2.49079  2.33366  4.31215  3.36607  3.07900  3.76424  2.42501  3.30963  4.09395  2.32807  3.80285  2.76016  2.91253  2.37328  2.60402  3.38204  5.49822  4.11670     81 n - - -
          2.68618  4.42225  2.77519  2.73123  3.46354  2.40513  3.72494  3.29354  2.67741  2.69355  4.24690  2.90347  2.73739  3.18146  2.89801  2.37887  2.77519  2.98518  4.58477  3.61503
          0.02450  4.11733  4.83968  0.61958  0.77255  0.48576  0.95510
     82   2.43863  5.16569  2.05451  2.26836  4.49457  3.33976  3.66361  3.96819  2.22434  3.48180  4.26349  2.22696  3.82008  2.79080  2.99062  2.38603  2.97035  3.55819  5.64639  4.23114     82 d - - -
          2.68618  4.42225  2.77519  2.73123  3.46354  2.40513  3.72494  3.29354  2.67741  2.69355  4.24690  2.90347  2.73739  3.18146  2.89801  2.37887  2.77519  2.98518  4.58477  3.61503
          0.17687  4.11733  1.92534  0.61958  0.77255  0.48576  0.95510
     83   3.21434  4.55259  4.73455  4.21043  3.18431  4.46721  4.82442  1.51102  4.03928  1.16119  3.01499  4.47334  4.70698  4.25227  4.20180  3.83792  3.45468  1.97363  5.22247  4.06535     83 l - - -
          2.68618  4.42225  2.77519  2.73123  3.46354  2.40513  3.72494  3.29354  2.67741  2.69355  4.24690  2.90347  2.73739  3.18146  2.89801  2.37887  2.77519  2.98518  4.58477  3.61503
          0.02847  3.96893  4.69127  0.61958  0.77255  0.63494  0.75495
     84   2.21409  4.94030  2.52544  1.41796  4.37014  3.26115  3.77574  3.69678  2.63332  3.36671  4.24953  2.87300  3.83429  2.95207  3.08063  2.73724  3.03462  3.35011  5.62066  4.25589     84 e - - -
          2.68618  4.42225  2.77519  2.73123  3.46354  2.40513  3.72494  3.29354  2.67741  2.69355  4.24690  2.90347  2.73739  3.18146  2.89801  2.37887  2.77519  2.98518  4.58477  3.61503
          0.02847  3.96893  4.69127  0.61958  0.77255  0.63494  0.75495
     85   2.64368  5.01039  2.29359  2.27184  4.33396  3.31008  3.61793  3.78735  2.19101  3.33004  4.12251  2.51057  3.77628  2.75144  2.91057  2.33535  2.49296  3.40222  5.51623  4.12824     85 k - - -
          2.68618  4.42225  2.77519  2.73123  3.46354  2.40513  3.72494  3.29354  2.67741  2.69355  4.24690  2.90347  2.73739  3.18146  2.89801  2.37887  2.77519  2.98518  4.58477  3.61503
          0.11832  3.96893  2.37841  0.61958  0.77255  0.63494  0.75495
     86   2.65005  4.78269  2.90684  1.96525  4.01808  3.40491  3.61888  3.37948  2.12629  3.00019  3.01537  2.95013  3.82384  2.78469  2.71058  2.69029  2.88057  3.08726  5.27467  3.96770     86 e - - -
          2.68618  4.42225  2.77519  2.73123  3.46354  2.40513  3.72494  3.29354  2.67741  2.69355  4.24690  2.90347  2.73739  3.18146  2.89801  2.37887  2.77519  2.98518  4.58477  3.61503
          0.03111  3.88171  4.60405  0.61958  0.77255  0.46040  0.99704
     87   3.09254  4.41582  4.79759  4.23826  2.56105  4.38135  4.72351  1.45391  4.12078  1.58508  3.08112  4.42764  4.63559  4.26334  4.24499  3.71988  3.32573  1.68561  5.13035  3.96223     87 i - - -
          2.68618  4.42225  2.77519  2.73123  3.46354  2.40513  3.72494  3.29354  2.67741  2.69355  4.24690  2.90347  2.73739  3.18146  2.89801  2.37887  2.77519  2.98518  4.58477  3.61503
          0.02619  4.05129  4.77363  0.61958  0.77255  0.55766  0.84991
     88   2.42237  4.45760  3.06520  2.72091  4.22950  3.13914  3.92764  3.64935  2.79855  3.29501  4.12090  2.46849  3.76767  3.13044  3.19695  1.65244  2.06612  3.20913  5.52684  4.23825     88 s - - -
          2.68618  4.42225  2.77519  2.73123  3.46354  2.40513  3.72494  3.29354  2.67741  2.69355  4.24690  2.90347  2.73739  3.18146  2.89801  2.37887  2.77519  2.98518  4.58477  3.61503
          0.02619  4.05129  4.77363  0.61958  0.77255  0.55766  0.84991
     89   2.46845  3.09492  3.36497  2.84138  3.76887  3.31776  3.85561  3.12203  2.41099  2.82787  3.69648  3.21643  3.83519  3.11373  3.11429  2.30684  1.94195  2.82275  5.15293  3.90618     89 t - - -
          2.68618  4.42225  2.77519  2.73123  3.46354  2.40513  3.72494  3.29354  2.67741  2.69355  4.24690  2.90347  2.73739  3.18146  2.89801  2.37887  2.77519  2.98518  4.58477  3.61503
          0.02619  4.05129  4.77363  0.61958  0.77255  0.55766  0.84991
     90   2.72494  4.80105  3.20732  2.60319  4.04356  3.51750  2.96776  2.79064  1.99515  3.03221  3.88234  3.06868  3.89263  2.78243  1.99694  2.77744  2.93429  3.14923  5.23950  3.97134     90 k - - -
          2.68618  4.42225  2.77519  2.73123  3.46354  2.40513  3.72494  3.29354  2.67741  2.69355  4.24690  2.90347  2.73739  3.18146  2.89801  2.37887  2.77519  2.98518  4.58477  3.61503
          0.11338  3.98057  2.42462  0.61958  0.77255  0.55766  0.84991
     91   2.49848  4.57064  3.02492  2.57801  4.09847  3.23938  3.72085  3.51966  2.45080  3.13077  3.96565  3.01584  2.80147  2.90037  2.34856  1.97075  2.81476  3.14803  5.34887  4.05804     91 s - - -
          2.68618  4.42225  2.77519  2.73123  3.46354  2.40513  3.72494  3.29354  2.67741  2.69355  4.24690  2.90347  2.73739  3.18146  2.89801  2.37887  2.77519  2.98518  4.58477  3.61503
          0.03060  3.89780  4.62014  0.61958  0.77255  0.63018  0.76034
     92   2.39816  4.32806  4.18849  3.66299  3.36365  3.99217  4.42734  1.56462  3.53556  1.73145  3.23150  3.95412  4.36061  3.83224  3.78244  3.32810  3.12004  1.87106  5.15585  3.95646     92 i - - -
          2.68618  4.42225  2.77519  2.73123  3.46354  2.40513  3.72494  3.29354  2.67741  2.69355  4.24690  2.90347  2.73739  3.18146  2.89801  2.37887  2.77519  2.98518  4.58477  3.61503
          0.03060  3.89780  4.62014  0.61958  0.77255  0.63018  0.76034
     93   2.26587  4.26270  3.06620  2.79412  4.25131  1.87768  3.99735  3.69371  2.92791  3.34077  4.16265  3.10226  2.56197  3.22690  3.30081  1.99874  2.71264  3.18050  5.55885  4.29978     93 g - - -
          2.68618  4.42225  2.77519  2.73123  3.46354  2.40513  3.72494  3.29354  2.67741  2.69355  4.24690  2.90347  2.73739  3.18146  2.89801  2.37887  2.77519  2.98518  4.58477  3.61503
          0.03060  3.89780  4.62014  0.61958  0.77255  0.63018  0.76034
     94   2.74584  4.86041  1.64343  2.40359  3.95197  3.33204  3.76804  3.31624  2.69110  2.35449  4.00299  2.93034  3.86286  2.97861  3.15211  2.77895  3.02569  3.06585  5.35647  3.96098     94 d - - -
          2.68618  4.42225  2.77519  2.73123  3.46354  2.40513  3.72494  3.29354  2.67741  2.69355  4.24690  2.90347  2.73739  3.18146  2.89801  2.37887  2.77519  2.98518  4.58477  3.61503
          0.03060  3.89780  4.62014  0.61958  0.77255  0.63018  0.76034
     95   2.22903  4.17085  3.28517  3.00215  4.15312  2.94640  4.09395  3.50042  3.02537  3.24646  4.11476  3.21615  3.67048  3.36106  3.33799  1.37403  2.15517  3.03255  5.51571  4.27106     95 s - - -
          2.68618  4.42225  2.77519  2.73123  3.46354  2.40513  3.72494  3.29354  2.67741  2.69355  4.24690  2.90347  2.73739  3.18146  2.89801  2.37887  2.77519  2.98518  4.58477  3.61503
          0.03060  3.89780  4.62014  0.61958  0.77255  0.63018  0.76034
     96   3.05077  4.46223  4.37196  3.98857  3.39107  4.09410  4.71186  1.04710  3.81720  1.97172  3.32228  4.23034  4.52271  4.16277  4.01086  3.59169  3.34942  1.84634  5.28726  4.02787     96 i - - -
          2.68618  4.42225  2.77519  2.73123  3.46354  2.40513  3.72494  3.29354  2.67741  2.69355  4.24690  2.90347  2.73739  3.18146  2.89801  2.37887  2.77519  2.98518  4.58477  3.61503
          0.03060  3.89780  4.62014  0.61958  0.77255  0.63018  0.76034
     97   2.29983  4.27623  3.10553  2.83466  4.17289  2.99227  4.00384  3.62255  2.91454  3.29065  4.14310  3.13580  2.06155  3.24830  3.26235  1.65768  2.74322  3.14642  5.50100  4.23184     97 s - - -
          2.68618  4.42225  2.77519  2.73123  3.46354  2.40513  3.72494  3.29354  2.67741  2.69355  4.24690  2.90347  2.73739  3.18146  2.89801  2.37887  2.77519  2.98518  4.58477  3.61503
          0.03060  3.89780  4.62014  0.61958  0.77255  0.63018  0.76034
     98   1.92930  4.35861  2.97010  2.68222  4.18852  3.03642  3.90924  3.60737  2.80710  3.26695  4.09890  2.41495  3.69453  3.12516  3.19668  1.75895  2.75145  3.15206  5.49730  4.21206     98 s - - -
          2.68618  4.42225  2.77519  2.73123  3.46354  2.40513  3.72494  3.29354  2.67741  2.69355  4.24690  2.90347  2.73739  3.18146  2.89801  2.37887  2.77519  2.98518  4.58477  3.61503
          0.03060  3.89780  4.62014  0.61958  0.77255  0.63018  0.76034
     99   3.17077  4.54287  4.58805  4.06886  3.12669  4.37009  4.70790  1.71176  3.88420  1.10060  2.97780  4.35005  4.62907  4.12654  4.06435  3.73899  3.41363  2.02101  5.14845  3.96962     99 l - - -
          2.68618  4.42225  2.77519  2.73123  3.46354  2.40513  3.72494  3.29354  2.67741  2.69355  4.24690  2.90347  2.73739  3.18146  2.89801  2.37887  2.77519  2.98518  4.58477  3.61503
          0.03060  3.89780  4.62014  0.61958  0.77255  0.63018  0.76034
    100   2.50617  4.37895  3.22397  2.73056  3.64345  3.36576  3.77373  2.95040  2.67983  2.37626  3.60708  2.62153  3.83591  3.03510  3.05195  2.29279  2.78902  2.35401  5.05504  3.77766    100 s - - -
          2.68618  4.42225  2.77519  2.73123  3.46354  2.40513  3.72494  3.29354  2.67741  2.69355  4.24690  2.90347  2.73739  3.18146  2.89801  2.37887  2.77519  2.98518  4.58477  3.61503
          0.03060  3.89780  4.62014  0.61958  0.77255  0.63018  0.76034
    101   2.70877  5.06897  1.97149  2.18258  4.47382  3.18987  3.70007  3.96660  2.62863  3.51494  4.33973  1.99221  3.76917  2.86247  3.15501  2.21574  3.00710  3.55261  5.69047  4.26019    101 d - - -
          2.68618  4.42225  2.77519  2.73123  3.46354  2.40513  3.72494  3.29354  2.67741  2.69355  4.24690  2.90347  2.73739  3.18146  2.89801  2.37887  2.77519  2.98518  4.58477  3.61503
          0.03060  3.89780  4.62014  0.61958  0.77255  0.63018  0.76034
    102   2.57607  4.23991  3.70343  3.20235  3.44741  3.52840  4.05630  2.40329  3.09219  2.04371  3.42068  3.50738  4.01237  3.42607  3.38402  2.35980  2.87844  1.75553  5.01961  3.76855    102 v - - -
          2.68618  4.42225  2.77519  2.73123  3.46354  2.40513  3.72494  3.29354  2.67741  2.69355  4.24690  2.90347  2.73739  3.18146  2.89801  2.37887  2.77519  2.98518  4.58477  3.61503
          0.03060  3.89780  4.62014  0.61958  0.77255  0.63018  0.76034
    103   3.07717  4.58258  3.97858  3.53731  2.36673  3.94743  3.66847  2.81772  3.33862  1.89602  3.51554  3.72160  4.31911  3.63382  3.54989  3.30060  3.31970  2.72979  4.03682  1.45421    103 y - - -
          2.68618  4.42225  2.77519  2.73123  3.46354  2.40513  3.72494  3.29354  2.67741  2.69355  4.24690  2.90347  2.73739  3.18146  2.89801  2.37887  2.77519  2.98518  4.58477  3.61503
          0.03060  3.89780  4.62014  0.61958  0.77255  0.63018  0.76034
    104   2.50539  4.59349  2.67591  2.49648  4.23228  3.09908  3.84463  3.77133  2.72553  3.39867  4.25156  1.65835  3.74607  3.05695  3.12694  2.08672  2.89177  3.32831  5.53191  4.16720    104 n - - -
          2.68618  4.42225  2.77519  2.73123  3.46354  2.40513  3.72494  3.29354  2.67741  2.69355  4.24690  2.90347  2.73739  3.18146  2.89801  2.37887  2.77519  2.98518  4.58477  3.61503
          0.03060  3.89780  4.62014  0.61958  0.77255  0.63018  0.76034
    105   2.74163  5.13908  2.01704  1.87423  4.47399  3.21800  3.67728  3.94270  2.59492  3.49119  4.31643  2.72417  3.77801  2.83479  3.12340  1.95110  3.01974  3.54857  5.68053  4.25133    105 e - - -
          2.68618  4.42225  2.77519  2.73123  3.46354  2.40513  3.72494  3.29354  2.67741  2.69355  4.24690  2.90347  2.73739  3.18146  2.89801  2.37887  2.77519  2.98518  4.58477  3.61503
          0.03060  3.89780  4.62014  0.61958  0.77255  0.63018  0.76034
    106   2.65974  4.93897  2.61781  2.05275  4.28688  2.67073  3.63377  3.72046  2.12887  3.28309  4.10079  2.83380  3.78373  2.78408  2.84704  2.26048  2.91874  3.35512  5.48062  4.12317    106 e - - -
          2.68618  4.42225  2.77519  2.73123  3.46354  2.40513  3.72494  3.29354  2.67741  2.69355  4.24690  2.90347  2.73739  3.18146  2.89801  2.37887  2.77519  2.98518  4.58477  3.61503
          0.03060  3.89780  4.62014  0.61958  0.77255  0.63018  0.76034
    107   2.74966  5.16724  2.01966  2.17114  4.37875  3.24905  2.77370  3.94210  2.53194  3.46946  4.29044  2.03892  3.78442  2.80469  3.04168  2.69326  3.01240  3.55275  5.59868  4.15281    107 d - - -
          2.68618  4.42225  2.77519  2.73123  3.46354  2.40513  3.72494  3.29354  2.67741  2.69355  4.24690  2.90347  2.73739  3.18146  2.89801  2.37887  2.77519  2.98518  4.58477  3.61503
          0.03060  3.89780  4.62014  0.61958  0.77255  0.63018  0.76034
    108   2.44689  4.49189  3.01079  2.62877  4.15077  2.09833  3.79051  3.57990  2.54993  3.19812  4.03211  3.03673  3.74462  2.98276  2.39927  2.12780  2.80292  3.17321  5.40901  4.12704    108 g - - -
          2.68618  4.42225  2.77519  2.73123  3.46354  2.40513  3.72494  3.29354  2.67741  2.69355  4.24690  2.90347  2.73739  3.18146  2.89801  2.37887  2.77519  2.98518  4.58477  3.61503
          0.03060  3.89780  4.62014  0.61958  0.77255  0.63018  0.76034
    109   2.49197  4.55214  2.92773  2.55466  4.08190  3.21088  3.75191  3.48814  2.54426  3.12168  3.96790  2.99842  3.76199  2.41231  2.92737  1.90818  2.38335  3.12203  5.36563  4.06669    109 s - - -
          2.68618  4.42225  2.77519  2.73123  3.46354  2.40513  3.72494  3.29354  2.67741  2.69355  4.24690  2.90347  2.73739  3.18146  2.89801  2.37887  2.77519  2.98518  4.58477  3.61503
          0.03060  3.89780  4.62014  0.61958  0.77255  0.63018  0.76034
    110   2.22160  4.25923  3.53368  3.01356  3.51200  3.45757  3.94392  2.57658  2.93910  2.12675  3.44518  3.36537  3.01574  3.26528  3.26952  2.77318  2.82121  2.05966  5.02524  3.79436    110 v - - -
          2.68618  4.42225  2.77519  2.73123  3.46354  2.40513  3.72494  3.29354  2.67741  2.69355  4.24690  2.90347  2.73739  3.18146  2.89801  2.37887  2.77519  2.98518  4.58477  3.61503
          0.03060  3.89780  4.62014  0.61958  0.77255  0.63018  0.76034
    111   2.52203  3.09726  3.72375  3.16223  3.20453  3.54205  3.87960  2.27655  3.06431  2.32282  3.25532  3.45587  3.95106  3.34257  3.33023  2.45208  2.77476  2.33868  4.71043  2.88032    111 i - - -
          2.68618  4.42225  2.77519  2.73123  3.46354  2.40513  3.72494  3.29354  2.67741  2.69355  4.24690  2.90347  2.73739  3.18146  2.89801  2.37887  2.77519  2.98518  4.58477  3.61503
          0.03060  3.89780  4.62014  0.61958  0.77255  0.63018  0.76034
    112   3.17196  4.54588  4.58354  4.06494  3.12314  4.36762  4.70404  1.72972  3.87875  1.09028  2.97558  4.34683  4.62735  4.12235  4.05917  3.73693  3.41499  2.02891  5.14508  3.96512    112 l - - -
          2.68618  4.42225  2.77519  2.73123  3.46354  2.40513  3.72494  3.29354  2.67741  2.69355  4.24690  2.90347  2.73739  3.18146  2.89801  2.37887  2.77519  2.98518  4.58477  3.61503
          0.03060  3.89780  4.62014  0.61958  0.77255  0.63018  0.76034
    113   2.47401  4.53251  3.06363  2.57717  4.02149  3.25106  3.71202  3.42217  2.48225  3.05060  3.88405  3.01873  2.96003  2.89458  2.45084  2.21482  2.34280  3.06735  5.29857  4.01110    113 s - - -
          2.68618  4.42225  2.77519  2.73123  3.46354  2.40513  3.72494  3.29354  2.67741  2.69355  4.24690  2.90347  2.73739  3.18146  2.89801  2.37887  2.77519  2.98518  4.58477  3.61503
          0.03060  3.89780  4.62014  0.61958  0.77255  0.63018  0.76034
    114   2.97019  4.35451  4.48678  3.94187  2.14371  4.16624  4.44018  1.76744  3.82988  1.76083  3.06555  4.15901  4.46596  4.01393  4.00231  3.49689  3.21102  1.70680  4.90621  3.62123    114 v - - -
          2.68618  4.42225  2.77519  2.73123  3.46354  2.40513  3.72494  3.29354  2.67741  2.69355  4.24690  2.90347  2.73739  3.18146  2.89801  2.37887  2.77519  2.98518  4.58477  3.61503
          0.03060  3.89780  4.62014  0.61958  0.77255  0.63018  0.76034
    115   2.57649  4.68055  2.67219  2.46991  4.23998  3.15765  3.81397  3.75636  2.67189  3.36908  4.22966  1.64281  2.62686  3.01679  3.07765  2.63482  2.93403  3.34514  5.50927  4.16397    115 n - - -
          2.68618  4.42225  2.77519  2.73123  3.46354  2.40513  3.72494  3.29354  2.67741  2.69355  4.24690  2.90347  2.73739  3.18146  2.89801  2.37887  2.77519  2.98518  4.58477  3.61503
          0.03060  3.89780  4.62014  0.61958  0.77255  0.63018  0.76034
    116   1.52769  4.60707  2.18682  2.47239  4.21119  3.14097  3.85188  3.52227  2.79713  3.25912  4.14141  2.94260  3.76384  3.05867  3.24843  2.60893  2.89708  3.15311  5.53174  4.20006    116 a - - -
          2.68618  4.42225  2.77519  2.73123  3.46354  2.40513  3.72494  3.29354  2.67741  2.69355  4.24690  2.90347  2.73739  3.18146  2.89801  2.37887  2.77519  2.98518  4.58477  3.61503
          0.03060  3.89780  4.62014  0.61958  0.77255  0.63018  0.76034
    117   2.25412  5.02264  2.13525  1.93968  4.36592  3.24079  3.65591  3.81260  2.53945  3.37746  4.19333  2.76367  3.76805  2.80834  3.05117  2.29332  2.94810  3.43051  5.58164  4.17956    117 e - - -
          2.68618  4.42225  2.77519  2.73123  3.46354  2.40513  3.72494  3.29354  2.67741  2.69355  4.24690  2.90347  2.73739  3.18146  2.89801  2.37887  2.77519  2.98518  4.58477  3.61503
          0.03060  3.89780  4.62014  0.61958  0.77255  0.63018  0.76034
    118   2.65531  4.44285  2.77052  2.82358  3.45374  3.57317  3.84779  2.67357  2.79670  2.04477  2.42560  3.26612  3.96895  3.12715  3.16914  2.84900  2.89666  2.51994  5.00306  3.73620    118 l - - -
          2.68618  4.42225  2.77519  2.73123  3.46354  2.40513  3.72494  3.29354  2.67741  2.69355  4.24690  2.90347  2.73739  3.18146  2.89801  2.37887  2.77519  2.98518  4.58477  3.61503
          0.03060  3.89780  4.62014  0.61958  0.77255  0.63018  0.76034
    119   2.46151  4.48451  2.88615  2.61737  4.11786  3.13309  3.85664  3.49383  2.70513  3.20138  4.07333  2.04380  3.75489  3.07293  3.07978  2.56869  1.88546  3.11037  5.43818  4.12698    119 t - - -
          2.68618  4.42225  2.77519  2.73123  3.46354  2.40513  3.72494  3.29354  2.67741  2.69355  4.24690  2.90347  2.73739  3.18146  2.89801  2.37887  2.77519  2.98518  4.58477  3.61503
          0.03060  3.89780  4.62014  0.61958  0.77255  0.50675  0.92243
    120   2.32971  5.23692  2.06770  1.89078  4.54557  3.26170  3.67723  4.02347  2.57539  3.54571  4.35406  2.08015  3.80146  2.82235  3.11155  2.70655  3.03595  3.61814  5.72178  4.28071    120 e - - -
          2.68618  4.42225  2.77519  2.73123  3.46354  2.40513  3.72494  3.29354  2.67741  2.69355  4.24690  2.90347  2.73739  3.18146  2.89801  2.37887  2.77519  2.98518  4.58477  3.61503
          0.02814  3.98057  4.70292  0.61958  0.77255  0.55766  0.84991
    121   3.54639  4.83443  4.48218  4.14513  1.59412  4.30357  3.46700  3.26964  4.00228  2.62273  3.87951  3.99333  4.62670  4.02996  4.08211  3.67048  3.77380  3.18807  3.62799  1.02284    121 y - - -
          2.68618  4.42225  2.77519  2.73123  3.46354  2.40513  3.72494  3.29354  2.67741  2.69355  4.24690  2.90347  2.73739  3.18146  2.89801  2.37887  2.77519  2.98518  4.58477  3.61503
          0.02814  3.98057  4.70292  0.61958  0.77255  0.55766  0.84991
    122   2.82889  3.11564  4.36096  3.80448  2.07406  3.94228  4.17788  2.30096  3.66541  1.53265  3.09099  3.96490  4.29146  3.84721  3.81261  3.26440  3.07333  2.22707  4.65822  3.32281    122 l - - -
          2.68618  4.42225  2.77519  2.73123  3.46354  2.40513  3.72494  3.29354  2.67741  2.69355  4.24690  2.90347  2.73739  3.18146  2.89801  2.37887  2.77519  2.98518  4.58477  3.61503
          0.02814  3.98057  4.70292  0.61958  0.77255  0.55766  0.84991
    123   2.49030  4.56951  2.78606  2.57399  4.28472  3.11586  3.89524  3.80244  2.77809  3.42472  4.26346  1.94161  3.76493  3.10260  3.18306  1.62611  2.88455  3.34202  5.57706  4.23076    123 s - - -
          2.68618  4.42225  2.77519  2.73123  3.46354  2.40513  3.72494  3.29354  2.67741  2.69355  4.24690  2.90347  2.73739  3.18146  2.89801  2.37887  2.77519  2.98518  4.58477  3.61503
          0.11338  3.98057  2.42462  0.61958  0.77255  0.55766  0.84991
    124   2.78800  5.01138  2.71503  2.41336  4.37363  3.35330  3.64950  3.83013  1.71101  3.37128  4.22228  2.01516  3.85278  2.80768  2.58055  2.77967  3.04159  3.47270  5.48697  4.16636    124 k - - -
          2.68618  4.42225  2.77519  2.73123  3.46354  2.40513  3.72494  3.29354  2.67741  2.69355  4.24690  2.90347  2.73739  3.18146  2.89801  2.37887  2.77519  2.98518  4.58477  3.61503
          0.03060  3.89780  4.62014  0.61958  0.77255  0.63018  0.76034
    125   2.25182  4.45424  3.14007  2.64792  3.66518  3.37541  3.00537  3.08919  2.58099  2.39412  3.64523  3.09055  3.82620  2.95862  2.95750  2.30609  2.80048  2.81685  5.05106  3.75421    125 a - - -
          2.68618  4.42225  2.77519  2.73123  3.46354  2.40513  3.72494  3.29354  2.67741  2.69355  4.24690  2.90347  2.73739  3.18146  2.89801  2.37887  2.77519  2.98518  4.58477  3.61503
          0.03060  3.89780  4.62014  0.61958  0.77255  0.63018  0.76034
    126   2.42398  4.24236  3.41384  2.95345  3.68492  2.64364  3.93898  2.37120  2.89639  2.69383  3.62874  3.27882  3.83020  3.23527  3.23018  2.63144  1.96693  2.56162  5.13508  3.89477    126 t - - -
          2.68618  4.42225  2.77519  2.73123  3.46354  2.40513  3.72494  3.29354  2.67741  2.69355  4.24690  2.90347  2.73739  3.18146  2.89801  2.37887  2.77519  2.98518  4.58477  3.61503
          0.03060  3.89780  4.62014  0.61958  0.77255  0.63018  0.76034
    127   2.80048  5.08398  1.29884  2.21729  4.58992  2.37208  3.81726  4.11003  2.84183  3.67793  4.54699  2.77119  3.79893  3.00928  3.38741  2.76365  3.13658  3.68061  5.78571  4.39280    127 d - - -
          2.68618  4.42225  2.77519  2.73123  3.46354  2.40513  3.72494  3.29354  2.67741  2.69355  4.24690  2.90347  2.73739  3.18146  2.89801  2.37887  2.77519  2.98518  4.58477  3.61503
          0.03060  3.89780  4.62014  0.61958  0.77255  0.63018  0.76034
    128   3.29032  4.68459  4.27345  3.99260  0.97118  3.97449  3.88809  2.81071  3.89895  2.17484  3.53701  4.04760  4.43238  4.05990  4.01243  3.55906  3.59140  2.80329  4.12935  2.49307    128 f - - -
          2.68618  4.42225  2.77519  2.73123  3.46354  2.40513  3.72494  3.29354  2.67741  2.69355  4.24690  2.90347  2.73739  3.18146  2.89801  2.37887  2.77519  2.98518  4.58477  3.61503
          0.03060  3.89780  4.62014  0.61958  0.77255  0.63018  0.76034
    129   2.69517  4.99482  2.58377  1.80705  4.25561  3.30987  2.89258  3.73288  2.41121  3.28894  4.11331  2.82266  2.86518  2.78050  2.85208  2.67815  2.94423  3.37682  5.46351  4.08793    129 e - - -
          2.68618  4.42225  2.77519  2.73123  3.46354  2.40513  3.72494  3.29354  2.67741  2.69355  4.24690  2.90347  2.73739  3.18146  2.89801  2.37887  2.77519  2.98518  4.58477  3.61503
          0.03060  3.89780  4.62014  0.61958  0.77255  0.63018  0.76034
    130   2.42603  4.27121  3.45023  3.20318  3.99090  3.10971  4.21861  3.12111  3.14666  2.98371  4.03245  3.40864  3.81539  3.54017  3.40425  2.62756  1.12971  2.81339  5.42648  4.20748    130 t - - -
          2.68618  4.42225  2.77519  2.73123  3.46354  2.40513  3.72494  3.29354  2.67741  2.69355  4.24690  2.90347  2.73739  3.18146  2.89801  2.37887  2.77519  2.98518  4.58477  3.61503
          0.03060  3.89780  4.62014  0.61958  0.77255  0.63018  0.76034
    131   2.70588  4.79625  3.06836  2.55260  4.06602  3.45539  3.62281  3.41864  1.77446  3.02884  3.90321  3.02504  3.86651  2.41127  2.52717  2.75438  2.93145  2.59388  5.27466  3.99798    131 k - - -
          2.68618  4.42225  2.77519  2.73123  3.46354  2.40513  3.72494  3.29354  2.67741  2.69355  4.24690  2.90347  2.73739  3.18146  2.89801  2.37887  2.77519  2.98518  4.58477  3.61503
          0.03060  3.89780  4.62014  0.61958  0.77255  0.63018  0.76034
    132   3.28337  4.76211  3.87546  3.60942  2.29360  3.85950  3.62994  3.28902  3.46620  2.73646  3.96138  3.75442  4.33267  3.76618  3.64480  3.41762  3.57013  3.16074  3.93840  0.92470    132 y - - -
          2.68618  4.42225  2.77519  2.73123  3.46354  2.40513  3.72494  3.29354  2.67741  2.69355  4.24690  2.90347  2.73739  3.18146  2.89801  2.37887  2.77519  2.98518  4.58477  3.61503
          0.03060  3.89780  4.62014  0.61958  0.77255  0.63018  0.76034
    133   1.28768  4.11066  3.37282  3.10924  4.16115  2.90832  4.16965  3.47281  3.15250  3.25301  4.12355  3.26224  3.65506  3.45838  3.44726  1.89297  2.67175  2.99539  5.54052  4.31556    133 a - - -
          2.68618  4.42225  2.77519  2.73123  3.46354  2.40513  3.72494  3.29354  2.67741  2.69355  4.24690  2.90347  2.73739  3.18146  2.89801  2.37887  2.77519  2.98518  4.58477  3.61503
          0.03060  3.89780  4.62014  0.61958  0.77255  0.63018  0.76034
    134   3.20960  4.59389  4.52288  4.02761  2.17748  4.29940  4.33073  2.27739  3.88581  1.06473  2.95920  4.23776  4.56604  4.04279  4.03929  3.66345  3.44515  2.36804  4.64433  3.21407    134 l - - -
          2.68618  4.42225  2.77519  2.73123  3.46354  2.40513  3.72494  3.29354  2.67741  2.69355  4.24690  2.90347  2.73739  3.18146  2.89801  2.37887  2.77519  2.98518  4.58477  3.61503
          0.03060  3.89780  4.62014  0.61958  0.77255  0.63018  0.76034
    135   2.71210  4.31087  3.71831  3.17565  2.38824  3.69826  2.94881  2.67193  3.06192  2.21856  2.31269  3.49211  4.06582  3.35531  3.34080  2.97839  2.94525  2.53156  4.46692  3.01329    135 l - - -
          2.68618  4.42225  2.77519  2.73123  3.46354  2.40513  3.72494  3.29354  2.67741  2.69355  4.24690  2.90347  2.73739  3.18146  2.89801  2.37887  2.77519  2.98518  4.58477  3.61503
          0.03060  3.89780  4.62014  0.61958  0.77255  0.63018  0.76034
    136   3.01671  4.37290  4.61002  4.11471  3.47964  4.29383  4.85227  1.36959  3.99356  1.99734  3.30286  4.35433  4.63236  4.27275  4.20816  3.67623  3.28782  1.26782  5.42188  4.21161    136 v - - -
          2.68618  4.42225  2.77519  2.73123  3.46354  2.40513  3.72494  3.29354  2.67741  2.69355  4.24690  2.90347  2.73739  3.18146  2.89801  2.37887  2.77519  2.98518  4.58477  3.61503
          0.03060  3.89780  4.62014  0.61958  0.77255  0.63018  0.76034
    137   2.22973  4.19764  3.13171  2.92318  4.29002  1.82653  4.10839  3.75709  3.07827  3.42751  4.25894  3.16501  3.65077  3.36912  3.41279  1.54263  2.71078  3.20207  5.61023  4.36557    137 s - - -
          2.68618  4.42225  2.77519  2.73123  3.46354  2.40513  3.72494  3.29354  2.67741  2.69355  4.24690  2.90347  2.73739  3.18146  2.89801  2.37887  2.77519  2.98518  4.58477  3.61503
          0.03060  3.89780  4.62014  0.61958  0.77255  0.63018  0.76034
    138   2.78182  4.91331  3.17333  2.60198  4.29400  3.48927  3.59324  3.65684  1.61138  3.20081  4.05028  3.05249  3.89252  2.73922  2.04205  2.80726  2.52103  3.33548  5.35251  4.11158    138 k - - -
          2.68618  4.42225  2.77519  2.73123  3.46354  2.40513  3.72494  3.29354  2.67741  2.69355  4.24690  2.90347  2.73739  3.18146  2.89801  2.37887  2.77519  2.98518  4.58477  3.61503
          0.03060  3.89780  4.62014  0.61958  0.77255  0.63018  0.76034
    139   2.50230  4.58995  2.68004  2.49824  4.23255  3.09829  3.84463  3.76941  2.72546  3.39646  4.24841  1.67523  3.74493  3.05650  3.12724  2.06397  2.88878  3.32588  5.53164  4.16828    139 n - - -
          2.68618  4.42225  2.77519  2.73123  3.46354  2.40513  3.72494  3.29354  2.67741  2.69355  4.24690  2.90347  2.73739  3.18146  2.89801  2.37887  2.77519  2.98518  4.58477  3.61503
          0.03060  3.89780  4.62014  0.61958  0.77255  0.63018  0.76034
    140   2.71592  5.01958  2.55626  1.97771  4.34096  3.29986  3.63767  3.78545  2.39751  3.33640  4.16399  2.81974  3.80052  2.09438  2.82046  2.28326  2.97081  3.42205  5.51856  4.15325    140 e - - -
          2.68618  4.42225  2.77519  2.73123  3.46354  2.40513  3.72494  3.29354  2.67741  2.69355  4.24690  2.90347  2.73739  3.18146  2.89801  2.37887  2.77519  2.98518  4.58477  3.61503
          0.03060  3.89780  4.62014  0.61958  0.77255  0.63018  0.76034
    141   3.11752  4.47585  4.62223  4.06176  3.13293  4.36302  4.68834  1.56660  3.92405  1.37606  2.33912  4.33665  4.59608  4.11003  4.09594  3.69743  3.34693  2.00811  5.13314  4.02101    141 l - - -
          2.68618  4.42225  2.77519  2.73123  3.46354  2.40513  3.72494  3.29354  2.67741  2.69355  4.24690  2.90347  2.73739  3.18146  2.89801  2.37887  2.77519  2.98518  4.58477  3.61503
          0.03060  3.89780  4.62014  0.61958  0.77255  0.63018  0.76034
    142   2.71049  4.47449  3.36607  2.99985  2.80259  3.48726  3.68590  3.12993  2.94030  2.75713  3.75117  3.32425  3.99242  3.28907  3.24080  2.28708  3.01440  2.89072  4.38800  1.66888    142 y - - -
          2.68618  4.42225  2.77519  2.73123  3.46354  2.40513  3.72494  3.29354  2.67741  2.69355  4.24690  2.90347  2.73739  3.18146  2.89801  2.37887  2.77519  2.98518  4.58477  3.61503
          0.03060  3.89780  4.62014  0.61958  0.77255  0.63018  0.76034
    143   2.74118  5.04551  2.66921  2.05897  4.37040  3.35053  3.61014  3.80904  2.27422  3.33894  4.16201  2.11327  3.81995  2.75353  2.24138  2.71855  2.97910  3.44700  5.49134  4.15029    143 e - - -
          2.68618  4.42225  2.77519  2.73123  3.46354  2.40513  3.72494  3.29354  2.67741  2.69355  4.24690  2.90347  2.73739  3.18146  2.89801  2.37887  2.77519  2.98518  4.58477  3.61503
          0.03060  3.89780  4.62014  0.61958  0.77255  0.63018  0.76034
    144   3.05077  4.46223  4.37196  3.98857  3.39107  4.09410  4.71186  1.04710  3.81720  1.97172  3.32228  4.23034  4.52271  4.16277  4.01086  3.59169  3.34942  1.84634  5.28726  4.02787    144 i - - -
          2.68618  4.42225  2.77519  2.73123  3.46354  2.40513  3.72494  3.29354  2.67741  2.69355  4.24690  2.90347  2.73739  3.18146  2.89801  2.37887  2.77519  2.98518  4.58477  3.61503
          0.03060  3.89780  4.62014  0.61958  0.77255  0.63018  0.76034
    145   3.11391  4.47240  4.61919  4.05940  3.13896  4.36018  4.68774  1.54551  3.92113  1.39894  2.34350  4.33392  4.59524  4.11006  4.09423  3.69492  3.34390  1.99798  5.13634  4.02160    145 l - - -
          2.68618  4.42225  2.77519  2.73123  3.46354  2.40513  3.72494  3.29354  2.67741  2.69355  4.24690  2.90347  2.73739  3.18146  2.89801  2.37887  2.77519  2.98518  4.58477  3.61503
          0.03060  3.89780  4.62014  0.61958  0.77255  0.50675  0.92243
    146   2.61423  4.74931  2.79313  1.75087  4.09889  3.32047  3.71331  3.43671  2.53941  3.11715  3.97151  2.94405  3.81568  2.88845  2.97509  2.27801  2.89204  2.64917  5.38930  4.05557    146 e - - -
          2.68618  4.42225  2.77519  2.73123  3.46354  2.40513  3.72494  3.29354  2.67741  2.69355  4.24690  2.90347  2.73739  3.18146  2.89801  2.37887  2.77519  2.98518  4.58477  3.61503
          0.02814  3.98057  4.70292  0.61958  0.77255  0.55766  0.84991
    147   2.64094  5.01184  2.52602  2.33220  4.32445  3.37590  3.57471  3.76853  2.08543  3.29237  4.07625  2.86524  3.78814  2.39213  2.43429  2.62243  2.50096  3.38792  5.45647  4.09361    147 k - - -
          2.68618  4.42225  2.77519  2.73123  3.46354  2.40513  3.72494  3.29354  2.67741  2.69355  4.24690  2.90347  2.73739  3.18146  2.89801  2.37887  2.77519  2.98518  4.58477  3.61503
          0.02814  3.98057  4.70292  0.61958  0.77255  0.55766  0.84991
    148   3.03751  4.39917  4.64489  4.16041  3.54849  4.30403  4.90253  1.58019  4.03524  2.08147  3.37797  4.38829  4.66253  4.32577  4.25032  3.69547  3.31625  1.03959  5.48354  4.25934    148 v - - -
          2.68618  4.42225  2.77519  2.73123  3.46354  2.40513  3.72494  3.29354  2.67741  2.69355  4.24690  2.90347  2.73739  3.18146  2.89801  2.37887  2.77519  2.98518  4.58477  3.61503
          0.02814  3.98057  4.70292  0.61958  0.77255  0.55766  0.84991
    149   3.05717  5.12439  3.48131  2.82752  4.56687  3.66120  3.62290  3.92073  1.64369  3.37844  4.26283  3.21771  4.04000  2.76524  1.27053  3.06413  3.22841  3.61295  5.42653  4.26469    149 r - - -
          2.68618  4.42225  2.77519  2.73123  3.46354  2.40513  3.72494  3.29354  2.67741  2.69355  4.24690  2.90347  2.73739  3.18146  2.89801  2.37887  2.77519  2.98518  4.58477  3.61503
          0.02814  3.98057  4.70292  0.61958  0.77255  0.55766  0.84991
    150   2.81564  4.81414  2.77254  2.66940  4.19487  3.25852  4.01225  3.92951  2.92554  3.56438  4.51971  0.98004  3.91611  3.28597  3.28319  2.87920  3.20155  3.54075  5.48847  4.13604    150 n - - -
          2.68618  4.42225  2.77519  2.73123  3.46354  2.40513  3.72494  3.29354  2.67741  2.69355  4.24690  2.90347  2.73739  3.18146  2.89801  2.37887  2.77519  2.98518  4.58477  3.61503
          0.02814  3.98057  4.70292  0.61958  0.77255  0.55766  0.84991
    151   2.71459  4.52357  3.41552  2.84827  3.60539  3.61081  3.80197  2.37300  1.94350  2.18710  3.52317  3.27551  3.99110  3.04457  2.83335  2.89210  2.94319  2.54565  5.07777  3.82089    151 k - - -
          2.68618  4.42225  2.77519  2.73123  3.46354  2.40513  3.72494  3.29354  2.67741  2.69355  4.24690  2.90347  2.73739  3.18146  2.89801  2.37887  2.77519  2.98518  4.58477  3.61503
          0.03060  3.89780  4.62014  0.61958  0.77255  0.55766  0.84991
    152   3.05077  4.46223  4.37196  3.98857  3.39107  4.09410  4.71186  1.04710  3.81720  1.97172  3.32228  4.23034  4.52271  4.16277  4.01086  3.59169  3.34942  1.84634  5.28726  4.02787    152 i - - -
          2.68618  4.42225  2.77519  2.73123  3.46354  2.40513  3.72494  3.29354  2.67741  2.69355  4.24690  2.90347  2.73739  3.18146  2.89801  2.37887  2.77519  2.98518  4.58477  3.61503
          0.03060  3.89780  4.62014  0.61958  0.77255  0.44329  1.02700
    153   3.27069  4.70320  4.35281  3.99391  3.17662  4.11098  4.61771  2.38709  3.76064  0.75923  3.16916  4.25946  4.52932  4.10456  3.91973  3.69487  3.56060  2.45073  5.09209  3.83868    153 l - - -
          2.68618  4.42225  2.77519  2.73123  3.46354  2.40513  3.72494  3.29354  2.67741  2.69355  4.24690  2.90347  2.73739  3.18146  2.89801  2.37887  2.77519  2.98518  4.58477  3.61503
          0.02831  3.97438  4.69673  0.61958  0.77255  0.48576  0.95510
    154   3.01650  5.14915  0.88242  2.35026  4.52949  3.22958  3.95293  4.12336  3.04176  3.72709  4.70556  2.90798  3.88414  3.19198  3.56158  2.97587  3.35555  3.75978  5.69320  4.39796    154 d - - -
          2.68618  4.42225  2.77519  2.73123  3.46354  2.40513  3.72494  3.29354  2.67741  2.69355  4.24690  2.90347  2.73739  3.18146  2.89801  2.37887  2.77519  2.98518  4.58477  3.61503
          0.03060  3.89780  4.62014  0.61958  0.77255  0.48576  0.95510
    155   3.37732  4.74307  4.12967  3.84186  2.69172  3.75833  3.93059  3.40178  3.56344  2.79239  4.03444  3.98576  4.27812  3.94973  3.68740  3.58079  3.67895  3.29282  0.83574  2.69246    155 w - - -
          2.68618  4.42225  2.77519  2.73123  3.46354  2.40513  3.72494  3.29354  2.67741  2.69355  4.24690  2.90347  2.73739  3.18146  2.89801  2.37887  2.77519  2.98518  4.58477  3.61503
          0.03060  3.89780  4.62014  0.61958  0.77255  0.48576  0.95510
    156   1.47412  4.11889  3.35294  3.07923  4.17539  2.90787  4.15108  3.51025  3.12683  3.26938  4.13013  3.24594  3.65074  3.43121  3.43144  1.63309  2.66875  3.02162  5.54481  4.31778    156 a - - -
          2.68618  4.42225  2.77519  2.73123  3.46354  2.40513  3.72494  3.29354  2.67741  2.69355  4.24690  2.90347  2.73739  3.18146  2.89801  2.37887  2.77519  2.98518  4.58477  3.61503
          0.03060  3.89780  4.62014  0.61958  0.77255  0.48576  0.95510
    157   3.12308  4.47849  4.60257  4.09434  3.24067  4.36292  4.75371  1.30106  3.91731  1.48954  3.09782  4.36102  4.64340  4.18490  4.10654  3.73912  3.37356  1.83672  5.23075  4.02484    157 i - - -
          2.68618  4.42225  2.77519  2.73123  3.46354  2.40513  3.72494  3.29354  2.67741  2.69355  4.24690  2.90347  2.73739  3.18146  2.89801  2.37887  2.77519  2.98518  4.58477  3.61503
          0.03060  3.89780  4.62014  0.61958  0.77255  0.48576  0.95510
    158   2.59050  4.33442  3.59700  3.15929  3.55092  3.45006  4.08507  2.55457  3.00680  1.98238  3.51924  3.46836  3.99126  3.40429  3.29536  2.83854  1.75312  2.38263  5.15253  3.88835    158 t - - -
          2.68618  4.42225  2.77519  2.73123  3.46354  2.40513  3.72494  3.29354  2.67741  2.69355  4.24690  2.90347  2.73739  3.18146  2.89801  2.37887  2.77519  2.98518  4.58477  3.61503
          0.03060  3.89780  4.62014  0.61958  0.77255  0.48576  0.95510
    159   3.18347  4.63812  4.23020  3.86997  3.14506  4.01442  4.51775  2.35027  3.63748  0.84464  3.15974  4.14301  4.44529  3.99975  3.80948  3.58794  3.47650  2.39421  5.03374  3.76297    159 l - - -
          2.68618  4.42225  2.77519  2.73123  3.46354  2.40513  3.72494  3.29354  2.67741  2.69355  4.24690  2.90347  2.73739  3.18146  2.89801  2.37887  2.77519  2.98518  4.58477  3.61503
          0.03060  3.89780  4.62014  0.61958  0.77255  0.48576  0.95510
    160   2.97370  5.09045  2.49775  0.98991  4.43978  3.29012  3.87885  3.89869  2.76253  3.51164  4.48434  2.94676  3.89584  3.09383  3.17416  2.95339  3.27806  3.57984  5.60657  4.32857    160 e - - -
          2.68618  4.42225  2.77519  2.73123  3.46354  2.40513  3.72494  3.29354  2.67741  2.69355  4.24690  2.90347  2.73739  3.18146  2.89801  2.37887  2.77519  2.98518  4.58477  3.61503
          0.03060  3.89780  4.62014  0.61958  0.77255  0.48576  0.95510
    161   2.97370  5.09045  2.49775  0.98991  4.43978  3.29012  3.87885  3.89869  2.76253  3.51164  4.48434  2.94676  3.89584  3.09383  3.17416  2.95339  3.27806  3.57984  5.60657  4.32857    161 e - - -
          2.68618  4.42225  2.77519  2.73123  3.46354  2.40513  3.72494  3.29354  2.67741  2.69355  4.24690  2.90347  2.73739  3.18146  2.89801  2.37887  2.77519  2.98518  4.58477  3.61503
          0.03060  3.89780  4.62014  0.61958  0.77255  0.48576  0.95510
    162   2.74411  4.74184  2.72182  2.60974  4.10929  3.20070  3.94095  3.82492  2.84664  3.46886  4.42380  1.11400  3.85372  3.21358  3.20230  2.81023  3.12670  3.44457  5.41228  4.05568    162 n - - -
          2.68618  4.42225  2.77519  2.73123  3.46354  2.40513  3.72494  3.29354  2.67741  2.69355  4.24690  2.90347  2.73739  3.18146  2.89801  2.37887  2.77519  2.98518  4.58477  3.61503
          0.03060  3.89780  4.62014  0.61958  0.77255  0.48576  0.95510
    163   2.70838  4.84590  2.51103  1.89092  4.38589  1.63687  3.82113  3.83227  2.71767  3.44555  4.31826  2.88908  3.80509  3.02068  3.15146  2.73206  3.04481  3.44366  5.60298  4.28539    163 g - - -
          2.68618  4.42225  2.77519  2.73123  3.46354  2.40513  3.72494  3.29354  2.67741  2.69355  4.24690  2.90347  2.73739  3.18146  2.89801  2.37887  2.77519  2.98518  4.58477  3.61503
          0.03060  3.89780  4.62014  0.61958  0.77255  0.48576  0.95510
    164   3.05077  4.46223  4.37196  3.98857  3.39107  4.09410  4.71186  1.04710  3.81720  1.97172  3.32228  4.23034  4.52271  4.16277  4.01086  3.59169  3.34942  1.84634  5.28726  4.02787    164 i - - -
          2.68618  4.42225  2.77519  2.73123  3.46354  2.40513  3.72494  3.29354  2.67741  2.69355  4.24690  2.90347  2.73739  3.18146  2.89801  2.37887  2.77519  2.98518  4.58477  3.61503
          0.03060  3.89780  4.62014  0.61958  0.77255  0.48576  0.95510
    165   3.21099  4.59741  4.52029  4.02501  2.25283  4.30213  4.35316  2.26843  3.88242  1.03971  2.95388  4.24294  4.56877  4.04413  4.03869  3.66788  3.44722  2.36028  4.67288  3.25461    165 l - - -
          2.68618  4.42225  2.77519  2.73123  3.46354  2.40513  3.72494  3.29354  2.67741  2.69355  4.24690  2.90347  2.73739  3.18146  2.89801  2.37887  2.77519  2.98518  4.58477  3.61503
          0.03060  3.89780  4.62014  0.61958  0.77255  0.48576  0.95510
    166   2.69609  4.46926  3.37508  3.27757  4.41987  0.69108  4.39650  4.02545  3.46231  3.67645  4.65224  3.53932  3.86122  3.78443  3.69578  2.86870  3.17929  3.54887  5.50853  4.52254    166 G - - -
          2.68618  4.42225  2.77519  2.73123  3.46354  2.40513  3.72494  3.29354  2.67741  2.69355  4.24690  2.90347  2.73739  3.18146  2.89801  2.37887  2.77519  2.98518  4.58477  3.61503
          0.03060  3.89780  4.62014  0.61958  0.77255  0.48576  0.95510
    167   2.97370  5.09045  2.49775  0.98991  4.43978  3.29012  3.87885  3.89869  2.76253  3.51164  4.48434  2.94676  3.89584  3.09383  3.17416  2.95339  3.27806  3.57984  5.60657  4.32857    167 e - - -
          2.68618  4.42225  2.77519  2.73123  3.46354  2.40513  3.72494  3.29354  2.67741  2.69355  4.24690  2.90347  2.73739  3.18146  2.89801  2.37887  2.77519  2.98518  4.58477  3.61503
          0.03060  3.89780  4.62014  0.61958  0.77255  0.48576  0.95510
    168   2.75091  5.11546  2.33920  1.66627  4.48429  2.58327  3.68956  3.95516  2.57657  3.50055  4.33228  2.23624  3.78671  2.85110  3.07151  2.70601  3.03490  3.55924  5.67920  4.26526    168 e - - -
          2.68618  4.42225  2.77519  2.73123  3.46354  2.40513  3.72494  3.29354  2.67741  2.69355  4.24690  2.90347  2.73739  3.18146  2.89801  2.37887  2.77519  2.98518  4.58477  3.61503
          0.03060  3.89780  4.62014  0.61958  0.77255  0.48576  0.95510
    169   3.17291  4.58698  4.49300  3.95448  3.04264  4.31006  4.60146  2.17233  3.75123  1.03460  2.27847  4.25685  4.56364  3.99686  3.93523  3.66252  3.40765  2.26615  5.06486  3.91830    169 l - - -
          2.68618  4.42225  2.77519  2.73123  3.46354  2.40513  3.72494  3.29354  2.67741  2.69355  4.24690  2.90347  2.73739  3.18146  2.89801  2.37887  2.77519  2.98518  4.58477  3.61503
          0.03060  3.89780  4.62014  0.61958  0.77255  0.48576  0.95510
    170   2.63497  4.70485  2.90246  2.55399  4.09707  3.30503  3.73146  3.48002  2.42045  3.09411  4.00709  3.01297  3.83083  1.80028  2.75552  2.70142  2.35060  3.16536  5.37010  4.06512    170 q - - -
          2.68618  4.42225  2.77519  2.73123  3.46354  2.40513  3.72494  3.29354  2.67741  2.69355  4.24690  2.90347  2.73739  3.18146  2.89801  2.37887  2.77519  2.98518  4.58477  3.61503
          0.03060  3.89780  4.62014  0.61958  0.77255  0.48576  0.95510
    171   3.29032  4.68459  4.27345  3.99260  0.97118  3.97449  3.88809  2.81071  3.89895  2.17484  3.53701  4.04760  4.43238  4.05990  4.01243  3.55906  3.59140  2.80329  4.12935  2.49307    171 f - - -
          2.68618  4.42225  2.77519  2.73123  3.46354  2.40513  3.72494  3.29354  2.67741  2.69355  4.24690  2.90347  2.73739  3.18146  2.89801  2.37887  2.77519  2.98518  4.58477  3.61503
          0.03060  3.89780  4.62014  0.61958  0.77255  0.48576  0.95510
    172   2.24752  4.16979  3.32283  3.02538  4.08287  2.97617  4.08946  3.38329  3.02055  3.16261  4.04729  3.23818  3.68955  3.36630  3.32478  1.99733  1.48791  2.95564  5.46333  4.22256    172 t - - -
          2.68618  4.42225  2.77519  2.73123  3.46354  2.40513  3.72494  3.29354  2.67741  2.69355  4.24690  2.90347  2.73739  3.18146  2.89801  2.37887  2.77519  2.98518  4.58477  3.61503
          0.03060  3.89780  4.62014  0.61958  0.77255  0.48576  0.95510
    173   2.68396  4.99252  2.64708  2.02120  4.30359  3.32782  3.60850  3.73143  2.09000  3.28476  4.09931  2.45618  3.79340  2.75150  2.76729  2.66824  2.47414  3.37169  5.47136  4.11589    173 e - - -
          2.68618  4.42225  2.77519  2.73123  3.46354  2.40513  3.72494  3.29354  2.67741  2.69355  4.24690  2.90347  2.73739  3.18146  2.89801  2.37887  2.77519  2.98518  4.58477  3.61503
          0.03060  3.89780  4.62014  0.61958  0.77255  0.48576  0.95510
    174   2.71138  4.98403  2.66948  1.83654  4.30888  3.34043  3.62243  3.70551  2.02126  3.27804  4.10856  2.86101  3.81255  2.77038  2.71737  2.70138  2.51242  3.35796  5.47058  4.13100    174 e - - -
          2.68618  4.42225  2.77519  2.73123  3.46354  2.40513  3.72494  3.29354  2.67741  2.69355  4.24690  2.90347  2.73739  3.18146  2.89801  2.37887  2.77519  2.98518  4.58477  3.61503
          0.03060  3.89780  4.62014  0.61958  0.77255  0.48576  0.95510
    175   2.97370  5.09045  2.49775  0.98991  4.43978  3.29012  3.87885  3.89869  2.76253  3.51164  4.48434  2.94676  3.89584  3.09383  3.17416  2.95339  3.27806  3.57984  5.60657  4.32857    175 e - - -
          2.68618  4.42225  2.77519  2.73123  3.46354  2.40513  3.72494  3.29354  2.67741  2.69355  4.24690  2.90347  2.73739  3.18146  2.89801  2.37887  2.77519  2.98518  4.58477  3.61503
          0.03060  3.89780  4.62014  0.61958  0.77255  0.48576  0.95510
    176   2.97356  5.07327  3.33959  2.72896  4.49593  3.59036  3.58677  3.85935  1.31475  3.32989  4.20612  3.14036  3.97760  2.72860  1.79569  2.97808  3.15450  3.54546  5.39394  4.20962    176 k - - -
          2.68618  4.42225  2.77519  2.73123  3.46354  2.40513  3.72494  3.29354  2.67741  2.69355  4.24690  2.90347  2.73739  3.18146  2.89801  2.37887  2.77519  2.98518  4.58477  3.61503
          0.03060  3.89780  4.62014  0.61958  0.77255  0.48576  0.95510
    177   2.78949  5.20277  2.38524  1.69012  4.50042  3.27092  3.64627  3.97314  2.44840  3.49080  4.31729  2.28867  3.80295  2.35193  2.90157  2.72898  3.04496  3.58805  5.64829  4.24252    177 e - - -
          2.68618  4.42225  2.77519  2.73123  3.46354  2.40513  3.72494  3.29354  2.67741  2.69355  4.24690  2.90347  2.73739  3.18146  2.89801  2.37887  2.77519  2.98518  4.58477  3.61503
          0.03060  3.89780  4.62014  0.61958  0.77255  0.48576  0.95510
    178   2.75437  4.43190  3.55811  3.06785  3.54601  3.66953  3.96817  1.65546  2.29698  2.39813  3.48908  3.44831  4.08492  3.26591  3.02095  3.01523  3.00548  2.28789  5.08973  3.83989    178 i - - -
          2.68618  4.42225  2.77519  2.73123  3.46354  2.40513  3.72494  3.29354  2.67741  2.69355  4.24690  2.90347  2.73739  3.18146  2.89801  2.37887  2.77519  2.98518  4.58477  3.61503
          0.03060  3.89780  4.62014  0.61958  0.77255  0.48576  0.95510
    179   0.97788  4.20440  3.48805  3.28028  4.07735  3.02831  4.29937  3.20663  3.29718  3.08709  4.11597  3.42358  3.76990  3.63598  3.54609  2.55440  2.83349  2.85665  5.50197  4.30498    179 a - - -
          2.68618  4.42225  2.77519  2.73123  3.46354  2.40513  3.72494  3.29354  2.67741  2.69355  4.24690  2.90347  2.73739  3.18146  2.89801  2.37887  2.77519  2.98518  4.58477  3.61503
          0.03060  3.89780  4.62014  0.61958  0.77255  0.48576  0.95510
    180   2.56906  4.73827  2.78051  2.40798  4.15349  3.26993  3.66798  3.57924  2.45368  3.17558  4.00020  2.48876  3.77005  2.39791  2.87539  2.23016  2.44405  3.21781  5.39496  4.06482    180 s - - -
          2.68618  4.42225  2.77519  2.73123  3.46354  2.40513  3.72494  3.29354  2.67741  2.69355  4.24690  2.90347  2.73739  3.18146  2.89801  2.37887  2.77519  2.98518  4.58477  3.61503
          0.03060  3.89780  4.62014  0.61958  0.77255  0.48576  0.95510
    181   2.46470  4.53925  2.73772  2.53246  4.22411  3.08546  3.85378  3.74333  2.73521  3.37183  4.21676  1.93800  3.73287  3.06485  3.13565  1.77845  2.85620  3.29384  5.52307  4.17418    181 s - - -
          2.68618  4.42225  2.77519  2.73123  3.46354  2.40513  3.72494  3.29354  2.67741  2.69355  4.24690  2.90347  2.73739  3.18146  2.89801  2.37887  2.77519  2.98518  4.58477  3.61503
          0.03060  3.89780  4.62014  0.61958  0.77255  0.48576  0.95510
    182   2.60857  4.65833  2.76772  2.09552  4.09662  3.25926  3.78176  3.36731  2.60191  3.09878  3.99962  2.97839  3.81503  2.98241  2.99023  2.68452  1.76603  3.05626  5.40841  4.10235    182 t - - -
          2.68618  4.42225  2.77519  2.73123  3.46354  2.40513  3.72494  3.29354  2.67741  2.69355  4.24690  2.90347  2.73739  3.18146  2.89801  2.37887  2.77519  2.98518  4.58477  3.61503
          0.03060  3.89780  4.62014  0.61958  0.77255  0.48576  0.95510
    183   2.54603  4.66539  2.81293  2.46809  4.14414  3.23332  3.71410  3.58330  2.49812  3.18531  4.02327  2.94286  2.43301  2.36847  2.89651  2.20753  2.85591  3.21242  5.40156  4.08033    183 s - - -
          2.68618  4.42225  2.77519  2.73123  3.46354  2.40513  3.72494  3.29354  2.67741  2.69355  4.24690  2.90347  2.73739  3.18146  2.89801  2.37887  2.77519  2.98518  4.58477  3.61503
          0.03060  3.89780  4.62014  0.61958  0.77255  0.48576  0.95510
    184   2.55679  4.39169  3.28988  2.81272  3.66200  3.41482  3.83621  2.81333  2.69598  2.62212  3.58851  3.21784  3.88912  2.55455  3.03544  2.73721  2.43134  1.97613  5.10596  3.85190    184 v - - -
          2.68618  4.42225  2.77519  2.73123  3.46354  2.40513  3.72494  3.29354  2.67741  2.69355  4.24690  2.90347  2.73739  3.18146  2.89801  2.37887  2.77519  2.98518  4.58477  3.61503
          0.03060  3.89780  4.62014  0.61958  0.77255  0.48576  0.95510
    185   3.05077  4.46223  4.37196  3.98857  3.39107  4.09410  4.71186  1.04710  3.81720  1.97172  3.32228  4.23034  4.52271  4.16277  4.01086  3.59169  3.34942  1.84634  5.28726  4.02787    185 i - - -
          2.68618  4.42225  2.77519  2.73123  3.46354  2.40513  3.72494  3.29354  2.67741  2.69355  4.24690  2.90347  2.73739  3.18146  2.89801  2.37887  2.77519  2.98518  4.58477  3.61503
          0.03060  3.89780  4.62014  0.61958  0.77255  0.48576  0.95510
    186   2.60426  4.47530  3.17441  2.70624  3.37235  3.45089  3.70612  2.99539  2.66486  2.70504  3.62553  2.28258  3.88648  3.02387  3.03719  2.74473  2.86059  2.36327  4.84680  2.81784    186 n - - -
          2.68618  4.42225  2.77519  2.73123  3.46354  2.40513  3.72494  3.29354  2.67741  2.69355  4.24690  2.90347  2.73739  3.18146  2.89801  2.37887  2.77519  2.98518  4.58477  3.61503
          0.03060  3.89780  4.62014  0.61958  0.77255  0.48576  0.95510
    187   2.75876  4.93626  2.61641  2.38828  3.89169  3.30937  2.76611  3.76152  2.48549  3.31186  4.18930  1.70864  3.84447  2.89994  2.87002  2.76084  3.03758  3.41401  5.24048  3.77350    187 n - - -
          2.68618  4.42225  2.77519  2.73123  3.46354  2.40513  3.72494  3.29354  2.67741  2.69355  4.24690  2.90347  2.73739  3.18146  2.89801  2.37887  2.77519  2.98518  4.58477  3.61503
          0.03060  3.89780  4.62014  0.61958  0.77255  0.48576  0.95510
    188   3.28337  4.76211  3.87546  3.60942  2.29360  3.85950  3.62994  3.28902  3.46620  2.73646  3.96138  3.75442  4.33267  3.76618  3.64480  3.41762  3.57013  3.16074  3.93840  0.92470    188 y - - -
          2.68618  4.42225  2.77519  2.73123  3.46354  2.40513  3.72494  3.29354  2.67741  2.69355  4.24690  2.90347  2.73739  3.18146  2.89801  2.37887  2.77519  2.98518  4.58477  3.61503
          0.03060  3.89780  4.62014  0.61958  0.77255  0.48576  0.95510
    189   2.75664  4.30268  4.03357  3.57359  3.50035  3.78632  4.39876  1.40942  3.43511  2.18774  3.38911  3.83931  4.25643  3.77968  3.68811  3.16771  2.40572  1.89441  5.23839  4.01317    189 i - - -
          2.68618  4.42225  2.77519  2.73123  3.46354  2.40513  3.72494  3.29354  2.67741  2.69355  4.24690  2.90347  2.73739  3.18146  2.89801  2.37887  2.77519  2.98518  4.58477  3.61503
          0.03060  3.89780  4.62014  0.61958  0.77255  0.48576  0.95510
    190   2.50539  4.59349  2.67591  2.49648  4.23228  3.09908  3.84463  3.77133  2.72553  3.39867  4.25156  1.65835  3.74607  3.05695  3.12694  2.08672  2.89177  3.32831  5.53191  4.16720    190 n - - -
          2.68618  4.42225  2.77519  2.73123  3.46354  2.40513  3.72494  3.29354  2.67741  2.69355  4.24690  2.90347  2.73739  3.18146  2.89801  2.37887  2.77519  2.98518  4.58477  3.61503
          0.03060  3.89780  4.62014  0.61958  0.77255  0.48576  0.95510
    191   2.74411  4.74184  2.72182  2.60974  4.10929  3.20070  3.94095  3.82492  2.84664  3.46886  4.42380  1.11400  3.85372  3.21358  3.20230  2.81023  3.12670  3.44457  5.41228  4.05568    191 n - - -
          2.68618  4.42225  2.77519  2.73123  3.46354  2.40513  3.72494  3.29354  2.67741  2.69355  4.24690  2.90347  2.73739  3.18146  2.89801  2.37887  2.77519  2.98518  4.58477  3.61503
          0.03060  3.89780  4.62014  0.61958  0.77255  0.48576  0.95510
    192   3.29032  4.68459  4.27345  3.99260  0.97118  3.97449  3.88809  2.81071  3.89895  2.17484  3.53701  4.04760  4.43238  4.05990  4.01243  3.55906  3.59140  2.80329  4.12935  2.49307    192 f - - -
          2.68618  4.42225  2.77519  2.73123  3.46354  2.40513  3.72494  3.29354  2.67741  2.69355  4.24690  2.90347  2.73739  3.18146  2.89801  2.37887  2.77519  2.98518  4.58477  3.61503
          0.03060  3.89780  4.62014  0.61958  0.77255  0.48576  0.95510
    193   3.41786  4.75075  4.33511  3.95119  1.93219  4.17535  3.40517  3.29437  3.73917  2.68242  3.87406  3.86799  4.50803  3.86936  3.85468  3.53830  3.64139  3.17142  2.51954  1.10530    193 y - - -
          2.68618  4.42225  2.77519  2.73123  3.46354  2.40513  3.72494  3.29354  2.67741  2.69355  4.24690  2.90347  2.73739  3.18146  2.89801  2.37887  2.77519  2.98518  4.58477  3.61503
          0.03060  3.89780  4.62014  0.61958  0.77255  0.48576  0.95510
    194   1.74333  4.16363  3.23825  3.03838  4.27351  1.46220  4.18044  3.62816  3.17154  3.37346  4.23817  3.23386  3.66247  3.46223  3.47802  2.40183  2.71754  3.11484  5.60893  4.40091    194 g - - -
          2.68618  4.42225  2.77519  2.73123  3.46354  2.40513  3.72494  3.29354  2.67741  2.69355  4.24690  2.90347  2.73739  3.18146  2.89801  2.37887  2.77519  2.98518  4.58477  3.61503
          0.03060  3.89780  4.62014  0.61958  0.77255  0.48576  0.95510
    195   2.86718  5.42823  1.59242  1.76581  4.71145  3.18591  3.69931  4.22625  2.68941  3.72498  4.56310  2.20184  3.79116  2.86015  3.27234  2.75884  3.14897  3.80168  5.88703  4.38931    195 d - - -
          2.68618  4.42225  2.77519  2.73123  3.46354  2.40513  3.72494  3.29354  2.67741  2.69355  4.24690  2.90347  2.73739  3.18146  2.89801  2.37887  2.77519  2.98518  4.58477  3.61503
          0.03060  3.89780  4.62014  0.61958  0.77255  0.48576  0.95510
    196   2.82799  4.36337  4.16049  3.82421  3.56838  3.75023  4.62149  2.04851  3.69238  2.25088  3.52949  4.01003  4.30919  4.05027  3.90247  3.25520  3.18883  0.99357  5.35716  4.09044    196 v - - -
          2.68618  4.42225  2.77519  2.73123  3.46354  2.40513  3.72494  3.29354  2.67741  2.69355  4.24690  2.90347  2.73739  3.18146  2.89801  2.37887  2.77519  2.98518  4.58477  3.61503
          0.03060  3.89780  4.62014  0.61958  0.77255  0.48576  0.95510
    197   2.56261  4.48789  3.13131  2.64596  2.88119  3.39617  3.70347  3.09798  2.22991  2.77219  3.66195  3.09213  3.84135  2.95660  2.93987  2.11792  2.82451  2.83173  5.01696  3.68612    197 s - - -
          2.68618  4.42225  2.77519  2.73123  3.46354  2.40513  3.72494  3.29354  2.67741  2.69355  4.24690  2.90347  2.73739  3.18146  2.89801  2.37887  2.77519  2.98518  4.58477  3.61503
          0.03060  3.89780  4.62014  0.61958  0.77255  0.48576  0.95510
    198   2.72685  5.02678  1.41504  2.20101  4.48860  3.14770  3.77273  3.99228  2.76776  3.58383  4.44368  2.74846  3.77826  2.95782  3.30376  2.21420  3.06079  3.57252  5.74434  4.30455    198 d - - -
          2.68618  4.42225  2.77519  2.73123  3.46354  2.40513  3.72494  3.29354  2.67741  2.69355  4.24690  2.90347  2.73739  3.18146  2.89801  2.37887  2.77519  2.98518  4.58477  3.61503
          0.03060  3.89780  4.62014  0.61958  0.77255  0.48576  0.95510
    199   2.44007  4.23387  3.46525  2.98782  3.63938  3.30717  3.94731  2.27710  2.91496  2.64173  3.58794  3.30915  3.85242  3.25467  3.24231  2.24006  2.05840  2.49836  5.10474  3.86461    199 t - - -
          2.68618  4.42225  2.77519  2.73123  3.46354  2.40513  3.72494  3.29354  2.67741  2.69355  4.24690  2.90347  2.73739  3.18146  2.89801  2.37887  2.77519  2.98518  4.58477  3.61503
          0.03060  3.89780  4.62014  0.61958  0.77255  0.48576  0.95510
    200   2.66911  4.78553  2.73125  2.47574  4.24828  2.41895  3.75404  3.74052  2.49559  3.31642  4.18615  2.95696  3.81445  1.68458  2.85632  2.70985  2.98308  3.36785  5.46417  4.14878    200 q - - -
          2.68618  4.42225  2.77519  2.73123  3.46354  2.40513  3.72494  3.29354  2.67741  2.69355  4.24690  2.90347  2.73739  3.18146  2.89801  2.37887  2.77519  2.98518  4.58477  3.61503
          0.03060  3.89780  4.62014  0.61958  0.77255  0.48576  0.95510
    201   3.05077  4.46223  4.37196  3.98857  3.39107  4.09410  4.71186  1.04710  3.81720  1.97172  3.32228  4.23034  4.52271  4.16277  4.01086  3.59169  3.34942  1.84634  5.28726  4.02787    201 i - - -
          2.68618  4.42225  2.77519  2.73123  3.46354  2.40513  3.72494  3.29354  2.67741  2.69355  4.24690  2.90347  2.73739  3.18146  2.89801  2.37887  2.77519  2.98518  4.58477  3.61503
          0.03060  3.89780  4.62014  0.61958  0.77255  0.48576  0.95510
    202   2.90046  4.88733  2.91926  2.67414  4.05930  3.38252  3.83276  3.69370  2.49312  3.19357  4.22047  3.13419  3.93618  1.18970  2.77691  2.94703  3.19729  3.42173  5.32671  4.02206    202 q - - -
          2.68618  4.42225  2.77519  2.73123  3.46354  2.40513  3.72494  3.29354  2.67741  2.69355  4.24690  2.90347  2.73739  3.18146  2.89801  2.37887  2.77519  2.98518  4.58477  3.61503
          0.03060  3.89780  4.62014  0.61958  0.77255  0.48576  0.95510
    203   2.90046  4.88733  2.91926  2.67414  4.05930  3.38252  3.83276  3.69370  2.49312  3.19357  4.22047  3.13419  3.93618  1.18970  2.77691  2.94703  3.19729  3.42173  5.32671  4.02206    203 q - - -
          2.68618  4.42225  2.77519  2.73123  3.46354  2.40513  3.72494  3.29354  2.67741  2.69355  4.24690  2.90347  2.73739  3.18146  2.89801  2.37887  2.77519  2.98518  4.58477  3.61503
          0.03060  3.89780  4.62014  0.61958  0.77255  0.48576  0.95510
    204   2.70702  5.03454  1.99000  2.19206  4.49466  2.03641  3.73099  3.98483  2.68606  3.53981  4.37239  2.26845  3.76918  2.90147  3.21629  2.67724  3.02119  3.56312  5.71874  4.29503    204 d - - -
          2.68618  4.42225  2.77519  2.73123  3.46354  2.40513  3.72494  3.29354  2.67741  2.69355  4.24690  2.90347  2.73739  3.18146  2.89801  2.37887  2.77519  2.98518  4.58477  3.61503
          0.03060  3.89780  4.62014  0.61958  0.77255  0.48576  0.95510
    205   2.43137  4.42101  2.96378  2.68902  4.07893  3.11754  3.89235  3.43811  2.74907  3.16654  4.04605  2.34744  3.75213  3.12232  3.10718  2.55620  1.66076  3.05796  5.41673  4.11866    205 t - - -
          2.68618  4.42225  2.77519  2.73123  3.46354  2.40513  3.72494  3.29354  2.67741  2.69355  4.24690  2.90347  2.73739  3.18146  2.89801  2.37887  2.77519  2.98518  4.58477  3.61503
          0.03060  3.89780  4.62014  0.61958  0.77255  0.48576  0.95510
    206   2.68399  5.01665  1.90748  2.24240  4.35071  3.26734  3.64615  3.77579  2.17365  3.35217  4.17338  2.78890  3.77914  2.79603  2.95459  2.66047  2.45122  3.40445  5.55240  4.16368    206 d - - -
          2.68618  4.42225  2.77519  2.73123  3.46354  2.40513  3.72494  3.29354  2.67741  2.69355  4.24690  2.90347  2.73739  3.18146  2.89801  2.37887  2.77519  2.98518  4.58477  3.61503
          0.03060  3.89780  4.62014  0.61958  0.77255  0.48576  0.95510
    207   2.67583  4.98649  2.65136  2.06191  4.31699  2.67430  3.61056  3.75584  2.34556  3.30030  4.11164  2.41239  3.78942  2.75261  2.39698  2.66094  2.92257  3.38778  5.47941  4.12275    207 e - - -
          2.68618  4.42225  2.77519  2.73123  3.46354  2.40513  3.72494  3.29354  2.67741  2.69355  4.24690  2.90347  2.73739  3.18146  2.89801  2.37887  2.77519  2.98518  4.58477  3.61503
          0.02070  3.88790        *  0.61958  0.77255  0.00000        *
//
