HMMER3/f [3.2.1 | June 2018]
NAME  ABI_abiLii
LENG  196
ALPH  amino
RF    no
MM    no
CONS  yes
CS    no
MAP   yes
DATE  Fri Jun 18 18:43:34 2021
NSEQ  500
EFFN  7.122040
CKSUM 4210640642
STATS LOCAL MSV      -10.5424  0.70560
STATS LOCAL VITERBI  -11.4255  0.70560
STATS LOCAL FORWARD   -5.0178  0.70560
HMM          A        C        D        E        F        G        H        I        K        L        M        N        P        Q        R        S        T        V        W        Y   
            m->m     m->i     m->d     i->m     i->i     d->m     d->d
  COMPO   2.59881  4.21133  2.83634  2.46126  3.25807  3.25364  3.62208  2.87081  2.42995  2.54677  3.76332  2.96773  3.53378  3.04765  2.82525  2.71751  2.89686  2.79987  4.44825  3.33386
          2.68618  4.42225  2.77519  2.73123  3.46354  2.40513  3.72494  3.29354  2.67741  2.69355  4.24690  2.90347  2.73739  3.18146  2.89801  2.37887  2.77519  2.98518  4.58477  3.61503
          0.21682  5.64462  1.65344  0.61958  0.77255  0.00000        *
      1   3.40571  5.07648  4.92894  4.58568  4.10082  4.25879  5.15429  3.72088  4.33527  3.32189  0.37070  4.29551  4.51492  4.69368  4.47726  3.48554  3.69871  3.50899  5.90133  4.61725      1 M - - -
          2.68618  4.42225  2.77519  2.73123  3.46354  2.40513  3.72494  3.29354  2.67741  2.69355  4.24690  2.90347  2.73739  3.18146  2.89801  2.37887  2.77519  2.98518  4.58477  3.61503
          0.11421  5.43431  2.26756  0.61958  0.77255  1.10039  0.40458
      2   1.76794  5.51153  3.08889  2.61838  4.84355  2.32973  3.99954  4.06757  2.44476  3.65999  4.03736  3.02111  2.83279  3.05083  2.77287  2.18289  2.75460  3.58255  5.95211  4.43272      2 a - - -
          2.68618  4.42225  2.77519  2.73123  3.46354  2.40513  3.72494  3.29354  2.67741  2.69355  4.24690  2.90347  2.73739  3.18146  2.89801  2.37887  2.77519  2.98518  4.58477  3.61503
          0.10590  5.34170  2.34657  0.61958  0.77255  1.34214  0.30285
      3   2.70223  4.92527  3.06605  2.56475  4.32908  3.18717  3.79010  4.06467  1.83262  3.20107  4.26984  2.89531  3.57369  2.87329  1.81658  2.41155  2.85296  3.68742  5.41121  4.27339      3 r - - -
          2.68618  4.42225  2.77519  2.73123  3.46354  2.40513  3.72494  3.29354  2.67741  2.69355  4.24690  2.90347  2.73739  3.18146  2.89801  2.37887  2.77519  2.98518  4.58477  3.61503
          0.27734  5.24726  1.43993  0.61958  0.77255  0.93179  0.50063
      4   2.52777  5.12267  3.05743  2.31157  4.08892  3.44799  3.75161  3.85714  1.87126  3.59834  4.20956  2.80081  3.40892  2.80353  2.02155  2.61234  2.79203  3.60795  5.86693  3.60154      4 k - - -
          2.68618  4.42225  2.77519  2.73123  3.46354  2.40513  3.72494  3.29354  2.67741  2.69355  4.24690  2.90347  2.73739  3.18146  2.89801  2.37887  2.77519  2.98518  4.58477  3.61503
          0.00874  5.14046  5.86280  0.61958  0.77255  1.24956  0.33776
      5   2.66458  5.47954  2.86868  2.46411  4.20036  3.34329  3.81253  4.02850  1.92208  3.59217  4.05617  2.94232  3.36319  2.79328  1.78774  2.47344  2.78751  3.64805  5.91367  4.38666      5 r - - -
          2.68650  4.42286  2.77514  2.73135  3.46264  2.40562  3.72536  3.29351  2.67763  2.69248  4.24738  2.90351  2.73753  3.18171  2.89821  2.37858  2.77540  2.98559  4.58402  3.61349
          1.30280  0.37900  3.13082  0.56214  0.84394  1.30069  0.31793
      6   2.57310  5.48736  2.95784  2.07614  4.59376  3.28120  3.81315  4.23383  1.83978  3.45668  4.30711  2.92412  3.76836  2.55997  2.17457  2.46991  2.88275  3.58570  5.92004  4.17686      8 k - - -
          2.68618  4.42225  2.77519  2.73123  3.46354  2.40513  3.72494  3.29354  2.67741  2.69355  4.24690  2.90347  2.73739  3.18146  2.89801  2.37887  2.77519  2.98518  4.58477  3.61503
          0.01292  5.22891  4.89608  0.61958  0.77255  0.60792  0.78632
      7   3.33629  5.76231  3.54350  2.83549  5.14211  3.98036  4.01925  4.42845  2.08048  4.04071  4.80984  3.35104  4.11485  3.13004  0.76608  3.03204  3.54950  4.17505  6.13759  4.25155      9 r - - -
          2.68618  4.42225  2.77519  2.73123  3.46354  2.40513  3.72494  3.29354  2.67741  2.69355  4.24690  2.90347  2.73739  3.18146  2.89801  2.37887  2.77519  2.98518  4.58477  3.61503
          0.12014  5.45769  2.21697  0.61958  0.77255  1.07130  0.41940
      8   2.63281  5.54939  2.99388  2.49720  4.89462  3.21182  3.86607  3.88501  1.60491  3.72564  4.59001  2.93697  3.25927  2.62492  2.21429  2.46759  2.71571  3.55580  5.98198  4.40141     10 k - - -
          2.68618  4.42225  2.77519  2.73123  3.46354  2.40513  3.72494  3.29354  2.67741  2.69355  4.24690  2.90347  2.73739  3.18146  2.89801  2.37887  2.77519  2.98518  4.58477  3.61503
          0.04160  5.35564  3.32357  0.61958  0.77255  1.26206  0.33278
      9   2.46226  5.52192  3.03468  2.22047  4.12054  3.55929  3.92865  3.49800  1.99034  3.43150  4.37356  2.88207  3.30421  2.81713  2.50772  2.27137  2.62675  3.04660  5.95890  3.99931     11 k - - -
          2.68618  4.42225  2.77519  2.73123  3.46354  2.40513  3.72494  3.29354  2.67741  2.69355  4.24690  2.90347  2.73739  3.18146  2.89801  2.37887  2.77519  2.98518  4.58477  3.61503
          0.06187  5.33456  2.89724  0.61958  0.77255  0.80142  0.59546
     10   2.34575  5.57270  2.96712  2.20748  4.91799  2.20009  3.75147  3.71817  2.05189  3.74022  4.28818  2.52134  2.84706  2.89563  2.80429  2.63830  3.09694  3.79353  6.00525  4.48077     12 k - - -
          2.68618  4.42225  2.77519  2.73123  3.46354  2.40513  3.72494  3.29354  2.67741  2.69355  4.24690  2.90347  2.73739  3.18146  2.89801  2.37887  2.77519  2.98518  4.58477  3.61503
          0.01614  5.40122  4.46517  0.61958  0.77255  0.81539  0.58423
     11   2.71054  5.60011  3.09182  2.56893  4.05863  3.15557  3.58984  3.41398  2.01623  3.50368  4.17769  2.73337  3.13742  2.65471  2.37395  2.41307  2.33694  3.33056  6.03506  4.37153     13 k - - -
          2.68618  4.42225  2.77519  2.73123  3.46354  2.40513  3.72494  3.29354  2.67741  2.69355  4.24690  2.90347  2.73739  3.18146  2.89801  2.37887  2.77519  2.98518  4.58477  3.61503
          0.00627  5.47117  6.19352  0.61958  0.77255  1.07211  0.41898
     12   2.92393  5.31168  3.16616  2.67769  3.91694  3.67735  3.80508  3.36675  1.97756  3.09554  4.22757  3.12524  4.07376  2.86372  1.37091  2.79706  3.02414  3.37339  5.99007  4.42097     14 r - - -
          2.68618  4.42225  2.77519  2.73123  3.46354  2.40513  3.72494  3.29354  2.67741  2.69355  4.24690  2.90347  2.73739  3.18146  2.89801  2.37887  2.77519  2.98518  4.58477  3.61503
          0.01777  5.47617  4.31076  0.61958  0.77255  0.94133  0.49447
     13   2.78038  5.61834  2.71683  2.08764  4.69705  3.78539  3.96146  3.72404  1.84969  3.54056  4.34083  2.83362  2.93654  2.65164  2.24068  2.54738  2.85173  3.51925  6.05078  4.32677     15 k - - -
          2.68618  4.42225  2.77519  2.73123  3.46354  2.40513  3.72494  3.29354  2.67741  2.69355  4.24690  2.90347  2.73739  3.18146  2.89801  2.37887  2.77519  2.98518  4.58477  3.61503
          0.01975  5.48740  4.17215  0.61958  0.77255  0.89095  0.52809
     14   2.68139  5.23340  2.74658  2.29795  4.10782  3.46366  3.89145  3.17108  2.49391  2.79511  3.62150  3.22863  2.29589  2.84631  2.72076  2.66993  2.78610  2.86297  5.98382  3.63773     16 p - - -
          2.68618  4.42225  2.77519  2.73123  3.46354  2.40513  3.72494  3.29354  2.67741  2.69355  4.24690  2.90347  2.73739  3.18146  2.89801  2.37887  2.77519  2.98518  4.58477  3.61503
          0.01998  5.49984  4.15450  0.61958  0.77255  0.85475  0.55406
     15   2.55775  5.61505  3.24561  2.58843  4.15005  3.54877  3.51580  3.76754  1.74129  3.11973  4.37347  2.60115  3.49975  2.81046  2.00001  2.76992  3.11534  3.50685  6.05186  3.32174     17 k - - -
          2.68618  4.42225  2.77519  2.73123  3.46354  2.40513  3.72494  3.29354  2.67741  2.69355  4.24690  2.90347  2.73739  3.18146  2.89801  2.37887  2.77519  2.98518  4.58477  3.61503
          0.02288  5.51223  3.98532  0.61958  0.77255  0.83778  0.56682
     16   2.91422  5.11342  2.87769  2.41254  4.72009  3.35575  3.72757  3.76566  1.65853  3.70047  4.48560  3.00987  2.59196  2.73238  2.08610  2.70225  2.94313  3.60395  6.06705  4.28391     18 k - - -
          2.68618  4.42225  2.77519  2.73123  3.46354  2.40513  3.72494  3.29354  2.67741  2.69355  4.24690  2.90347  2.73739  3.18146  2.89801  2.37887  2.77519  2.98518  4.58477  3.61503
          0.00598  5.51878  6.24113  0.61958  0.77255  0.79369  0.60180
     17   2.89319  5.12160  3.59010  2.91134  3.83980  3.83137  3.56821  2.96317  2.04070  2.58313  4.04490  3.22303  3.70497  3.13930  2.11953  2.68509  2.14602  2.72944  5.81504  3.52772     19 k - - -
          2.68618  4.42225  2.77519  2.73123  3.46354  2.40513  3.72494  3.29354  2.67741  2.69355  4.24690  2.90347  2.73739  3.18146  2.89801  2.37887  2.77519  2.98518  4.58477  3.61503
          0.00582  5.54542  6.26776  0.61958  0.77255  0.85869  0.55115
     18   2.98505  3.92645  5.19343  4.57735  1.89728  4.38988  4.22438  1.58841  4.21894  2.17059  3.30306  4.55566  4.42512  4.48909  4.36436  3.70160  3.18103  1.94755  4.85915  2.26322     20 i - - -
          2.68618  4.42225  2.77519  2.73123  3.46354  2.40513  3.72494  3.29354  2.67741  2.69355  4.24690  2.90347  2.73739  3.18146  2.89801  2.37887  2.77519  2.98518  4.58477  3.61503
          0.00579  5.55093  6.27328  0.61958  0.77255  0.86890  0.54372
     19   2.67625  4.38339  4.83761  4.32554  2.69757  4.27380  3.68366  2.45607  4.18373  1.06209  3.56417  4.53971  4.62896  4.29110  4.01673  3.54431  3.21056  2.32462  4.50200  2.45600     21 l - - -
          2.68618  4.42225  2.77519  2.73123  3.46354  2.40513  3.72494  3.29354  2.67741  2.69355  4.24690  2.90347  2.73739  3.18146  2.89801  2.37887  2.77519  2.98518  4.58477  3.61503
          0.00578  5.55279  6.27514  0.61958  0.77255  0.87745  0.53758
     20   3.82578  4.22192  5.96898  5.41918  2.73048  5.30335  5.76816  0.71564  5.27242  2.20184  3.69519  5.47182  5.57865  5.41414  5.31856  4.66506  4.15202  1.59787  6.14802  4.98386     22 i - - -
          2.68618  4.42225  2.77519  2.73123  3.46354  2.40513  3.72494  3.29354  2.67741  2.69355  4.24690  2.90347  2.73739  3.18146  2.89801  2.37887  2.77519  2.98518  4.58477  3.61503
          0.00578  5.55279  6.27514  0.61958  0.77255  0.87745  0.53758
     21   2.36653  4.32481  5.18922  4.57408  2.28076  4.18102  4.72859  1.99247  4.35895  2.24983  3.59096  4.55725  4.75795  4.49013  4.36695  2.93043  3.41494  1.23824  5.22189  3.12193     23 v - - -
          2.68618  4.42225  2.77519  2.73123  3.46354  2.40513  3.72494  3.29354  2.67741  2.69355  4.24690  2.90347  2.73739  3.18146  2.89801  2.37887  2.77519  2.98518  4.58477  3.61503
          0.00877  5.55279  5.32719  0.61958  0.77255  0.72015  0.66685
     22   2.83197  1.23855  4.98275  4.27348  3.48840  2.73442  4.69492  3.02046  4.20954  2.71850  3.65902  4.46376  4.44563  4.27160  4.29123  2.96020  2.20115  2.15918  4.57540  3.46025     24 c - - -
          2.68618  4.42225  2.77519  2.73123  3.46354  2.40513  3.72494  3.29354  2.67741  2.69355  4.24690  2.90347  2.73739  3.18146  2.89801  2.37887  2.77519  2.98518  4.58477  3.61503
          0.00567  5.57103  6.29338  0.61958  0.77255  0.81453  0.58491
     23   3.08006  5.60982  2.59332  0.60368  5.31420  3.19107  4.20984  4.81231  3.13034  4.19093  5.04411  3.34697  4.38788  3.24685  3.63185  3.37857  3.63989  4.36997  6.41858  4.97764     25 E - - -
          2.68618  4.42225  2.77519  2.73123  3.46354  2.40513  3.72494  3.29354  2.67741  2.69355  4.24690  2.90347  2.73739  3.18146  2.89801  2.37887  2.77519  2.98518  4.58477  3.61503
          0.00799  5.57103  5.48369  0.61958  0.77255  0.81453  0.58491
     24   3.19367  4.91244  2.89658  4.49343  6.05221  0.28690  5.76030  5.55066  4.94995  5.20369  5.97063  4.57982  4.93143  5.05613  5.25039  3.46195  3.26843  4.72048  7.36033  6.18962     26 G - - -
          2.68618  4.42225  2.77519  2.73123  3.46354  2.40513  3.72494  3.29354  2.67741  2.69355  4.24690  2.90347  2.73739  3.18146  2.89801  2.37887  2.77519  2.98518  4.58477  3.61503
          0.35974  5.56873  1.20957  0.61958  0.77255  0.80425  0.59316
     25   2.47921  5.47710  2.94560  1.62656  4.81948  3.51658  3.93495  3.86959  2.00007  3.59143  4.35660  2.97192  4.14103  2.82786  2.84254  2.37737  2.52696  3.36799  5.91140  4.23013     27 e - - -
          2.68618  4.42225  2.77519  2.73123  3.46354  2.40513  3.72494  3.29354  2.67741  2.69355  4.24690  2.90347  2.73739  3.18146  2.89801  2.37887  2.77519  2.98518  4.58477  3.61503
          0.01865  5.22036  4.33718  0.61958  0.77255  0.35066  1.21815
     26   2.91252  4.10437  2.77114  1.87899  4.48583  3.75772  4.10352  3.61837  1.63354  3.47348  4.68197  2.65280  3.94073  2.64815  2.84313  2.85663  3.31622  2.69003  6.07557  4.04374     28 k - - -
          2.68618  4.42225  2.77519  2.73123  3.46354  2.40513  3.72494  3.29354  2.67741  2.69355  4.24690  2.90347  2.73739  3.18146  2.89801  2.37887  2.77519  2.98518  4.58477  3.61503
          0.01374  5.54869  4.63046  0.61958  0.77255  0.83294  0.57052
     27   2.85091  4.88206  3.38464  3.03968  4.60379  3.91942  4.22489  3.94593  2.96493  3.62688  4.34489  3.55182  4.28946  3.22198  3.14204  2.31454  0.83784  3.59023  5.87498  4.54568     29 t - - -
          2.68618  4.42225  2.77519  2.73123  3.46354  2.40513  3.72494  3.29354  2.67741  2.69355  4.24690  2.90347  2.73739  3.18146  2.89801  2.37887  2.77519  2.98518  4.58477  3.61503
          0.00580  5.54836  6.27070  0.61958  0.77255  0.83152  0.57161
     28   3.59081  6.21429  3.35436  0.26772  6.09959  4.02762  5.06092  5.63113  4.13745  5.14177  5.99584  3.90251  4.47752  4.25206  4.70510  3.39418  4.14798  4.80201  7.29005  5.81268     30 E - - -
          2.68618  4.42225  2.77519  2.73123  3.46354  2.40513  3.72494  3.29354  2.67741  2.69355  4.24690  2.90347  2.73739  3.18146  2.89801  2.37887  2.77519  2.98518  4.58477  3.61503
          0.00576  5.55619  6.27853  0.61958  0.77255  0.84761  0.55938
     29   2.97336  5.54328  3.27388  2.50562  4.05336  3.94358  3.88168  3.54810  1.89088  3.49948  4.23283  3.31878  1.78200  2.75114  2.62051  2.94511  3.11855  2.75846  4.74529  3.39167     31 p - - -
          2.68618  4.42225  2.77519  2.73123  3.46354  2.40513  3.72494  3.29354  2.67741  2.69355  4.24690  2.90347  2.73739  3.18146  2.89801  2.37887  2.77519  2.98518  4.58477  3.61503
          0.00574  5.55852  6.28087  0.61958  0.77255  0.83668  0.56765
     30   2.41150  4.79763  2.76232  2.36455  3.71371  3.53696  3.87810  3.20461  2.57478  2.98195  4.03261  2.12264  4.33785  2.53167  3.10762  2.60639  3.04800  3.42259  3.25163  3.32472     32 n - - -
          2.68618  4.42225  2.77519  2.73123  3.46354  2.40513  3.72494  3.29354  2.67741  2.69355  4.24690  2.90347  2.73739  3.18146  2.89801  2.37887  2.77519  2.98518  4.58477  3.61503
          0.00573  5.56124  6.28358  0.61958  0.77255  0.82766  0.57460
     31   5.74555  6.56187  6.45907  6.48740  2.32660  6.10899  4.64543  5.20231  6.23920  4.26057  4.55913  5.59676  6.34442  5.79404  5.96985  5.53344  5.92795  5.20440  4.70843  0.20015     33 Y - - -
          2.68618  4.42225  2.77519  2.73123  3.46354  2.40513  3.72494  3.29354  2.67741  2.69355  4.24690  2.90347  2.73739  3.18146  2.89801  2.37887  2.77519  2.98518  4.58477  3.61503
          0.00699  5.56391  5.76494  0.61958  0.77255  0.82503  0.57665
     32   3.20086  4.41365  5.38165  4.77319  0.88460  4.60769  4.94957  2.45254  4.56690  1.66173  3.55926  4.77022  4.95220  4.68758  4.57599  3.82775  3.36108  2.53569  5.41456  4.24996     34 f - - -
          2.68618  4.42225  2.77519  2.73123  3.46354  2.40513  3.72494  3.29354  2.67741  2.69355  4.24690  2.90347  2.73739  3.18146  2.89801  2.37887  2.77519  2.98518  4.58477  3.61503
          0.00571  5.56447  6.28682  0.61958  0.77255  0.83775  0.56684
     33   2.86951  5.33150  2.48597  1.90369  5.00768  3.62191  3.98202  3.87886  1.81870  3.72252  4.38763  2.29182  4.31562  2.51008  2.60754  2.62769  2.82907  4.05280  5.52320  4.38231     35 k - - -
          2.68618  4.42225  2.77519  2.73123  3.46354  2.40513  3.72494  3.29354  2.67741  2.69355  4.24690  2.90347  2.73739  3.18146  2.89801  2.37887  2.77519  2.98518  4.58477  3.61503
          0.00840  5.56447  5.39685  0.61958  0.77255  0.79033  0.60458
     34   2.27299  4.90398  2.94841  2.41485  3.54272  2.50149  2.81532  3.52726  2.62509  3.02905  3.34290  3.19638  3.99579  2.78983  2.91109  2.34856  3.23942  3.76046  3.96986  3.23182     36 a - - -
          2.68618  4.42225  2.77519  2.73123  3.46354  2.40513  3.72494  3.29354  2.67741  2.69355  4.24690  2.90347  2.73739  3.18146  2.89801  2.37887  2.77519  2.98518  4.58477  3.61503
          0.00569  5.56782  6.29017  0.61958  0.77255  0.82598  0.57591
     35   2.95592  4.39501  5.20001  4.10235  1.85293  4.40167  4.73543  2.15137  4.11830  1.12179  3.04549  4.56560  4.76514  4.40634  4.37467  3.63611  3.46392  2.41530  5.03562  3.42100     37 l - - -
          2.68618  4.42225  2.77519  2.73123  3.46354  2.40513  3.72494  3.29354  2.67741  2.69355  4.24690  2.90347  2.73739  3.18146  2.89801  2.37887  2.77519  2.98518  4.58477  3.61503
          0.00569  5.56782  6.29017  0.61958  0.77255  0.82598  0.57591
     36   2.63577  3.88751  3.25368  2.54419  4.72447  3.77358  3.71373  3.18143  1.67828  3.48223  4.35780  2.80343  3.57941  2.64261  1.89196  2.77347  3.20476  3.35157  5.59411  4.55960     38 k - - -
          2.68618  4.42225  2.77519  2.73123  3.46354  2.40513  3.72494  3.29354  2.67741  2.69355  4.24690  2.90347  2.73739  3.18146  2.89801  2.37887  2.77519  2.98518  4.58477  3.61503
          0.00569  5.56782  6.29017  0.61958  0.77255  0.82598  0.57591
     37   2.76254  5.66293  2.28025  2.28597  4.67456  3.32324  3.72331  3.77224  2.03390  3.53259  4.29128  2.60786  4.11728  2.56000  2.36479  2.37109  2.82732  3.27282  6.09518  4.68379     39 k - - -
          2.68618  4.42225  2.77519  2.73123  3.46354  2.40513  3.72494  3.29354  2.67741  2.69355  4.24690  2.90347  2.73739  3.18146  2.89801  2.37887  2.77519  2.98518  4.58477  3.61503
          0.05929  5.56782  2.92354  0.61958  0.77255  0.81235  0.58665
     38   2.76456  5.38344  2.60976  2.36382  4.22393  3.74856  2.83868  3.22654  2.26442  2.56735  4.00262  2.74974  3.55445  2.70169  2.75546  2.56552  2.80799  3.43134  4.58770  3.62809     40 k - - -
          2.68618  4.42225  2.77519  2.73123  3.46354  2.40513  3.72494  3.29354  2.67741  2.69355  4.24690  2.90347  2.73739  3.18146  2.89801  2.37887  2.77519  2.98518  4.58477  3.61503
          0.07701  5.51633  2.65787  0.61958  0.77255  0.87417  0.53993
     39   2.85050  3.86638  3.77872  2.98779  2.56953  3.45876  4.29268  2.21058  3.08461  1.89640  3.68066  3.47059  3.71780  3.48817  3.20229  3.04415  3.02544  2.76705  5.36753  2.25100     41 l - - -
          2.68618  4.42225  2.77519  2.73123  3.46354  2.40513  3.72494  3.29354  2.67741  2.69355  4.24690  2.90347  2.73739  3.18146  2.89801  2.37887  2.77519  2.98518  4.58477  3.61503
          0.10758  5.46269  2.32529  0.61958  0.77255  0.90484  0.51853
     40   2.74619  4.51833  3.13792  2.39493  4.62427  2.53110  3.50461  4.26472  2.10426  3.54464  4.51054  2.49709  3.42575  3.01550  1.82404  2.53202  3.05718  3.75288  5.36995  4.18663     42 r - - -
          2.68618  4.42225  2.77519  2.73123  3.46354  2.40513  3.72494  3.29354  2.67741  2.69355  4.24690  2.90347  2.73739  3.18146  2.89801  2.37887  2.77519  2.98518  4.58477  3.61503
          0.03050  5.39948  3.66811  0.61958  0.77255  1.03772  0.43736
     41   2.68160  4.73871  2.89827  2.67713  3.57035  3.27274  4.06291  2.53859  2.53069  2.14330  4.04407  2.98569  3.41802  3.05290  2.88098  2.47788  3.10362  2.83027  5.25688  3.15364     43 l - - -
          2.68618  4.42225  2.77519  2.73123  3.46354  2.40513  3.72494  3.29354  2.67741  2.69355  4.24690  2.90347  2.73739  3.18146  2.89801  2.37887  2.77519  2.98518  4.58477  3.61503
          0.03207  5.41308  3.60818  0.61958  0.77255  1.17720  0.36837
     42   2.60421  4.90812  2.79976  2.55123  4.04328  2.98362  3.20599  3.80277  2.25722  3.53393  4.60392  2.39974  2.80709  2.96111  2.61007  2.21934  2.70430  3.34933  5.99706  4.17228     44 s - - -
          2.68618  4.42225  2.77519  2.73123  3.46354  2.40513  3.72494  3.29354  2.67741  2.69355  4.24690  2.90347  2.73739  3.18146  2.89801  2.37887  2.77519  2.98518  4.58477  3.61503
          0.09560  5.39683  2.44597  0.61958  0.77255  1.24176  0.34091
     43   2.37449  5.12943  2.79602  2.55756  3.86247  3.10053  3.60369  3.71026  2.38782  3.28766  4.08401  2.50285  2.95234  2.85391  2.81128  2.21737  2.55008  3.33454  5.93721  3.83188     45 s - - -
          2.68618  4.42225  2.77519  2.73123  3.46354  2.40513  3.72494  3.29354  2.67741  2.69355  4.24690  2.90347  2.73739  3.18146  2.89801  2.37887  2.77519  2.98518  4.58477  3.61503
          0.17443  5.31293  1.86345  0.61958  0.77255  0.73780  0.65040
     44   2.32529  4.17212  4.97530  4.36427  3.17569  4.15101  4.22642  1.73179  3.97809  1.97451  3.42284  4.06689  4.33547  4.13450  3.72406  3.35861  3.09106  1.43216  5.08038  3.43210     46 v - - -
          2.68618  4.42225  2.77519  2.73123  3.46354  2.40513  3.72494  3.29354  2.67741  2.69355  4.24690  2.90347  2.73739  3.18146  2.89801  2.37887  2.77519  2.98518  4.58477  3.61503
          0.07693  5.31372  2.67192  0.61958  0.77255  0.96867  0.47737
     45   2.77007  5.14710  2.40907  2.22803  4.54012  3.63718  3.19695  4.10677  1.99843  3.55406  4.44453  2.46048  4.19533  2.48742  2.51311  2.46669  2.70416  3.50347  5.62417  4.30146     47 k - - -
          2.68618  4.42225  2.77519  2.73123  3.46354  2.40513  3.72494  3.29354  2.67741  2.69355  4.24690  2.90347  2.73739  3.18146  2.89801  2.37887  2.77519  2.98518  4.58477  3.61503
          0.01493  5.33537  4.60498  0.61958  0.77255  0.37552  1.16134
     46   3.05750  4.12405  5.20418  4.24556  2.98397  4.40559  4.43302  1.28102  4.37270  1.88026  3.68096  4.56980  4.76891  4.50305  4.37915  3.51798  3.43427  1.46825  5.23186  3.37689     48 i - - -
          2.68618  4.42225  2.77519  2.73123  3.46354  2.40513  3.72494  3.29354  2.67741  2.69355  4.24690  2.90347  2.73739  3.18146  2.89801  2.37887  2.77519  2.98518  4.58477  3.61503
          0.00865  5.56718  5.34045  0.61958  0.77255  0.79351  0.60194
     47   2.90100  4.63080  2.66378  1.90762  4.39750  3.80179  3.30490  3.43768  2.02249  3.43828  4.47643  2.79648  3.76881  2.75623  2.53322  2.46389  2.73353  3.09885  6.09239  4.31434     49 e - - -
          2.68618  4.42225  2.77519  2.73123  3.46354  2.40513  3.72494  3.29354  2.67741  2.69355  4.24690  2.90347  2.73739  3.18146  2.89801  2.37887  2.77519  2.98518  4.58477  3.61503
          0.01337  5.56862  4.65997  0.61958  0.77255  0.77218  0.61990
     48   2.96264  3.59505  5.18061  4.26855  2.80827  4.31698  4.73032  1.32521  4.18828  2.30139  3.54157  4.46122  3.41745  4.26457  4.04503  3.51389  3.02010  1.49914  5.22778  3.66602     50 i - - -
          2.68618  4.42225  2.77519  2.73123  3.46354  2.40513  3.72494  3.29354  2.67741  2.69355  4.24690  2.90347  2.73739  3.18146  2.89801  2.37887  2.77519  2.98518  4.58477  3.61503
          0.01628  5.56747  4.39618  0.61958  0.77255  0.82725  0.57492
     49   2.79053  4.55145  3.02558  2.45759  3.54585  3.74645  3.45710  2.36718  2.26760  2.44744  3.93778  3.21867  3.42375  3.10456  2.69723  2.97361  3.05703  2.45526  4.54648  3.60502     51 k - - -
          2.68618  4.42225  2.77519  2.73123  3.46354  2.40513  3.72494  3.29354  2.67741  2.69355  4.24690  2.90347  2.73739  3.18146  2.89801  2.37887  2.77519  2.98518  4.58477  3.61503
          0.19743  5.55694  1.74126  0.61958  0.77255  0.75724  0.63292
     50   2.82623  5.55805  2.98659  2.36901  4.90093  2.05007  3.70150  3.99576  2.34601  3.72746  4.59928  2.60305  1.93237  3.00622  3.05731  2.53388  3.03347  3.78542  5.58306  4.23618     52 p - - -
          2.68618  4.42225  2.77519  2.73123  3.46354  2.40513  3.72494  3.29354  2.67741  2.69355  4.24690  2.90347  2.73739  3.18146  2.89801  2.37887  2.77519  2.98518  4.58477  3.61503
          0.20090  5.38331  1.72928  0.61958  0.77255  1.23403  0.34406
     51   2.45399  4.67531  2.72347  2.27214  4.81105  3.27887  3.31677  3.63676  2.07843  3.14646  4.42263  2.87334  3.75346  2.81725  2.33551  2.34201  2.69090  3.45767  5.90284  4.36050     53 k - - -
          2.68618  4.42225  2.77519  2.73123  3.46354  2.40513  3.72494  3.29354  2.67741  2.69355  4.24690  2.90347  2.73739  3.18146  2.89801  2.37887  2.77519  2.98518  4.58477  3.61503
          0.58144  5.20176  0.83149  0.61958  0.77255  0.55280  0.85646
     52   2.57691  4.04989  2.59269  2.13642  4.60788  3.11040  3.48310  3.53137  2.13925  3.22934  4.24100  3.02737  3.66223  2.51540  2.76879  2.49516  2.57838  3.49240  5.83649  4.01708     54 e - - -
          2.68618  4.42225  2.77519  2.73123  3.46354  2.40513  3.72494  3.29354  2.67741  2.69355  4.24690  2.90347  2.73739  3.18146  2.89801  2.37887  2.77519  2.98518  4.58477  3.61503
          0.01225  5.07122  5.13311  0.61958  0.77255  0.60246  0.79289
     53   2.79461  5.32732  2.93910  2.57182  4.90910  1.20891  3.33781  4.39241  2.60340  3.81792  4.60954  2.70778  4.00314  2.90418  3.00253  2.73017  2.93415  3.76099  6.00277  4.47055     55 g - - -
          2.68618  4.42225  2.77519  2.73123  3.46354  2.40513  3.72494  3.29354  2.67741  2.69355  4.24690  2.90347  2.73739  3.18146  2.89801  2.37887  2.77519  2.98518  4.58477  3.61503
          0.00902  5.40779  5.40454  0.61958  0.77255  0.43403  1.04381
     54   2.78786  4.37586  3.15793  2.69987  4.67694  2.59494  3.80548  4.14676  2.15597  3.41364  3.91149  2.58109  3.79608  2.83921  2.68727  1.75208  2.44764  3.79895  6.08873  4.12673     56 s - - -
          2.68618  4.42225  2.77519  2.73123  3.46354  2.40513  3.72494  3.29354  2.67741  2.69355  4.24690  2.90347  2.73739  3.18146  2.89801  2.37887  2.77519  2.98518  4.58477  3.61503
          0.00566  5.57310  6.29545  0.61958  0.77255  0.79249  0.60279
     55   2.44239  5.43093  2.16027  2.61677  4.43465  3.02773  3.39608  4.34541  2.51954  3.63458  4.70451  2.12493  4.14013  3.02073  3.11130  1.82967  2.74008  3.54759  6.09677  4.35137     57 s - - -
          2.68618  4.42225  2.77519  2.73123  3.46354  2.40513  3.72494  3.29354  2.67741  2.69355  4.24690  2.90347  2.73739  3.18146  2.89801  2.37887  2.77519  2.98518  4.58477  3.61503
          0.07762  5.57490  2.64659  0.61958  0.77255  0.68386  0.70252
     56   2.78504  4.56406  3.97565  3.41083  3.83525  3.53773  4.30451  2.99737  3.23773  2.87166  3.80782  3.71034  1.05350  3.74539  3.74431  3.21202  2.20011  3.03071  5.19595  3.98634     58 p - - -
          2.68618  4.42225  2.77519  2.73123  3.46354  2.40513  3.72494  3.29354  2.67741  2.69355  4.24690  2.90347  2.73739  3.18146  2.89801  2.37887  2.77519  2.98518  4.58477  3.61503
          0.01929  5.51954  4.19315  0.61958  0.77255  0.50582  0.92385
     57   2.82427  4.23974  2.77333  2.25040  4.55699  3.69461  4.06638  3.02418  2.01812  2.29721  3.59929  3.10938  3.71553  2.83882  3.04274  2.50394  2.73681  2.93419  5.20218  4.12488     59 k - - -
          2.68618  4.42225  2.77519  2.73123  3.46354  2.40513  3.72494  3.29354  2.67741  2.69355  4.24690  2.90347  2.73739  3.18146  2.89801  2.37887  2.77519  2.98518  4.58477  3.61503
          0.00894  5.58312  5.26995  0.61958  0.77255  0.76985  0.62191
     58   2.63181  4.65871  2.86967  2.53467  4.64792  2.77297  2.96637  4.50243  2.01671  3.97556  4.56282  2.57223  4.07580  2.35295  2.56840  2.16924  2.72330  3.85744  5.49522  4.17321     60 k - - -
          2.68618  4.42225  2.77519  2.73123  3.46354  2.40513  3.72494  3.29354  2.67741  2.69355  4.24690  2.90347  2.73739  3.18146  2.89801  2.37887  2.77519  2.98518  4.58477  3.61503
          0.00780  5.57980  5.52274  0.61958  0.77255  0.76266  0.62815
     59   3.00512  4.61234  5.20516  4.58956  3.07621  4.40770  4.49365  2.02664  4.37360  1.24031  3.00998  4.57127  4.77134  3.84011  3.93074  3.66070  3.17027  1.57731  4.53036  3.59431     61 l - - -
          2.68618  4.42225  2.77519  2.73123  3.46354  2.40513  3.72494  3.29354  2.67741  2.69355  4.24690  2.90347  2.73739  3.18146  2.89801  2.37887  2.77519  2.98518  4.58477  3.61503
          0.00794  5.58007  5.48893  0.61958  0.77255  0.67597  0.71063
     60   2.73773  4.26290  4.54576  3.89632  2.87634  4.21136  4.45612  2.10348  3.87950  1.82341  3.26459  4.37984  4.37122  3.98523  3.91178  3.64673  3.30099  1.20291  5.25053  3.41500     62 v - - -
          2.68618  4.42225  2.77519  2.73123  3.46354  2.40513  3.72494  3.29354  2.67741  2.69355  4.24690  2.90347  2.73739  3.18146  2.89801  2.37887  2.77519  2.98518  4.58477  3.61503
          0.00765  5.59129  5.55009  0.61958  0.77255  0.73819  0.65005
     61   2.69119  5.67615  2.20014  1.78909  4.73529  3.64083  3.79546  4.40039  1.72412  3.67026  4.58899  2.58979  4.32938  2.71223  2.50117  2.75223  3.26212  4.06746  6.10808  4.69638     63 k - - -
          2.68618  4.42225  2.77519  2.73123  3.46354  2.40513  3.72494  3.29354  2.67741  2.69355  4.24690  2.90347  2.73739  3.18146  2.89801  2.37887  2.77519  2.98518  4.58477  3.61503
          0.01644  5.58921  4.37624  0.61958  0.77255  0.74637  0.64262
     62   2.65001  4.84395  3.02907  2.01598  3.24245  3.84200  3.53438  4.15468  2.07852  3.04661  4.21300  3.19715  4.32978  2.83606  2.13031  2.64641  2.65972  3.80667  5.44762  3.03256     64 e - - -
          2.68618  4.42225  2.77519  2.73123  3.46354  2.40513  3.72494  3.29354  2.67741  2.69355  4.24690  2.90347  2.73739  3.18146  2.89801  2.37887  2.77519  2.98518  4.58477  3.61503
          0.00788  5.57839  5.50496  0.61958  0.77255  0.76045  0.63009
     63   1.03025  3.64121  5.12383  4.51364  3.54165  3.99775  4.19322  2.32822  4.14198  2.17065  3.22553  4.35666  4.76139  4.32005  4.26868  3.25424  2.74623  2.46584  4.49052  3.78431     65 a - - -
          2.68618  4.42225  2.77519  2.73123  3.46354  2.40513  3.72494  3.29354  2.67741  2.69355  4.24690  2.90347  2.73739  3.18146  2.89801  2.37887  2.77519  2.98518  4.58477  3.61503
          0.02390  5.57953  3.92008  0.61958  0.77255  0.73347  0.65439
     64   2.84274  4.28134  2.83836  2.25139  4.56794  3.68903  4.07874  2.34570  1.82412  2.99273  4.03651  3.09442  4.33621  2.65672  2.61180  2.92335  2.92507  2.75888  5.68000  4.53534     66 k - - -
          2.68618  4.42225  2.77519  2.73123  3.46354  2.40513  3.72494  3.29354  2.67741  2.69355  4.24690  2.90347  2.73739  3.18146  2.89801  2.37887  2.77519  2.98518  4.58477  3.61503
          0.00776  5.56771  5.54420  0.61958  0.77255  0.72520  0.66209
     65   2.54387  5.66962  2.74756  1.80423  4.88073  3.45194  3.77642  4.02148  1.89091  3.46378  4.61186  2.69596  4.24093  2.61559  2.50216  2.44326  2.98266  3.54697  6.10172  4.46288     67 e - - -
          2.68618  4.42225  2.77519  2.73123  3.46354  2.40513  3.72494  3.29354  2.67741  2.69355  4.24690  2.90347  2.73739  3.18146  2.89801  2.37887  2.77519  2.98518  4.58477  3.61503
          0.06117  5.57876  2.89023  0.61958  0.77255  0.77254  0.61960
     66   2.78604  4.42512  3.45300  2.55200  3.06007  3.75857  3.30335  2.62500  2.44528  1.89356  3.43624  3.36686  4.44774  2.90490  2.71022  3.14583  3.17883  2.88600  5.00063  2.93209     68 l - - -
          2.68618  4.42225  2.77519  2.73123  3.46354  2.40513  3.72494  3.29354  2.67741  2.69355  4.24690  2.90347  2.73739  3.18146  2.89801  2.37887  2.77519  2.98518  4.58477  3.61503
          0.06454  5.52532  2.83846  0.61958  0.77255  0.89670  0.52410
     67   2.49176  4.13274  4.18594  3.52504  2.77417  4.11129  4.46094  2.23143  2.22427  2.10999  3.30643  3.56444  4.44362  3.13931  2.16953  3.02117  3.25224  2.70483  4.70010  3.44912     69 l - - -
          2.68618  4.42225  2.77519  2.73123  3.46354  2.40513  3.72494  3.29354  2.67741  2.69355  4.24690  2.90347  2.73739  3.18146  2.89801  2.37887  2.77519  2.98518  4.58477  3.61503
          0.12642  5.47647  2.16652  0.61958  0.77255  0.59959  0.79637
     68   2.69901  5.59872  2.48844  2.11869  4.26448  3.44897  3.99717  4.19744  1.62275  3.50781  4.53867  2.65212  3.95459  2.79177  2.31193  2.66764  2.91532  3.83431  6.03092  4.52077     70 k - - -
          2.68618  4.42225  2.77519  2.73123  3.46354  2.40513  3.72494  3.29354  2.67741  2.69355  4.24690  2.90347  2.73739  3.18146  2.89801  2.37887  2.77519  2.98518  4.58477  3.61503
          0.41439  5.44870  1.09376  0.61958  0.77255  1.05611  0.42741
     69   2.37047  5.41134  2.64893  1.95704  4.63112  3.46804  3.78737  3.64801  2.03178  3.57723  4.33052  2.47902  4.07082  2.51579  2.60843  2.53252  3.04325  3.69439  5.00531  4.25330     71 e - - -
          2.68618  4.42225  2.77519  2.73123  3.46354  2.40513  3.72494  3.29354  2.67741  2.69355  4.24690  2.90347  2.73739  3.18146  2.89801  2.37887  2.77519  2.98518  4.58477  3.61503
          0.00942  5.06577  5.78812  0.61958  0.77255  1.61541  0.22166
     70   2.41123  5.12681  2.59189  2.03666  4.18027  2.99726  3.52433  4.14930  2.34416  2.86823  4.06293  2.54652  3.72129  2.90700  2.71834  2.36835  3.06604  3.79556  5.84411  3.51194     72 e - - -
          2.68604  4.42189  2.77524  2.73090  3.46378  2.40526  3.72508  3.29375  2.67688  2.69367  4.24714  2.90349  2.73747  3.18147  2.89776  2.37896  2.77539  2.98526  4.58501  3.61523
          0.87820  0.61524  3.12445  0.05086  3.00395  0.55695  0.85087
     71   2.70338  5.57524  1.92645  2.18265  4.56460  2.81409  3.56064  4.15653  2.21231  3.72999  4.61566  2.60935  3.56227  2.62111  2.88199  2.46382  2.98328  3.65575  6.00736  4.00133     74 d - - -
          2.68618  4.42225  2.77519  2.73123  3.46354  2.40513  3.72494  3.29354  2.67741  2.69355  4.24690  2.90347  2.73739  3.18146  2.89801  2.37887  2.77519  2.98518  4.58477  3.61503
          0.05245  5.40295  3.06632  0.61958  0.77255  0.50047  0.93203
     72   2.61417  5.30975  2.34272  2.06511  4.66321  2.87480  3.69185  3.55654  2.17192  3.31120  4.15379  2.67891  3.40418  2.90698  2.61503  2.50561  2.92790  3.64434  5.06396  4.12144     75 e - - -
          2.68618  4.42225  2.77519  2.73123  3.46354  2.40513  3.72494  3.29354  2.67741  2.69355  4.24690  2.90347  2.73739  3.18146  2.89801  2.37887  2.77519  2.98518  4.58477  3.61503
          0.00600  5.51557  6.23791  0.61958  0.77255  0.70437  0.68205
     73   2.56425  5.25638  2.25323  1.98439  4.51106  2.66944  3.89144  3.73243  2.18411  3.73478  4.57167  2.72672  2.72073  2.96690  3.12610  2.62062  2.86000  3.53164  6.08792  4.15447     76 e - - -
          2.68618  4.42225  2.77519  2.73123  3.46354  2.40513  3.72494  3.29354  2.67741  2.69355  4.24690  2.90347  2.73739  3.18146  2.89801  2.37887  2.77519  2.98518  4.58477  3.61503
          0.00575  5.55721  6.27956  0.61958  0.77255  0.83430  0.56948
     74   3.03417  4.99997  3.10362  2.78626  2.19235  2.67376  3.78178  3.04800  2.87895  3.16848  4.01555  3.06380  4.09735  3.33841  3.27144  3.01005  3.11692  3.20784  4.31334  1.67534     77 y - - -
          2.68618  4.42225  2.77519  2.73123  3.46354  2.40513  3.72494  3.29354  2.67741  2.69355  4.24690  2.90347  2.73739  3.18146  2.89801  2.37887  2.77519  2.98518  4.58477  3.61503
          0.00870  5.56137  5.33464  0.61958  0.77255  0.48808  0.95141
     75   3.03562  4.88847  1.05088  2.44285  4.62464  3.38884  3.98252  3.92781  2.67278  3.71902  4.71298  2.90557  3.72474  3.18148  3.11519  2.76134  2.89461  3.78758  6.10721  4.16250     78 d - - -
          2.68618  4.42225  2.77519  2.73123  3.46354  2.40513  3.72494  3.29354  2.67741  2.69355  4.24690  2.90347  2.73739  3.18146  2.89801  2.37887  2.77519  2.98518  4.58477  3.61503
          0.01042  5.61095  5.00467  0.61958  0.77255  0.63137  0.75899
     76   2.76115  4.98786  2.95999  1.68108  4.34383  3.68518  3.09670  3.59476  1.98210  3.54608  4.33662  3.24433  4.25634  2.27400  2.51024  2.80002  2.95679  3.62384  5.75061  3.83720     79 e - - -
          2.68618  4.42225  2.77519  2.73123  3.46354  2.40513  3.72494  3.29354  2.67741  2.69355  4.24690  2.90347  2.73739  3.18146  2.89801  2.37887  2.77519  2.98518  4.58477  3.61503
          0.01075  5.60883  4.95843  0.61958  0.77255  0.61566  0.77714
     77   2.37135  3.46782  4.94598  4.57211  3.00309  3.95972  4.75400  1.81842  3.81433  2.47123  3.47997  4.12996  4.17206  4.28599  4.04163  3.43275  2.98596  1.21171  5.04660  3.46323     80 v - - -
          2.68618  4.42225  2.77519  2.73123  3.46354  2.40513  3.72494  3.29354  2.67741  2.69355  4.24690  2.90347  2.73739  3.18146  2.89801  2.37887  2.77519  2.98518  4.58477  3.61503
          0.00545  5.61089  6.33324  0.61958  0.77255  0.66129  0.72605
     78   2.89289  3.64330  5.22145  4.60673  2.04905  4.27938  4.76065  2.48856  4.39216  2.78310  3.75487  4.59091  4.79349  4.52354  4.22569  3.74111  3.31676  2.42794  1.19599  2.56916     81 w - - -
          2.68618  4.42225  2.77519  2.73123  3.46354  2.40513  3.72494  3.29354  2.67741  2.69355  4.24690  2.90347  2.73739  3.18146  2.89801  2.37887  2.77519  2.98518  4.58477  3.61503
          0.00545  5.61089  6.33324  0.61958  0.77255  0.66129  0.72605
     79   2.29109  1.67107  5.23082  4.61479  2.83056  4.42803  3.83203  2.12586  4.39749  1.93951  3.39297  4.59353  4.79164  4.52689  4.24331  3.64693  3.32035  1.93135  3.92163  3.75600     82 c - - -
          2.68618  4.42225  2.77519  2.73123  3.46354  2.40513  3.72494  3.29354  2.67741  2.69355  4.24690  2.90347  2.73739  3.18146  2.89801  2.37887  2.77519  2.98518  4.58477  3.61503
          0.00545  5.61089  6.33324  0.61958  0.77255  0.62301  0.76857
     80   3.04387  4.56781  5.40276  4.79638  3.15072  4.61971  4.96995  1.99220  4.58888  2.10474  3.17145  4.78562  4.97036  4.71911  4.59884  3.85721  3.65010  0.78253  5.01846  4.27220     83 v - - -
          2.68618  4.42225  2.77519  2.73123  3.46354  2.40513  3.72494  3.29354  2.67741  2.69355  4.24690  2.90347  2.73739  3.18146  2.89801  2.37887  2.77519  2.98518  4.58477  3.61503
          0.00542  5.61550  6.33785  0.61958  0.77255  0.61767  0.77478
     81   3.16745  3.94482  5.23352  4.61785  1.13469  4.43419  4.76811  2.03892  4.40147  2.25088  3.54043  4.46013  4.79773  4.22627  4.40762  3.32863  3.37256  2.05624  5.26003  2.90345     84 f - - -
          2.68618  4.42225  2.77519  2.73123  3.46354  2.40513  3.72494  3.29354  2.67741  2.69355  4.24690  2.90347  2.73739  3.18146  2.89801  2.37887  2.77519  2.98518  4.58477  3.61503
          0.00541  5.61828  6.34062  0.61958  0.77255  0.62846  0.76231
     82   5.02206  7.13810  0.09716  4.05926  6.92103  4.02235  5.87768  6.80007  5.24152  6.16347  7.21922  4.64153  5.67017  5.15208  5.90706  4.91403  5.42518  6.23979  7.78166  6.65635     85 D - - -
          2.68618  4.42225  2.77519  2.73123  3.46354  2.40513  3.72494  3.29354  2.67741  2.69355  4.24690  2.90347  2.73739  3.18146  2.89801  2.37887  2.77519  2.98518  4.58477  3.61503
          0.00542  5.61694  6.33929  0.61958  0.77255  0.58621  0.81290
     83   2.69646  4.38557  3.65099  3.37582  3.67725  3.71411  3.88575  3.21930  2.08554  2.57489  2.97311  3.92210  4.57953  3.68869  1.89909  3.36655  2.45362  2.07984  4.86053  3.21240     86 r - - -
          2.68618  4.42225  2.77519  2.73123  3.46354  2.40513  3.72494  3.29354  2.67741  2.69355  4.24690  2.90347  2.73739  3.18146  2.89801  2.37887  2.77519  2.98518  4.58477  3.61503
          0.00538  5.62320  6.34555  0.61958  0.77255  0.60518  0.78961
     84   4.49693  7.42543  0.27928  2.18367  6.63073  4.40045  5.14524  6.29918  4.47548  5.68956  6.68826  3.48225  5.14349  4.34957  5.32769  4.26311  4.84470  5.77422  7.83425  6.10097     87 D - - -
          2.68618  4.42225  2.77519  2.73123  3.46354  2.40513  3.72494  3.29354  2.67741  2.69355  4.24690  2.90347  2.73739  3.18146  2.89801  2.37887  2.77519  2.98518  4.58477  3.61503
          0.05633  5.62320  2.97283  0.61958  0.77255  0.60518  0.78961
     85   2.77886  4.92216  2.27420  2.16877  4.39106  3.12515  3.51285  3.55861  2.47977  3.60092  4.47741  2.85059  4.11868  2.59769  2.61199  2.28644  2.62375  2.88298  4.83019  4.11313     88 e - - -
          2.68618  4.42225  2.77519  2.73123  3.46354  2.40513  3.72494  3.29354  2.67741  2.69355  4.24690  2.90347  2.73739  3.18146  2.89801  2.37887  2.77519  2.98518  4.58477  3.61503
          0.01951  5.57254  4.16541  0.61958  0.77255  0.77709  0.61571
     86   2.96895  5.00894  3.49362  3.15693  2.21878  3.88896  1.83962  2.88297  2.88741  3.02564  3.69253  3.18291  4.33446  3.34578  3.29119  3.03167  3.29545  2.70427  2.62773  3.11577     89 h - - -
          2.68618  4.42225  2.77519  2.73123  3.46354  2.40513  3.72494  3.29354  2.67741  2.69355  4.24690  2.90347  2.73739  3.18146  2.89801  2.37887  2.77519  2.98518  4.58477  3.61503
          0.41392  5.56327  1.09330  0.61958  0.77255  0.80163  0.59529
     87   2.70751  5.06783  2.89598  2.42418  3.98991  3.15744  3.81942  3.35285  2.28015  3.24708  4.22396  2.52794  2.70550  2.73365  2.81398  2.50770  2.42469  3.18149  5.85417  3.75129     90 k - - -
          2.68618  4.42225  2.77519  2.73123  3.46354  2.40513  3.72494  3.29354  2.67741  2.69355  4.24690  2.90347  2.73739  3.18146  2.89801  2.37887  2.77519  2.98518  4.58477  3.61503
          0.07475  5.16623  2.71330  0.61958  0.77255  1.13232  0.38903
     88   2.66210  5.48023  2.28623  2.07122  4.61077  3.08175  3.85515  3.97147  2.06926  3.66082  4.39570  2.59248  3.55822  2.52877  2.78801  2.41186  2.94177  3.52036  5.07321  4.18025     91 k - - -
          2.68618  4.42225  2.77519  2.73123  3.46354  2.40513  3.72494  3.29354  2.67741  2.69355  4.24690  2.90347  2.73739  3.18146  2.89801  2.37887  2.77519  2.98518  4.58477  3.61503
          0.02283  5.21259  4.06700  0.61958  0.77255  0.31223  1.31607
     89   2.47232  5.33812  2.40277  1.89257  5.00659  3.35340  3.58022  4.16560  2.11734  3.65082  4.61383  2.72586  2.78770  2.67972  2.79659  2.49647  2.88766  3.87677  6.09230  4.54124     92 e - - -
          2.68618  4.42225  2.77519  2.73123  3.46354  2.40513  3.72494  3.29354  2.67741  2.69355  4.24690  2.90347  2.73739  3.18146  2.89801  2.37887  2.77519  2.98518  4.58477  3.61503
          0.01823  5.56122  4.25328  0.61958  0.77255  0.67555  0.71106
     90   3.00018  5.17771  2.11173  2.44387  4.86882  3.11535  3.43496  4.28199  1.98098  3.56778  4.23943  2.36139  4.12662  2.19230  2.80730  2.46383  2.86424  3.96160  6.09797  4.40601     93 k - - -
          2.68618  4.42225  2.77519  2.73123  3.46354  2.40513  3.72494  3.29354  2.67741  2.69355  4.24690  2.90347  2.73739  3.18146  2.89801  2.37887  2.77519  2.98518  4.58477  3.61503
          0.00761  5.57176  5.57944  0.61958  0.77255  0.41390  1.08195
     91   3.22657  4.64418  5.22853  4.61344  1.70160  3.70339  3.58536  1.91734  3.85720  1.71266  3.01059  4.59878  4.80137  4.53107  4.01321  3.69250  3.17963  2.37347  4.67852  2.44424     94 f - - -
          2.68618  4.42225  2.77519  2.73123  3.46354  2.40513  3.72494  3.29354  2.67741  2.69355  4.24690  2.90347  2.73739  3.18146  2.89801  2.37887  2.77519  2.98518  4.58477  3.61503
          0.00888  5.62832  5.25040  0.61958  0.77255  0.54407  0.86841
     92   2.60905  5.69691  2.18923  2.09100  4.62488  3.72308  3.51537  4.01646  2.20246  3.25451  4.45567  2.25889  3.26316  2.50711  2.98276  2.64591  2.92197  3.58938  5.45508  4.30776     95 e - - -
          2.68618  4.42225  2.77519  2.73123  3.46354  2.40513  3.72494  3.29354  2.67741  2.69355  4.24690  2.90347  2.73739  3.18146  2.89801  2.37887  2.77519  2.98518  4.58477  3.61503
          0.02338  5.62858  3.93642  0.61958  0.77255  0.57459  0.82768
     93   2.36203  5.68788  2.57387  1.75652  4.73172  3.44484  4.01615  4.18485  2.03506  3.70117  4.60079  2.67250  3.96698  2.37020  2.75947  2.58675  2.86074  3.86597  6.11988  4.29102     96 e - - -
          2.68618  4.42225  2.77519  2.73123  3.46354  2.40513  3.72494  3.29354  2.67741  2.69355  4.24690  2.90347  2.73739  3.18146  2.89801  2.37887  2.77519  2.98518  4.58477  3.61503
          0.01131  5.61065  4.88171  0.61958  0.77255  0.65707  0.73058
     94   1.17091  4.29611  5.09933  4.33455  3.37984  3.89681  4.29674  2.29731  3.87746  1.80848  3.38476  4.53130  4.35326  4.16319  4.35069  3.19007  2.93172  2.32344  4.73475  4.08591     97 a - - -
          2.68618  4.42225  2.77519  2.73123  3.46354  2.40513  3.72494  3.29354  2.67741  2.69355  4.24690  2.90347  2.73739  3.18146  2.89801  2.37887  2.77519  2.98518  4.58477  3.61503
          0.03576  5.60482  3.45953  0.61958  0.77255  0.46053  0.99683
     95   2.88152  4.08019  4.87818  3.75810  2.68603  4.09456  4.10831  1.71363  3.00488  1.75430  3.50717  4.05018  4.74146  3.43378  2.56851  3.17496  3.18811  2.22421  4.48758  3.70560     98 i - - -
          2.68618  4.42225  2.77519  2.73123  3.46354  2.40513  3.72494  3.29354  2.67741  2.69355  4.24690  2.90347  2.73739  3.18146  2.89801  2.37887  2.77519  2.98518  4.58477  3.61503
          0.01472  5.60338  4.51691  0.61958  0.77255  0.44783  1.01891
     96   2.44512  5.69616  2.55298  2.05209  4.58692  3.79714  3.87690  4.16331  1.79810  3.59143  4.63304  2.80795  4.10272  2.30171  2.46918  2.54937  2.85885  3.79407  5.71060  4.71662     99 k - - -
          2.68618  4.42225  2.77519  2.73123  3.46354  2.40513  3.72494  3.29354  2.67741  2.69355  4.24690  2.90347  2.73739  3.18146  2.89801  2.37887  2.77519  2.98518  4.58477  3.61503
          0.00829  5.62557  5.37135  0.61958  0.77255  0.58271  0.81731
     97   2.77618  5.26052  3.05688  2.32587  3.58455  3.66034  3.98400  3.43378  1.84954  2.03779  3.78546  3.17949  4.37751  2.71157  2.54255  2.85130  3.11950  3.51274  4.22018  3.59707    100 k - - -
          2.68618  4.42225  2.77519  2.73123  3.46354  2.40513  3.72494  3.29354  2.67741  2.69355  4.24690  2.90347  2.73739  3.18146  2.89801  2.37887  2.77519  2.98518  4.58477  3.61503
          0.03005  5.62267  3.64993  0.61958  0.77255  0.47447  0.97342
     98   1.17478  2.41846  3.51295  2.83166  4.21163  3.23729  4.32221  2.99468  2.80952  2.96324  4.16716  3.52876  4.40103  3.42757  3.51863  2.80186  3.23688  3.00221  5.71655  4.43372    101 a - - -
          2.68618  4.42225  2.77519  2.73123  3.46354  2.40513  3.72494  3.29354  2.67741  2.69355  4.24690  2.90347  2.73739  3.18146  2.89801  2.37887  2.77519  2.98518  4.58477  3.61503
          0.01314  5.61456  4.66649  0.61958  0.77255  0.45601  1.00459
     99   2.69768  5.20760  2.76256  1.97469  5.04484  3.39762  3.77808  3.91184  1.80342  3.57759  4.47048  2.75635  4.09569  2.43726  2.20228  2.53886  3.23402  3.71452  6.13086  4.17800    102 k - - -
          2.68618  4.42225  2.77519  2.73123  3.46354  2.40513  3.72494  3.29354  2.67741  2.69355  4.24690  2.90347  2.73739  3.18146  2.89801  2.37887  2.77519  2.98518  4.58477  3.61503
          0.00939  5.63038  5.15639  0.61958  0.77255  0.49711  0.93722
    100   2.50126  5.34785  2.72822  2.14915  4.84714  3.29422  3.87598  4.45291  1.86702  3.61363  4.59402  2.49927  4.24374  2.26558  2.40587  2.39411  3.17621  3.91551  6.13344  4.08571    103 k - - -
          2.68618  4.42225  2.77519  2.73123  3.46354  2.40513  3.72494  3.29354  2.67741  2.69355  4.24690  2.90347  2.73739  3.18146  2.89801  2.37887  2.77519  2.98518  4.58477  3.61503
          0.02064  5.63440  4.08299  0.61958  0.77255  0.47450  0.97339
    101   2.59022  4.74241  2.73846  2.23187  5.04044  3.37656  3.04521  3.71380  1.86721  3.28386  4.38608  2.07218  3.57482  2.83022  2.94601  2.64819  3.07131  3.79788  5.69859  3.97392    104 k - - -
          2.68618  4.42225  2.77519  2.73123  3.46354  2.40513  3.72494  3.29354  2.67741  2.69355  4.24690  2.90347  2.73739  3.18146  2.89801  2.37887  2.77519  2.98518  4.58477  3.61503
          0.03360  5.62761  3.52520  0.61958  0.77255  0.47564  0.97150
    102   2.99627  5.24367  2.80858  2.51951  5.03347  1.78615  3.82259  3.91408  1.99458  3.94324  4.56868  2.05537  3.82337  2.84052  2.73479  2.75226  3.01748  3.78523  6.12002  4.47702    105 g - - -
          2.68618  4.42225  2.77519  2.73123  3.46354  2.40513  3.72494  3.29354  2.67741  2.69355  4.24690  2.90347  2.73739  3.18146  2.89801  2.37887  2.77519  2.98518  4.58477  3.61503
          0.00869  5.61229  5.29912  0.61958  0.77255  0.44989  1.01529
    103   2.83792  3.88006  4.69445  4.37878  2.23045  3.92232  4.77615  1.46682  4.40746  2.54845  3.52374  4.18491  4.80620  4.53830  3.92884  3.61733  3.42602  1.68809  3.56268  2.44749    106 i - - -
          2.68618  4.42225  2.77519  2.73123  3.46354  2.40513  3.72494  3.29354  2.67741  2.69355  4.24690  2.90347  2.73739  3.18146  2.89801  2.37887  2.77519  2.98518  4.58477  3.61503
          0.00629  5.63477  5.91526  0.61958  0.77255  0.53218  0.88508
    104   3.05956  4.71407  3.02488  2.23106  3.64820  2.93001  2.86907  3.06681  2.05994  3.33533  4.41494  2.50115  4.35906  2.60142  2.45330  2.74528  2.95119  3.47390  5.46522  3.74918    107 k - - -
          2.68618  4.42225  2.77519  2.73123  3.46354  2.40513  3.72494  3.29354  2.67741  2.69355  4.24690  2.90347  2.73739  3.18146  2.89801  2.37887  2.77519  2.98518  4.58477  3.61503
          0.00759  5.63498  5.52269  0.61958  0.77255  0.52304  0.89824
    105   2.39202  3.55396  5.24435  4.41119  2.78838  4.24562  4.01256  2.00693  4.28610  1.56011  3.21540  4.60815  4.17939  4.54136  4.41707  3.46948  3.15474  1.52719  4.37345  3.98255    108 v - - -
          2.68618  4.42225  2.77519  2.73123  3.46354  2.40513  3.72494  3.29354  2.67741  2.69355  4.24690  2.90347  2.73739  3.18146  2.89801  2.37887  2.77519  2.98518  4.58477  3.61503
          0.00532  5.63485  6.35719  0.61958  0.77255  0.51506  0.90997
    106   1.20609  3.25219  5.20203  4.58920  3.11401  2.77881  4.64892  1.92674  4.38207  2.19897  3.71440  4.45470  4.80399  4.52013  4.30146  3.38225  3.35092  2.36061  5.27618  3.72942    109 a - - -
          2.68618  4.42225  2.77519  2.73123  3.46354  2.40513  3.72494  3.29354  2.67741  2.69355  4.24690  2.90347  2.73739  3.18146  2.89801  2.37887  2.77519  2.98518  4.58477  3.61503
          0.00530  5.63799  6.36034  0.61958  0.77255  0.52597  0.89400
    107   2.93039  4.14909  4.01523  3.38158  2.54472  3.82284  4.63051  2.08806  4.31533  2.19695  3.32632  4.31074  4.12773  3.57388  3.84286  3.68847  2.96133  1.86657  2.76271  2.20012    110 v - - -
          2.68618  4.42225  2.77519  2.73123  3.46354  2.40513  3.72494  3.29354  2.67741  2.69355  4.24690  2.90347  2.73739  3.18146  2.89801  2.37887  2.77519  2.98518  4.58477  3.61503
          0.00530  5.63799  6.36034  0.61958  0.77255  0.52597  0.89400
    108   3.14560  4.95026  3.59484  3.13273  4.16081  4.05666  4.03040  4.06269  3.12644  3.67893  4.49883  2.79549  4.46810  3.41271  3.53766  0.78288  2.32504  3.55258  5.93407  4.61075    111 s - - -
          2.68618  4.42225  2.77519  2.73123  3.46354  2.40513  3.72494  3.29354  2.67741  2.69355  4.24690  2.90347  2.73739  3.18146  2.89801  2.37887  2.77519  2.98518  4.58477  3.61503
          0.00530  5.63799  6.36034  0.61958  0.77255  0.52597  0.89400
    109   3.07810  5.28661  3.23276  2.89773  4.48008  4.01656  3.17304  3.62601  2.83622  3.51268  3.76631  1.02850  4.40739  3.16142  3.32762  2.67731  2.97708  2.96719  5.44934  3.84242    112 n - - -
          2.68618  4.42225  2.77519  2.73123  3.46354  2.40513  3.72494  3.29354  2.67741  2.69355  4.24690  2.90347  2.73739  3.18146  2.89801  2.37887  2.77519  2.98518  4.58477  3.61503
          0.00530  5.63799  6.36034  0.61958  0.77255  0.52597  0.89400
    110   3.14769  5.09998  3.18845  2.28371  3.96752  3.81406  4.24101  3.39376  2.97634  3.22606  4.11418  3.48889  1.05070  2.93876  3.22148  3.20744  3.39321  3.19973  5.91170  3.85249    113 p - - -
          2.68618  4.42225  2.77519  2.73123  3.46354  2.40513  3.72494  3.29354  2.67741  2.69355  4.24690  2.90347  2.73739  3.18146  2.89801  2.37887  2.77519  2.98518  4.58477  3.61503
          0.00757  5.63977  5.52538  0.61958  0.77255  0.52597  0.89400
    111   2.41555  1.20664  3.29660  2.95949  4.50211  3.89416  4.21803  4.17221  2.71045  3.63066  4.54542  3.09504  4.40897  3.11133  3.42901  2.05036  2.84888  3.73158  5.96820  4.61510    114 c - - -
          2.68618  4.42225  2.77519  2.73123  3.46354  2.40513  3.72494  3.29354  2.67741  2.69355  4.24690  2.90347  2.73739  3.18146  2.89801  2.37887  2.77519  2.98518  4.58477  3.61503
          0.00743  5.63751  5.56274  0.61958  0.77255  0.53750  0.87757
    112   3.45329  4.70123  5.48558  4.87917  0.65585  4.72299  5.03274  2.05508  4.67374  2.39842  3.74962  4.87805  5.05768  4.78097  4.67952  4.04101  3.34852  2.89780  5.06910  4.16590    115 F - - -
          2.68618  4.42225  2.77519  2.73123  3.46354  2.40513  3.72494  3.29354  2.67741  2.69355  4.24690  2.90347  2.73739  3.18146  2.89801  2.37887  2.77519  2.98518  4.58477  3.61503
          0.00532  5.63539  6.35774  0.61958  0.77255  0.53001  0.88819
    113   4.44222  7.29729  2.47598  0.25349  6.56592  3.86265  5.12933  6.21037  4.41706  5.61430  6.58197  3.83977  5.13089  4.32846  5.22521  3.93884  4.78679  5.68816  7.76075  6.06000    116 E - - -
          2.68618  4.42225  2.77519  2.73123  3.46354  2.40513  3.72494  3.29354  2.67741  2.69355  4.24690  2.90347  2.73739  3.18146  2.89801  2.37887  2.77519  2.98518  4.58477  3.61503
          0.00531  5.63751  6.35985  0.61958  0.77255  0.53750  0.87757
    114   3.06256  4.65069  4.91124  4.49938  2.40736  3.68285  4.19805  2.18436  4.40218  1.28040  3.47563  4.26325  4.80687  4.26624  4.41314  3.70268  3.35019  2.04676  5.07926  2.13888    117 l - - -
          2.68618  4.42225  2.77519  2.73123  3.46354  2.40513  3.72494  3.29354  2.67741  2.69355  4.24690  2.90347  2.73739  3.18146  2.89801  2.37887  2.77519  2.98518  4.58477  3.61503
          0.00531  5.63751  6.35985  0.61958  0.77255  0.53750  0.87757
    115   4.09769  4.49394  5.92054  5.50555  2.59053  5.31299  4.76216  4.04614  5.28756  3.43007  4.69370  5.22572  5.64408  5.25818  5.24405  4.65876  4.28946  3.68573  0.36294  3.00312    118 W - - -
          2.68618  4.42225  2.77519  2.73123  3.46354  2.40513  3.72494  3.29354  2.67741  2.69355  4.24690  2.90347  2.73739  3.18146  2.89801  2.37887  2.77519  2.98518  4.58477  3.61503
          0.00531  5.63751  6.35985  0.61958  0.77255  0.53750  0.87757
    116   3.07377  4.65893  5.24544  4.43239  1.91146  4.45365  4.78642  2.28218  4.41579  1.03624  3.50834  4.61524  4.37557  4.54654  3.86378  3.76499  3.51631  2.70873  5.04452  2.52098    119 l - - -
          2.68618  4.42225  2.77519  2.73123  3.46354  2.40513  3.72494  3.29354  2.67741  2.69355  4.24690  2.90347  2.73739  3.18146  2.89801  2.37887  2.77519  2.98518  4.58477  3.61503
          0.00529  5.63953  6.36188  0.61958  0.77255  0.53750  0.87757
    117   3.13445  4.02879  5.00249  4.62718  3.52250  4.44716  4.35655  2.02006  4.41173  0.85923  3.32545  4.46316  4.81085  4.54269  3.92023  3.65254  3.42491  2.48220  4.88288  2.74681    120 l - - -
          2.68618  4.42225  2.77519  2.73123  3.46354  2.40513  3.72494  3.29354  2.67741  2.69355  4.24690  2.90347  2.73739  3.18146  2.89801  2.37887  2.77519  2.98518  4.58477  3.61503
          0.00625  5.64185  5.91991  0.61958  0.77255  0.53750  0.87757
    118   2.64958  3.95603  3.94878  4.53924  3.31554  4.43460  4.76329  2.98784  4.34382  0.75658  3.34873  4.44238  4.79919  3.99736  4.15306  3.54606  3.38953  2.91214  3.83193  2.76380    121 l - - -
          2.68618  4.42225  2.77519  2.73123  3.46354  2.40513  3.72494  3.29354  2.67741  2.69355  4.24690  2.90347  2.73739  3.18146  2.89801  2.37887  2.77519  2.98518  4.58477  3.61503
          0.00760  5.64088  5.51628  0.61958  0.77255  0.54239  0.87074
    119   3.30696  4.30778  4.72754  4.15088  3.64636  4.45103  0.57517  3.23383  4.01201  3.00060  3.87155  4.37989  4.82401  4.26508  4.11746  3.68039  3.55069  3.06076  5.31832  3.21158    122 H - - -
          2.68618  4.42225  2.77519  2.73123  3.46354  2.40513  3.72494  3.29354  2.67741  2.69355  4.24690  2.90347  2.73739  3.18146  2.89801  2.37887  2.77519  2.98518  4.58477  3.61503
          0.00530  5.63858  6.36093  0.61958  0.77255  0.55394  0.85492
    120   3.03900  4.57781  4.50184  3.93288  1.11700  4.12420  3.43219  2.84859  2.95635  2.29378  3.57733  4.36627  4.47905  3.98047  4.05354  3.31773  3.34673  2.78914  5.34496  2.31384    123 f - - -
          2.68618  4.42225  2.77519  2.73123  3.46354  2.40513  3.72494  3.29354  2.67741  2.69355  4.24690  2.90347  2.73739  3.18146  2.89801  2.37887  2.77519  2.98518  4.58477  3.61503
          0.02017  5.63858  4.10977  0.61958  0.77255  0.53415  0.88229
    121   2.77314  4.68016  2.74353  1.71251  4.13405  3.15740  3.68922  3.63405  2.12774  3.56084  3.87515  2.86602  3.84739  2.45262  2.87052  2.73869  2.77666  3.26350  6.12404  4.07855    124 e - - -
          2.68618  4.42225  2.77519  2.73123  3.46354  2.40513  3.72494  3.29354  2.67741  2.69355  4.24690  2.90347  2.73739  3.18146  2.89801  2.37887  2.77519  2.98518  4.58477  3.61503
          0.01433  5.62612  4.54459  0.61958  0.77255  0.60551  0.78921
    122   2.89002  5.44292  1.81186  2.34252  3.96447  3.52512  3.83716  4.04706  2.40894  3.44686  4.26683  2.38199  3.48432  2.88708  2.96142  2.74375  3.20228  3.89003  6.11877  2.31004    125 d - - -
          2.68618  4.42225  2.77519  2.73123  3.46354  2.40513  3.72494  3.29354  2.67741  2.69355  4.24690  2.90347  2.73739  3.18146  2.89801  2.37887  2.77519  2.98518  4.58477  3.61503
          0.02965  5.61820  3.66575  0.61958  0.77255  0.64985  0.73840
    123   2.81056  3.11840  4.30727  3.51439  3.01493  3.55236  3.26796  2.56230  3.49981  2.33754  3.37383  3.40026  3.69483  3.25064  3.30679  2.64716  2.03783  2.35099  4.58613  2.84400    126 t - - -
          2.68618  4.42225  2.77519  2.73123  3.46354  2.40513  3.72494  3.29354  2.67741  2.69355  4.24690  2.90347  2.73739  3.18146  2.89801  2.37887  2.77519  2.98518  4.58477  3.61503
          0.01474  5.59409  4.51808  0.61958  0.77255  0.61120  0.78241
    124   2.62396  4.26118  2.42211  2.64580  4.15994  3.26439  3.47260  4.03206  2.54800  3.59474  4.38971  2.35303  3.30424  2.79235  2.59171  2.40768  2.12347  3.49492  6.10837  3.78139    127 t - - -
          2.68618  4.42225  2.77519  2.73123  3.46354  2.40513  3.72494  3.29354  2.67741  2.69355  4.24690  2.90347  2.73739  3.18146  2.89801  2.37887  2.77519  2.98518  4.58477  3.61503
          0.00881  5.60293  5.28222  0.61958  0.77255  0.55678  0.85110
    125   2.16096  5.47433  2.89831  2.44358  4.87534  2.64480  3.86983  4.22243  2.06527  3.68750  4.73271  2.83068  3.29869  2.96886  2.33209  2.32242  2.49700  3.64408  6.12449  4.53106    128 k - - -
          2.68618  4.42225  2.77519  2.73123  3.46354  2.40513  3.72494  3.29354  2.67741  2.69355  4.24690  2.90347  2.73739  3.18146  2.89801  2.37887  2.77519  2.98518  4.58477  3.61503
          0.04774  5.61996  3.14677  0.61958  0.77255  0.61481  0.77815
    126   2.22896  4.45322  3.13816  2.53986  3.68671  3.01757  3.25254  3.56732  2.45037  3.13116  4.32296  2.95144  2.26794  2.85002  3.13921  2.37051  2.94074  3.45293  5.16767  3.38587    129 a - - -
          2.68618  4.42225  2.77519  2.73123  3.46354  2.40513  3.72494  3.29354  2.67741  2.69355  4.24690  2.90347  2.73739  3.18146  2.89801  2.37887  2.77519  2.98518  4.58477  3.61503
          0.09743  5.58122  2.41835  0.61958  0.77255  0.44615  1.02190
    127   3.04246  4.15341  4.45085  4.42924  1.95501  3.83534  3.99344  1.98450  4.14686  1.84410  2.93477  4.14451  4.62215  4.03173  3.76608  3.37789  2.91154  2.29746  4.69274  2.28223    130 l - - -
          2.68618  4.42225  2.77519  2.73123  3.46354  2.40513  3.72494  3.29354  2.67741  2.69355  4.24690  2.90347  2.73739  3.18146  2.89801  2.37887  2.77519  2.98518  4.58477  3.61503
          0.01423  5.54501  4.58308  0.61958  0.77255  0.54239  0.87074
    128   2.61012  5.36841  2.47229  2.45350  5.01902  3.18483  2.78541  3.43040  2.47821  3.48305  4.45449  2.72833  3.38210  2.79790  3.06177  2.06520  2.27227  3.53664  6.10758  4.20863    131 s - - -
          2.68618  4.42225  2.77519  2.73123  3.46354  2.40513  3.72494  3.29354  2.67741  2.69355  4.24690  2.90347  2.73739  3.18146  2.89801  2.37887  2.77519  2.98518  4.58477  3.61503
          0.01333  5.59396  4.65468  0.61958  0.77255  0.75089  0.63856
    129   2.85459  4.72965  2.57747  2.54299  5.01872  3.13435  3.90283  4.15303  2.39085  3.84068  4.71350  2.56867  3.67578  2.93043  1.74640  2.11525  2.45911  3.74190  6.10531  4.69397    132 r - - -
          2.68618  4.42225  2.77519  2.73123  3.46354  2.40513  3.72494  3.29354  2.67741  2.69355  4.24690  2.90347  2.73739  3.18146  2.89801  2.37887  2.77519  2.98518  4.58477  3.61503
          0.00769  5.58622  5.54274  0.61958  0.77255  0.49656  0.93808
    130   2.28492  5.40411  2.14314  2.06113  4.64479  3.26838  3.51776  4.33546  1.99621  3.50846  4.42490  2.93726  3.93407  2.80768  2.81613  2.42660  2.89486  3.47931  5.66226  4.58418    133 k - - -
          2.68618  4.42225  2.77519  2.73123  3.46354  2.40513  3.72494  3.29354  2.67741  2.69355  4.24690  2.90347  2.73739  3.18146  2.89801  2.37887  2.77519  2.98518  4.58477  3.61503
          0.00538  5.62332  6.34566  0.61958  0.77255  0.60671  0.78776
    131   2.25498  5.18322  2.12725  1.87878  4.47252  3.39742  3.59212  4.34960  2.23477  3.40851  4.28385  2.91259  3.99060  2.23069  3.13612  2.69544  3.06818  3.75153  5.39853  4.37443    134 e - - -
          2.68618  4.42225  2.77519  2.73123  3.46354  2.40513  3.72494  3.29354  2.67741  2.69355  4.24690  2.90347  2.73739  3.18146  2.89801  2.37887  2.77519  2.98518  4.58477  3.61503
          0.01242  5.62569  4.74047  0.61958  0.77255  0.59878  0.79735
    132   2.30547  2.60297  4.74825  4.38503  3.36101  4.30130  4.76510  2.25405  4.07102  1.76224  3.26956  4.59151  4.62302  4.14621  4.10722  3.61773  2.97018  1.92579  4.85780  2.01958    135 l - - -
          2.68618  4.42225  2.77519  2.73123  3.46354  2.40513  3.72494  3.29354  2.67741  2.69355  4.24690  2.90347  2.73739  3.18146  2.89801  2.37887  2.77519  2.98518  4.58477  3.61503
          0.01025  5.62070  5.02401  0.61958  0.77255  0.61927  0.77292
    133   2.91580  3.42403  3.12555  2.29896  4.01663  3.69731  4.06545  2.18449  2.34611  2.48006  3.78166  3.19351  4.07881  2.87894  3.25056  2.62063  3.12758  2.73162  5.10368  2.92710    136 i - - -
          2.68618  4.42225  2.77519  2.73123  3.46354  2.40513  3.72494  3.29354  2.67741  2.69355  4.24690  2.90347  2.73739  3.18146  2.89801  2.37887  2.77519  2.98518  4.58477  3.61503
          0.01094  5.61817  4.92735  0.61958  0.77255  0.56908  0.83482
    134   2.51595  5.69462  2.66800  2.26779  4.74789  3.70340  3.73611  4.05766  1.71038  3.78157  4.41683  2.78699  3.61300  2.66672  2.17454  2.49234  2.72053  3.97237  6.12663  4.46266    137 k - - -
          2.68618  4.42225  2.77519  2.73123  3.46354  2.40513  3.72494  3.29354  2.67741  2.69355  4.24690  2.90347  2.73739  3.18146  2.89801  2.37887  2.77519  2.98518  4.58477  3.61503
          0.01666  5.62259  4.35030  0.61958  0.77255  0.63012  0.76042
    135   2.61066  5.42989  2.52386  2.01213  4.45345  3.70612  3.64080  3.71574  1.84126  2.91224  3.69883  3.21600  4.05981  2.65692  2.25851  2.80687  3.21979  3.53685  6.11442  3.90886    138 k - - -
          2.68618  4.42225  2.77519  2.73123  3.46354  2.40513  3.72494  3.29354  2.67741  2.69355  4.24690  2.90347  2.73739  3.18146  2.89801  2.37887  2.77519  2.98518  4.58477  3.61503
          0.01123  5.61138  4.89161  0.61958  0.77255  0.51710  0.90695
    136   3.09121  4.36661  5.26070  4.64486  2.81147  4.45885  4.79261  2.31907  4.42797  0.75170  3.37739  4.62452  4.60531  4.55528  4.43211  3.55503  3.51913  2.38762  3.90348  3.98275    139 l - - -
          2.68618  4.42225  2.77519  2.73123  3.46354  2.40513  3.72494  3.29354  2.67741  2.69355  4.24690  2.90347  2.73739  3.18146  2.89801  2.37887  2.77519  2.98518  4.58477  3.61503
          0.03085  5.62642  3.62011  0.61958  0.77255  0.56079  0.84573
    137   2.78381  4.61000  3.12537  2.30750  5.03165  3.33095  3.77292  4.41173  1.64605  3.67593  4.72604  2.50844  4.22713  2.65919  2.02940  2.35097  2.93071  3.76675  6.11774  4.70622    140 k - - -
          2.68618  4.42225  2.77519  2.73123  3.46354  2.40513  3.72494  3.29354  2.67741  2.69355  4.24690  2.90347  2.73739  3.18146  2.89801  2.37887  2.77519  2.98518  4.58477  3.61503
          0.03977  5.60740  3.34341  0.61958  0.77255  0.67527  0.71135
    138   2.75925  5.66833  2.75306  2.26803  4.88173  3.44466  3.76698  4.05597  1.58933  3.87088  4.61046  2.67975  4.18409  2.47187  2.10902  2.64075  2.98125  3.67843  6.10034  4.42069    141 k - - -
          2.68618  4.42225  2.77519  2.73123  3.46354  2.40513  3.72494  3.29354  2.67741  2.69355  4.24690  2.90347  2.73739  3.18146  2.89801  2.37887  2.77519  2.98518  4.58477  3.61503
          0.02685  5.57592  3.78521  0.61958  0.77255  0.80191  0.59506
    139   2.60916  3.86699  3.75177  2.59542  3.30662  4.01631  2.33613  2.78796  2.54444  2.32125  4.18713  3.42506  4.15010  3.00766  2.85384  2.94466  3.29451  2.96686  4.58453  2.34437    142 l - - -
          2.68618  4.42225  2.77519  2.73123  3.46354  2.40513  3.72494  3.29354  2.67741  2.69355  4.24690  2.90347  2.73739  3.18146  2.89801  2.37887  2.77519  2.98518  4.58477  3.61503
          0.48175  5.55694  0.97170  0.61958  0.77255  0.59338  0.80398
    140   2.87843  3.52602  4.71767  4.33317  2.85369  4.15406  4.48761  1.86864  3.95558  1.44530  2.65849  4.31653  4.51776  4.15697  3.92705  3.22077  2.98091  2.07752  4.08841  3.31840    143 l - - -
          2.68618  4.42225  2.77519  2.73123  3.46354  2.40513  3.72494  3.29354  2.67741  2.69355  4.24690  2.90347  2.73739  3.18146  2.89801  2.37887  2.77519  2.98518  4.58477  3.61503
          0.05569  5.14987  3.02892  0.61958  0.77255  0.77009  0.62170
    141   2.67206  5.54270  2.68326  2.35027  4.88837  2.86302  3.56481  4.26588  2.10041  3.65907  4.41300  2.63540  1.98814  2.77836  2.93356  2.51003  2.95525  3.70437  5.97503  4.46010    144 p - - -
          2.68618  4.42225  2.77519  2.73123  3.46354  2.40513  3.72494  3.29354  2.67741  2.69355  4.24690  2.90347  2.73739  3.18146  2.89801  2.37887  2.77519  2.98518  4.58477  3.61503
          0.02216  5.34025  4.06736  0.61958  0.77255  0.31062  1.32048
    142   2.78897  4.77131  2.30987  2.33115  4.30438  2.13609  3.54473  4.07282  2.20630  3.67664  4.13525  2.46337  3.49534  2.79192  3.03362  2.60602  2.74583  3.61265  5.46419  4.55877    145 g - - -
          2.68618  4.42225  2.77519  2.73123  3.46354  2.40513  3.72494  3.29354  2.67741  2.69355  4.24690  2.90347  2.73739  3.18146  2.89801  2.37887  2.77519  2.98518  4.58477  3.61503
          0.00988  5.58927  5.10052  0.61958  0.77255  0.65325  0.73470
    143   3.23917  4.72070  4.45315  3.90009  2.37868  4.33852  4.63954  2.99873  3.65218  2.47556  3.76180  3.39069  4.53555  4.09920  3.56341  3.25581  3.41123  2.88485  4.47061  0.93321    146 y - - -
          2.68618  4.42225  2.77519  2.73123  3.46354  2.40513  3.72494  3.29354  2.67741  2.69355  4.24690  2.90347  2.73739  3.18146  2.89801  2.37887  2.77519  2.98518  4.58477  3.61503
          0.00551  5.59980  6.32214  0.61958  0.77255  0.72769  0.65976
    144   2.52560  4.83087  2.23632  1.90461  4.84905  3.71426  3.55706  3.61260  2.13751  3.49257  4.60089  2.64592  3.45555  2.66032  2.87984  2.46498  2.90806  3.55758  6.11132  4.48712    147 e - - -
          2.68618  4.42225  2.77519  2.73123  3.46354  2.40513  3.72494  3.29354  2.67741  2.69355  4.24690  2.90347  2.73739  3.18146  2.89801  2.37887  2.77519  2.98518  4.58477  3.61503
          0.01568  5.59696  4.43515  0.61958  0.77255  0.56563  0.83933
    145   3.15255  5.82924  3.52233  2.85801  5.19468  3.81684  4.03219  4.65052  0.59207  3.84533  4.87742  3.47619  3.69221  3.31955  3.01921  3.27020  3.59969  4.23362  6.22438  4.86255    148 K - - -
          2.68618  4.42225  2.77519  2.73123  3.46354  2.40513  3.72494  3.29354  2.67741  2.69355  4.24690  2.90347  2.73739  3.18146  2.89801  2.37887  2.77519  2.98518  4.58477  3.61503
          0.02373  5.60797  3.92289  0.61958  0.77255  0.63946  0.74988
    146   2.49813  5.29290  2.93784  2.48698  5.01854  2.18032  3.30358  3.95487  2.45756  3.76220  4.36497  2.03360  4.24673  3.15372  2.96377  2.08845  2.52508  3.82404  6.10764  4.42426    149 n - - -
          2.68618  4.42225  2.77519  2.73123  3.46354  2.40513  3.72494  3.29354  2.67741  2.69355  4.24690  2.90347  2.73739  3.18146  2.89801  2.37887  2.77519  2.98518  4.58477  3.61503
          0.04229  5.59506  3.27833  0.61958  0.77255  0.70292  0.68347
    147   2.64635  5.04551  2.40413  2.13295  4.62504  2.98449  3.78432  3.46735  2.08399  2.97921  3.70262  2.56778  4.21667  2.85617  2.83910  2.35485  2.97581  3.52300  6.08534  4.23479    150 k - - -
          2.68618  4.42225  2.77519  2.73123  3.46354  2.40513  3.72494  3.29354  2.67741  2.69355  4.24690  2.90347  2.73739  3.18146  2.89801  2.37887  2.77519  2.98518  4.58477  3.61503
          0.27460  5.55984  1.44275  0.61958  0.77255  0.69672  0.68958
    148   2.55267  4.52114  2.85527  2.23674  3.36715  3.28038  3.39813  3.51780  2.12345  3.13111  4.07043  2.85535  2.87214  2.80125  2.87093  2.43223  2.85983  3.50832  5.93974  3.80981    151 k - - -
          2.68618  4.42225  2.77519  2.73123  3.46354  2.40513  3.72494  3.29354  2.67741  2.69355  4.24690  2.90347  2.73739  3.18146  2.89801  2.37887  2.77519  2.98518  4.58477  3.61503
          0.02215  5.32028  4.07371  0.61958  0.77255  0.66645  0.72057
    149   2.57404  4.93426  2.12334  2.25621  4.47385  2.61920  3.49464  4.17008  2.21708  3.54725  4.52707  2.22585  3.74421  2.99851  2.84703  2.67764  2.71979  3.65014  6.03935  4.50170    152 d - - -
          2.68618  4.42225  2.77519  2.73123  3.46354  2.40513  3.72494  3.29354  2.67741  2.69355  4.24690  2.90347  2.73739  3.18146  2.89801  2.37887  2.77519  2.98518  4.58477  3.61503
          0.11876  5.46631  2.22794  0.61958  0.77255  1.10707  0.40126
    150   2.73328  4.55172  3.90382  3.77778  2.97337  4.10481  3.75954  1.74472  3.67090  1.94069  2.86137  2.97269  4.41979  3.76635  3.54488  3.00760  2.95626  2.26046  3.19378  3.59020    153 i - - -
          2.68618  4.42225  2.77519  2.73123  3.46354  2.40513  3.72494  3.29354  2.67741  2.69355  4.24690  2.90347  2.73739  3.18146  2.89801  2.37887  2.77519  2.98518  4.58477  3.61503
          0.01542  5.35674  4.54836  0.61958  0.77255  0.34916  1.22173
    151   2.89325  3.87207  4.92408  4.39045  1.72359  3.99569  4.34629  2.37315  4.02310  2.30012  3.42858  4.54873  3.74867  4.36351  3.77688  3.22328  3.04061  2.34958  4.70139  1.66756    154 y - - -
          2.68618  4.42225  2.77519  2.73123  3.46354  2.40513  3.72494  3.29354  2.67741  2.69355  4.24690  2.90347  2.73739  3.18146  2.89801  2.37887  2.77519  2.98518  4.58477  3.61503
          0.01142  5.58075  4.88130  0.61958  0.77255  0.75563  0.63434
    152   2.51599  4.71157  2.19358  1.90547  4.88123  3.40314  3.91162  4.31644  2.07869  3.55812  4.70971  2.67153  3.56034  2.79970  2.75698  2.36148  2.80291  3.76892  6.10138  4.50686    155 e - - -
          2.68618  4.42225  2.77519  2.73123  3.46354  2.40513  3.72494  3.29354  2.67741  2.69355  4.24690  2.90347  2.73739  3.18146  2.89801  2.37887  2.77519  2.98518  4.58477  3.61503
          0.10731  5.57803  2.32309  0.61958  0.77255  0.75108  0.63839
    153   2.74688  5.32620  2.82500  2.27456  3.99753  3.80425  3.59482  2.96459  1.82025  2.83369  4.16306  2.98774  4.01715  2.63802  2.39376  2.75040  2.87020  3.28440  5.56633  3.92391    156 k - - -
          2.68618  4.42225  2.77519  2.73123  3.46354  2.40513  3.72494  3.29354  2.67741  2.69355  4.24690  2.90347  2.73739  3.18146  2.89801  2.37887  2.77519  2.98518  4.58477  3.61503
          0.02795  5.48236  3.75495  0.61958  0.77255  0.45712  1.00268
    154   3.19202  4.28924  4.73680  4.57303  2.27975  4.40170  3.84302  2.01951  4.15299  1.03322  3.34886  4.39027  4.64205  4.49291  4.37141  3.61667  2.92516  2.54950  5.23127  3.19823    157 l - - -
          2.68618  4.42225  2.77519  2.73123  3.46354  2.40513  3.72494  3.29354  2.67741  2.69355  4.24690  2.90347  2.73739  3.18146  2.89801  2.37887  2.77519  2.98518  4.58477  3.61503
          0.05546  5.57352  2.99273  0.61958  0.77255  0.69353  0.69277
    155   2.53915  4.02852  3.37471  2.50491  3.53694  3.85927  4.04441  2.68484  2.26521  2.18879  3.51953  2.96200  3.55619  2.90874  2.59591  2.81551  3.14893  2.92995  4.87192  3.41950    158 l - - -
          2.68618  4.42225  2.77519  2.73123  3.46354  2.40513  3.72494  3.29354  2.67741  2.69355  4.24690  2.90347  2.73739  3.18146  2.89801  2.37887  2.77519  2.98518  4.58477  3.61503
          0.00692  5.53940  5.81989  0.61958  0.77255  0.50217  0.92942
    156   2.64295  5.68296  2.12933  1.94567  4.68803  3.00585  3.54345  3.95977  2.30035  3.61204  4.72336  2.75036  2.48123  2.84785  3.18733  2.42377  2.97158  3.77354  6.11506  4.70353    159 e - - -
          2.68618  4.42225  2.77519  2.73123  3.46354  2.40513  3.72494  3.29354  2.67741  2.69355  4.24690  2.90347  2.73739  3.18146  2.89801  2.37887  2.77519  2.98518  4.58477  3.61503
          0.04941  5.60262  3.11185  0.61958  0.77255  0.67341  0.71328
    157   2.93960  4.89406  2.60208  2.72883  4.25046  3.09392  3.30518  4.48466  2.04134  2.99588  4.57062  2.08152  4.23791  2.79389  2.09950  2.53784  3.08052  3.89960  6.08871  3.43938    160 k - - -
          2.68618  4.42225  2.77519  2.73123  3.46354  2.40513  3.72494  3.29354  2.67741  2.69355  4.24690  2.90347  2.73739  3.18146  2.89801  2.37887  2.77519  2.98518  4.58477  3.61503
          0.01572  5.56149  4.44369  0.61958  0.77255  0.53420  0.88222
    158   3.01297  4.30171  5.01561  3.23465  3.03573  4.39179  3.89617  1.93621  3.81443  1.68188  3.02766  4.34565  4.39516  2.77364  3.47419  3.61355  2.71978  1.95685  4.54620  3.07184    161 l - - -
          2.68618  4.42225  2.77519  2.73123  3.46354  2.40513  3.72494  3.29354  2.67741  2.69355  4.24690  2.90347  2.73739  3.18146  2.89801  2.37887  2.77519  2.98518  4.58477  3.61503
          0.00552  5.59707  6.31941  0.61958  0.77255  0.71644  0.67038
    159   2.56406  5.04942  2.18479  1.88450  4.51579  3.49859  3.68313  3.61748  2.06641  3.22764  4.41437  2.83793  3.18795  2.74611  2.96641  2.63429  2.85949  3.86015  6.11070  4.35776    162 e - - -
          2.68618  4.42225  2.77519  2.73123  3.46354  2.40513  3.72494  3.29354  2.67741  2.69355  4.24690  2.90347  2.73739  3.18146  2.89801  2.37887  2.77519  2.98518  4.58477  3.61503
          0.02345  5.59707  3.93893  0.61958  0.77255  0.63689  0.75275
    160   2.72430  5.34202  2.49956  2.19908  4.09162  3.70079  3.77317  2.99944  2.23718  3.07758  4.24738  2.66832  4.23628  2.50554  2.96288  2.82575  2.14777  3.05452  6.09139  4.36565    163 t - - -
          2.68618  4.42225  2.77519  2.73123  3.46354  2.40513  3.72494  3.29354  2.67741  2.69355  4.24690  2.90347  2.73739  3.18146  2.89801  2.37887  2.77519  2.98518  4.58477  3.61503
          0.00557  5.58931  6.31166  0.61958  0.77255  0.58858  0.80994
    161   0.51860  5.04179  4.06704  3.65877  4.19561  3.62609  4.41043  3.59016  3.61207  3.28607  4.10905  3.94664  4.63781  3.92142  3.83702  3.30821  3.36565  3.28948  5.73887  4.50392    164 A - - -
          2.68618  4.42225  2.77519  2.73123  3.46354  2.40513  3.72494  3.29354  2.67741  2.69355  4.24690  2.90347  2.73739  3.18146  2.89801  2.37887  2.77519  2.98518  4.58477  3.61503
          0.00764  5.60993  5.53419  0.61958  0.77255  0.66235  0.72492
    162   2.88901  3.35871  4.32470  4.10705  3.46245  4.13191  4.26032  1.16047  3.11924  2.37911  3.01588  4.20639  4.75672  4.26953  3.08710  3.33908  3.15701  2.06437  5.28563  3.64560    165 i - - -
          2.68618  4.42225  2.77519  2.73123  3.46354  2.40513  3.72494  3.29354  2.67741  2.69355  4.24690  2.90347  2.73739  3.18146  2.89801  2.37887  2.77519  2.98518  4.58477  3.61503
          0.00873  5.60775  5.29458  0.61958  0.77255  0.65518  0.73261
    163   2.51275  5.39496  2.60818  1.99301  5.03083  3.46666  3.91296  3.96434  1.95978  3.18472  4.49337  2.89320  3.93756  2.54326  2.19144  2.59439  2.89605  3.61820  6.11707  4.59968    166 k - - -
          2.68618  4.42225  2.77519  2.73123  3.46354  2.40513  3.72494  3.29354  2.67741  2.69355  4.24690  2.90347  2.73739  3.18146  2.89801  2.37887  2.77519  2.98518  4.58477  3.61503
          0.00547  5.60650  6.32885  0.61958  0.77255  0.65024  0.73798
    164   3.11737  5.35908  3.31134  2.76304  4.63234  3.84887  3.09872  3.93582  2.70880  3.84075  4.68848  1.49368  4.35039  2.90076  1.46823  3.07281  3.34625  3.95550  4.78465  3.62253    167 r - - -
          2.68618  4.42225  2.77519  2.73123  3.46354  2.40513  3.72494  3.29354  2.67741  2.69355  4.24690  2.90347  2.73739  3.18146  2.89801  2.37887  2.77519  2.98518  4.58477  3.61503
          0.01749  5.60974  4.29190  0.61958  0.77255  0.66318  0.72404
    165   0.86926  3.84763  3.64135  2.71270  4.43142  3.53489  4.12513  3.60219  3.13583  3.43942  4.11809  3.58969  4.29966  3.31570  3.57586  2.36708  3.31652  3.20840  5.76724  4.46865    168 a - - -
          2.68618  4.42225  2.77519  2.73123  3.46354  2.40513  3.72494  3.29354  2.67741  2.69355  4.24690  2.90347  2.73739  3.18146  2.89801  2.37887  2.77519  2.98518  4.58477  3.61503
          0.02775  5.59777  3.74390  0.61958  0.77255  0.69325  0.69304
    166   2.67566  5.36183  2.92009  1.91751  4.89745  3.58966  3.71381  3.91489  1.49984  3.54680  4.47750  3.03007  4.00845  2.55633  2.35012  2.72393  3.27414  3.61895  6.10094  4.52236    169 k - - -
          2.68618  4.42225  2.77519  2.73123  3.46354  2.40513  3.72494  3.29354  2.67741  2.69355  4.24690  2.90347  2.73739  3.18146  2.89801  2.37887  2.77519  2.98518  4.58477  3.61503
          0.02043  5.57818  4.10773  0.61958  0.77255  0.71829  0.66862
    167   2.44650  5.65892  3.10850  2.59836  4.58387  3.57995  3.83719  4.02775  1.70138  3.24895  4.41053  2.79496  4.11870  2.49600  1.93017  2.56131  3.01299  3.57473  4.76635  4.40665    170 k - - -
          2.68618  4.42225  2.77519  2.73123  3.46354  2.40513  3.72494  3.29354  2.67741  2.69355  4.24690  2.90347  2.73739  3.18146  2.89801  2.37887  2.77519  2.98518  4.58477  3.61503
          0.03658  5.57262  3.43818  0.61958  0.77255  0.68102  0.70543
    168   2.69968  4.19931  5.00908  4.40516  3.10532  4.26129  4.27725  2.06182  3.64317  1.11817  3.28552  3.56188  4.42418  3.97751  3.30453  3.09535  3.13470  2.49415  5.24397  3.32550    171 l - - -
          2.68618  4.42225  2.77519  2.73123  3.46354  2.40513  3.72494  3.29354  2.67741  2.69355  4.24690  2.90347  2.73739  3.18146  2.89801  2.37887  2.77519  2.98518  4.58477  3.61503
          0.04523  5.55922  3.20973  0.61958  0.77255  0.69520  0.69110
    169   2.63323  4.09254  2.54172  2.27715  3.40772  3.26938  3.61948  3.55193  2.53212  2.78382  3.30159  2.60069  4.07940  3.05912  2.36636  2.72083  3.15492  3.36025  4.92962  3.14396    172 e - - -
          2.68618  4.42225  2.77519  2.73123  3.46354  2.40513  3.72494  3.29354  2.67741  2.69355  4.24690  2.90347  2.73739  3.18146  2.89801  2.37887  2.77519  2.98518  4.58477  3.61503
          0.04613  5.54251  3.19027  0.61958  0.77255  0.91199  0.51370
    170   2.35385  5.38462  2.69862  2.00074  4.35698  3.50904  3.73962  4.08143  1.99052  3.35040  4.33511  2.53449  3.48902  2.48855  2.66067  2.65349  2.97632  3.42665  6.05908  4.53646    173 k - - -
          2.68618  4.42225  2.77519  2.73123  3.46354  2.40513  3.72494  3.29354  2.67741  2.69355  4.24690  2.90347  2.73739  3.18146  2.89801  2.37887  2.77519  2.98518  4.58477  3.61503
          0.11038  5.50246  2.29834  0.61958  0.77255  0.71620  0.67061
    171   2.60737  5.32941  2.41828  2.10646  4.06161  3.29193  3.61266  3.83864  2.33188  3.44074  4.09185  2.56303  3.49996  2.52598  2.49993  2.43094  2.96839  3.52818  5.65596  3.89320    174 e - - -
          2.68618  4.42225  2.77519  2.73123  3.46354  2.40513  3.72494  3.29354  2.67741  2.69355  4.24690  2.90347  2.73739  3.18146  2.89801  2.37887  2.77519  2.98518  4.58477  3.61503
          0.00640  5.45124  6.17358  0.61958  0.77255  1.10986  0.39989
    172   2.48339  4.25035  3.29730  2.82282  2.94416  3.60628  2.59611  3.02767  2.47952  2.79685  3.93580  2.63979  3.34168  2.84959  3.04056  2.79068  2.93347  3.05657  5.44673  2.80720    175 k - - -
          2.68618  4.42225  2.77519  2.73123  3.46354  2.40513  3.72494  3.29354  2.67741  2.69355  4.24690  2.90347  2.73739  3.18146  2.89801  2.37887  2.77519  2.98518  4.58477  3.61503
          0.09176  5.45777  2.48395  0.61958  0.77255  1.00187  0.45759
    173   2.63549  4.27254  2.59040  1.99235  4.70855  3.25530  3.38113  3.40251  2.23473  3.12018  4.10645  2.69534  3.58578  2.65726  2.86753  2.46602  2.78138  3.38963  5.99706  4.18737    176 e - - -
          2.68618  4.42225  2.77519  2.73123  3.46354  2.40513  3.72494  3.29354  2.67741  2.69355  4.24690  2.90347  2.73739  3.18146  2.89801  2.37887  2.77519  2.98518  4.58477  3.61503
          0.00677  5.39511  6.11746  0.61958  0.77255  1.25785  0.33445
    174   2.43263  5.00591  2.20402  2.08847  4.74080  3.03532  3.23635  3.95957  2.26664  3.32487  4.35644  2.72182  3.30560  2.67985  2.69803  2.66598  2.96942  3.53864  6.00352  4.35054    177 e - - -
          2.68618  4.42225  2.77519  2.73123  3.46354  2.40513  3.72494  3.29354  2.67741  2.69355  4.24690  2.90347  2.73739  3.18146  2.89801  2.37887  2.77519  2.98518  4.58477  3.61503
          0.19898  5.39728  1.73781  0.61958  0.77255  1.26838  0.33029
    175   2.65330  4.68446  2.55002  2.23910  4.46637  3.14999  3.42979  3.91082  2.32366  3.14076  4.39871  2.30870  3.46753  2.73226  2.71947  2.37632  2.60816  3.58811  5.90640  4.07498    178 e - - -
          2.68618  4.42225  2.77519  2.73123  3.46354  2.40513  3.72494  3.29354  2.67741  2.69355  4.24690  2.90347  2.73739  3.18146  2.89801  2.37887  2.77519  2.98518  4.58477  3.61503
          0.16107  5.20648  1.94293  0.61958  0.77255  0.55888  0.84828
    176   2.88905  5.05566  2.48820  2.11659  4.57696  3.09287  3.42784  4.21423  2.01099  3.34899  4.39125  2.69712  2.51757  2.75410  2.87461  2.65577  2.76306  3.72207  5.98302  3.81532    179 k - - -
          2.68618  4.42225  2.77519  2.73123  3.46354  2.40513  3.72494  3.29354  2.67741  2.69355  4.24690  2.90347  2.73739  3.18146  2.89801  2.37887  2.77519  2.98518  4.58477  3.61503
          0.02251  5.35742  4.04272  0.61958  0.77255  0.59551  0.80136
    177   2.81560  4.91875  2.26050  2.19585  4.27052  3.06084  3.33858  3.89079  2.35471  3.33762  3.61477  2.72264  3.21389  2.60139  2.51616  2.51086  2.89143  3.75265  5.24132  4.08207    180 e - - -
          2.68618  4.42225  2.77519  2.73123  3.46354  2.40513  3.72494  3.29354  2.67741  2.69355  4.24690  2.90347  2.73739  3.18146  2.89801  2.37887  2.77519  2.98518  4.58477  3.61503
          0.01513  5.50034  4.51606  0.61958  0.77255  0.58856  0.80996
    178   2.72814  5.12137  2.58390  2.42237  5.00227  3.06101  3.79160  4.00862  2.29860  3.59842  4.42088  1.40562  4.19546  2.80720  3.03103  2.79162  2.95584  3.72293  6.09078  3.82918    181 n - - -
          2.68618  4.42225  2.77519  2.73123  3.46354  2.40513  3.72494  3.29354  2.67741  2.69355  4.24690  2.90347  2.73739  3.18146  2.89801  2.37887  2.77519  2.98518  4.58477  3.61503
          0.00958  5.56376  5.16814  0.61958  0.77255  0.71792  0.66897
    179   2.91986  4.65798  3.98195  3.41667  3.97736  3.38958  4.39558  3.06498  3.13367  2.72256  3.99488  3.54325  1.05358  3.47443  3.67514  2.44340  3.02303  2.93563  5.55300  3.93429    182 p - - -
          2.68618  4.42225  2.77519  2.73123  3.46354  2.40513  3.72494  3.29354  2.67741  2.69355  4.24690  2.90347  2.73739  3.18146  2.89801  2.37887  2.77519  2.98518  4.58477  3.61503
          0.01381  5.57619  4.61210  0.61958  0.77255  0.79714  0.59896
    180   2.74481  3.10237  3.57013  3.40488  3.17677  2.43374  4.19786  3.05341  3.28430  3.03837  3.70529  3.80375  4.57640  3.64715  3.53070  1.57974  2.90816  2.65878  4.03334  2.39114    183 s - - -
          2.68618  4.42225  2.77519  2.73123  3.46354  2.40513  3.72494  3.29354  2.67741  2.69355  4.24690  2.90347  2.73739  3.18146  2.89801  2.37887  2.77519  2.98518  4.58477  3.61503
          0.01066  5.56806  4.99288  0.61958  0.77255  0.58991  0.80828
    181   2.84042  3.84074  4.61071  4.03138  3.51159  4.31168  4.63795  3.19227  3.92752  2.67565  3.88358  4.27238  4.69744  4.05801  4.14176  1.79973  0.94448  2.89463  5.37818  3.96998    184 t - - -
          2.68618  4.42225  2.77519  2.73123  3.46354  2.40513  3.72494  3.29354  2.67741  2.69355  4.24690  2.90347  2.73739  3.18146  2.89801  2.37887  2.77519  2.98518  4.58477  3.61503
          0.00719  5.59573  5.66823  0.61958  0.77255  0.72184  0.66525
    182   2.72827  5.26541  2.58516  2.11752  4.51531  3.15502  3.44165  4.33530  2.44054  3.57030  4.05015  2.15196  4.23426  2.78697  2.84828  2.43210  2.06261  3.99679  6.08138  4.10516    185 t - - -
          2.68618  4.42225  2.77519  2.73123  3.46354  2.40513  3.72494  3.29354  2.67741  2.69355  4.24690  2.90347  2.73739  3.18146  2.89801  2.37887  2.77519  2.98518  4.58477  3.61503
          0.00554  5.59408  6.31643  0.61958  0.77255  0.70706  0.67943
    183   3.15000  4.37417  5.28546  4.67370  3.36464  4.34340  4.83288  1.82773  4.46062  2.07437  2.26036  4.65677  4.85107  4.59228  4.33647  3.72139  3.44919  1.03955  5.32048  4.05533    186 v - - -
          2.68618  4.42225  2.77519  2.73123  3.46354  2.40513  3.72494  3.29354  2.67741  2.69355  4.24690  2.90347  2.73739  3.18146  2.89801  2.37887  2.77519  2.98518  4.58477  3.61503
          0.00769  5.59669  5.53468  0.61958  0.77255  0.71798  0.66892
    184   2.87112  4.62907  2.58035  2.94363  2.82867  2.77282  2.10957  3.85649  3.05648  3.46642  4.39783  3.29200  2.98570  3.08157  3.51226  3.15317  3.33681  3.50540  3.32716  1.94500    187 y - - -
          2.68618  4.42225  2.77519  2.73123  3.46354  2.40513  3.72494  3.29354  2.67741  2.69355  4.24690  2.90347  2.73739  3.18146  2.89801  2.37887  2.77519  2.98518  4.58477  3.61503
          0.01043  5.59454  5.01174  0.61958  0.77255  0.71177  0.67487
    185   2.87460  5.33572  3.03745  1.82371  4.50580  3.94373  3.47870  3.58810  1.74785  2.42260  4.35467  3.21627  4.33690  2.68084  2.34478  2.94926  3.27728  3.40975  4.92362  4.08815    188 k - - -
          2.68618  4.42225  2.77519  2.73123  3.46354  2.40513  3.72494  3.29354  2.67741  2.69355  4.24690  2.90347  2.73739  3.18146  2.89801  2.37887  2.77519  2.98518  4.58477  3.61503
          0.01470  5.59149  4.52267  0.61958  0.77255  0.70375  0.68266
    186   2.74347  4.49157  5.21877  4.60360  2.57027  4.22242  4.61272  2.36724  4.38876  0.80251  3.22313  4.58777  4.78759  4.51875  4.16496  3.73688  3.44149  2.43220  5.25023  3.91940    189 l - - -
          2.68618  4.42225  2.77519  2.73123  3.46354  2.40513  3.72494  3.29354  2.67741  2.69355  4.24690  2.90347  2.73739  3.18146  2.89801  2.37887  2.77519  2.98518  4.58477  3.61503
          0.01313  5.58674  4.67809  0.61958  0.77255  0.70186  0.68451
    187   2.75890  4.61683  5.20869  4.59320  2.57191  3.61484  4.74593  1.57399  4.29961  2.03773  3.30974  4.57542  4.77580  4.20772  4.38479  3.56348  3.26508  1.30349  4.98472  3.88779    190 v - - -
          2.68618  4.42225  2.77519  2.73123  3.46354  2.40513  3.72494  3.29354  2.67741  2.69355  4.24690  2.90347  2.73739  3.18146  2.89801  2.37887  2.77519  2.98518  4.58477  3.61503
          0.00559  5.58619  6.30854  0.61958  0.77255  0.71715  0.66970
    188   2.73359  5.67670  2.52347  1.41554  4.63301  3.65340  3.78645  4.30063  2.00552  3.66095  4.38995  2.85124  4.01588  2.56335  2.73333  2.86267  3.04583  3.68318  6.10879  4.25722    191 e - - -
          2.68618  4.42225  2.77519  2.73123  3.46354  2.40513  3.72494  3.29354  2.67741  2.69355  4.24690  2.90347  2.73739  3.18146  2.89801  2.37887  2.77519  2.98518  4.58477  3.61503
          0.04561  5.59143  3.19768  0.61958  0.77255  0.72970  0.65788
    189   2.54938  5.03556  3.03094  1.86525  3.64298  3.39104  3.53319  3.50453  2.13513  2.92411  4.34203  3.05623  4.15690  2.67380  2.57218  2.62908  3.13130  3.45320  4.78570  3.11703    192 e - - -
          2.68618  4.42225  2.77519  2.73123  3.46354  2.40513  3.72494  3.29354  2.67741  2.69355  4.24690  2.90347  2.73739  3.18146  2.89801  2.37887  2.77519  2.98518  4.58477  3.61503
          0.01846  5.55278  4.23971  0.61958  0.77255  0.68518  0.70118
    190   3.26960  4.47673  4.91803  4.62349  2.86424  4.44375  4.77799  1.56003  4.40886  0.98384  2.93917  4.60762  4.80263  4.53560  4.24020  3.66747  3.37574  2.55673  5.26290  3.84329    193 l - - -
          2.68618  4.42225  2.77519  2.73123  3.46354  2.40513  3.72494  3.29354  2.67741  2.69355  4.24690  2.90347  2.73739  3.18146  2.89801  2.37887  2.77519  2.98518  4.58477  3.61503
          0.09055  5.56023  2.49223  0.61958  0.77255  0.81024  0.58834
    191   2.74410  5.56329  2.73034  2.25439  3.82763  3.35820  3.96293  3.05190  2.23802  2.30781  3.75277  2.50192  4.18667  2.88308  2.47314  2.76795  2.87363  3.46364  6.00875  3.97269    194 k - - -
          2.68618  4.42225  2.77519  2.73123  3.46354  2.40513  3.72494  3.29354  2.67741  2.69355  4.24690  2.90347  2.73739  3.18146  2.89801  2.37887  2.77519  2.98518  4.58477  3.61503
          0.02588  5.47867  3.84553  0.61958  0.77255  0.99727  0.46027
    192   2.67813  5.60969  2.64344  2.00158  4.51939  3.04838  3.53089  4.25608  1.92697  3.40439  4.42462  2.43612  3.47346  2.64783  2.83848  2.33068  3.08649  3.70721  6.04175  4.49324    195 k - - -
          2.68618  4.42225  2.77519  2.73123  3.46354  2.40513  3.72494  3.29354  2.67741  2.69355  4.24690  2.90347  2.73739  3.18146  2.89801  2.37887  2.77519  2.98518  4.58477  3.61503
          0.06217  5.46845  2.88132  0.61958  0.77255  1.07360  0.41821
    193   2.67028  4.72549  2.79275  2.72191  2.91538  3.75651  3.97162  2.85102  2.44104  1.96861  3.56480  2.94947  3.88376  2.99924  3.26748  2.84591  3.10087  2.86279  4.59704  2.90867    196 l - - -
          2.68618  4.42225  2.77519  2.73123  3.46354  2.40513  3.72494  3.29354  2.67741  2.69355  4.24690  2.90347  2.73739  3.18146  2.89801  2.37887  2.77519  2.98518  4.58477  3.61503
          0.12507  5.41597  2.17928  0.61958  0.77255  1.21255  0.35302
    194   2.56541  3.43525  3.01969  2.48309  4.07147  3.25565  3.76200  2.96580  2.04599  2.65114  3.91708  3.10172  3.53058  2.78005  2.75476  2.44600  2.99292  3.07203  4.78779  4.06572    197 k - - -
          2.68618  4.42225  2.77519  2.73123  3.46354  2.40513  3.72494  3.29354  2.67741  2.69355  4.24690  2.90347  2.73739  3.18146  2.89801  2.37887  2.77519  2.98518  4.58477  3.61503
          0.09777  5.29836  2.42880  0.61958  0.77255  1.39913  0.28344
    195   2.74159  4.90434  2.83776  2.29060  4.43409  2.63593  3.65704  3.72654  2.02164  3.39301  4.43427  2.61463  3.14575  2.65454  2.44059  2.53856  2.83539  3.56519  5.91017  4.22034    198 k - - -
          2.68618  4.42225  2.77519  2.73123  3.46354  2.40513  3.72494  3.29354  2.67741  2.69355  4.24690  2.90347  2.73739  3.18146  2.89801  2.37887  2.77519  2.98518  4.58477  3.61503
          0.17513  5.21229  1.86305  0.61958  0.77255  1.42629  0.27470
    196   2.53663  5.06125  2.84251  2.23095  3.77378  3.35443  3.60428  3.36952  2.20308  2.75963  4.40577  2.76670  2.86900  2.60674  2.66407  2.74266  2.95798  3.24827  5.32250  3.90098    199 k - - -
          2.68618  4.42225  2.77519  2.73123  3.46354  2.40513  3.72494  3.29354  2.67741  2.69355  4.24690  2.90347  2.73739  3.18146  2.89801  2.37887  2.77519  2.98518  4.58477  3.61503
          0.00632  5.06739        *  0.61958  0.77255  0.00000        *
//
