HMMER3/f [3.2.1 | June 2018]
NAME  ABI_abiN
LENG  197
ALPH  amino
RF    no
MM    no
CONS  yes
CS    no
MAP   yes
DATE  Fri Jun 18 18:43:34 2021
NSEQ  5
EFFN  0.600586
CKSUM 2174780393
STATS LOCAL MSV      -10.4386  0.70547
STATS LOCAL VITERBI  -11.3626  0.70547
STATS LOCAL FORWARD   -5.0559  0.70547
HMM          A        C        D        E        F        G        H        I        K        L        M        N        P        Q        R        S        T        V        W        Y   
            m->m     m->i     m->d     i->m     i->i     d->m     d->d
  COMPO   2.68588  4.55350  2.73895  2.62046  3.30608  2.98045  3.95475  2.70425  2.54974  2.34805  3.49066  3.03694  3.72281  3.13211  3.03139  2.68554  2.89666  2.55120  4.83885  3.41332
          2.68618  4.42225  2.77519  2.73123  3.46354  2.40513  3.72494  3.29354  2.67741  2.69355  4.24690  2.90347  2.73739  3.18146  2.89801  2.37887  2.77519  2.98518  4.58477  3.61503
          0.10685  3.94443  2.50127  0.61958  0.77255  0.00000        *
      1   2.96651  4.51580  4.04576  3.63895  3.20620  3.83154  4.37487  2.38145  3.40722  1.80136  1.38443  3.91686  4.29211  3.78930  3.61294  3.31527  3.27173  2.38718  5.04657  3.80806      1 m - - -
          2.68618  4.42225  2.77519  2.73123  3.46354  2.40513  3.72494  3.29354  2.67741  2.69355  4.24690  2.90347  2.73739  3.18146  2.89801  2.37887  2.77519  2.98518  4.58477  3.61503
          0.03151  3.86909  4.59143  0.61958  0.77255  0.55456  0.85408
      2   2.96898  4.93269  3.14475  2.76681  4.31834  3.45884  3.75725  3.74739  1.04291  3.31320  4.27480  3.19144  3.95939  2.94890  2.43089  3.01117  3.22248  3.45536  5.37436  4.18663      2 k - - -
          2.68618  4.42225  2.77519  2.73123  3.46354  2.40513  3.72494  3.29354  2.67741  2.69355  4.24690  2.90347  2.73739  3.18146  2.89801  2.37887  2.77519  2.98518  4.58477  3.61503
          0.03151  3.86909  4.59143  0.61958  0.77255  0.55456  0.85408
      3   2.98592  5.11376  0.92292  2.33273  4.49030  3.20806  3.92799  4.07769  3.01145  3.68661  4.66461  2.88894  3.86061  3.16711  3.52724  2.94863  3.32440  3.71722  5.65957  4.36372      3 d - - -
          2.68618  4.42225  2.77519  2.73123  3.46354  2.40513  3.72494  3.29354  2.67741  2.69355  4.24690  2.90347  2.73739  3.18146  2.89801  2.37887  2.77519  2.98518  4.58477  3.61503
          0.03151  3.86909  4.59143  0.61958  0.77255  0.55456  0.85408
      4   2.90266  4.35608  4.28927  3.80083  2.47454  3.99700  4.35113  2.05819  3.69452  1.91592  3.20192  4.02134  4.38443  3.93173  3.90465  3.36250  3.17799  1.36276  4.87410  3.49794      4 v - - -
          2.68618  4.42225  2.77519  2.73123  3.46354  2.40513  3.72494  3.29354  2.67741  2.69355  4.24690  2.90347  2.73739  3.18146  2.89801  2.37887  2.77519  2.98518  4.58477  3.61503
          0.03151  3.86909  4.59143  0.61958  0.77255  0.55456  0.85408
      5   3.18429  4.57654  4.42582  3.96239  1.60261  4.20458  4.06439  2.38493  3.81793  1.43934  3.08794  4.10946  4.50825  3.97608  3.96881  3.57343  3.42630  2.43587  4.34848  2.79692      5 l - - -
          2.68618  4.42225  2.77519  2.73123  3.46354  2.40513  3.72494  3.29354  2.67741  2.69355  4.24690  2.90347  2.73739  3.18146  2.89801  2.37887  2.77519  2.98518  4.58477  3.61503
          0.03151  3.86909  4.59143  0.61958  0.77255  0.55456  0.85408
      6   2.83501  5.26262  1.39195  2.10130  4.58040  3.15655  3.73443  4.13665  2.75024  3.68260  4.54768  2.18361  3.78534  2.91557  3.31659  2.75561  3.14357  3.72079  5.80955  4.33008      6 d - - -
          2.68618  4.42225  2.77519  2.73123  3.46354  2.40513  3.72494  3.29354  2.67741  2.69355  4.24690  2.90347  2.73739  3.18146  2.89801  2.37887  2.77519  2.98518  4.58477  3.61503
          0.03151  3.86909  4.59143  0.61958  0.77255  0.55456  0.85408
      7   3.24215  4.73251  3.83322  3.56194  2.29351  3.82617  3.61688  3.25183  3.41955  2.70664  3.92721  3.71925  4.30008  3.72641  3.60397  3.37919  3.52881  3.12222  3.93715  0.97143      7 y - - -
          2.68618  4.42225  2.77519  2.73123  3.46354  2.40513  3.72494  3.29354  2.67741  2.69355  4.24690  2.90347  2.73739  3.18146  2.89801  2.37887  2.77519  2.98518  4.58477  3.61503
          0.03151  3.86909  4.59143  0.61958  0.77255  0.55456  0.85408
      8   3.00648  4.38006  4.55257  4.06452  3.42853  4.24892  4.80369  1.25155  3.93075  1.93976  3.26158  4.30904  4.59785  4.21729  4.14543  3.63541  3.28115  1.47223  5.37712  4.16429      8 i - - -
          2.68618  4.42225  2.77519  2.73123  3.46354  2.40513  3.72494  3.29354  2.67741  2.69355  4.24690  2.90347  2.73739  3.18146  2.89801  2.37887  2.77519  2.98518  4.58477  3.61503
          0.03151  3.86909  4.59143  0.61958  0.77255  0.55456  0.85408
      9   3.02846  4.44810  4.33092  3.94657  3.37187  4.06292  4.67530  1.08210  3.77464  1.95857  3.30772  4.19238  4.49443  4.12326  3.97160  3.55787  3.32767  1.84575  5.26203  4.00005      9 i - - -
          2.68618  4.42225  2.77519  2.73123  3.46354  2.40513  3.72494  3.29354  2.67741  2.69355  4.24690  2.90347  2.73739  3.18146  2.89801  2.37887  2.77519  2.98518  4.58477  3.61503
          0.03151  3.86909  4.59143  0.61958  0.77255  0.55456  0.85408
     10   2.54825  4.43049  3.16848  2.78974  3.29050  3.31412  3.75033  3.18178  2.76466  2.84036  3.77590  3.16925  3.85203  3.12857  3.10873  1.72092  2.87184  2.89858  4.79634  2.61923     10 s - - -
          2.68618  4.42225  2.77519  2.73123  3.46354  2.40513  3.72494  3.29354  2.67741  2.69355  4.24690  2.90347  2.73739  3.18146  2.89801  2.37887  2.77519  2.98518  4.58477  3.61503
          0.03151  3.86909  4.59143  0.61958  0.77255  0.55456  0.85408
     11   2.50033  4.35411  3.26768  2.94999  3.75583  1.61998  3.98979  3.11334  2.91374  2.21109  3.85829  3.27642  3.82998  3.29957  3.22120  2.67602  2.88399  2.83455  5.19539  3.90501     11 g - - -
          2.68618  4.42225  2.77519  2.73123  3.46354  2.40513  3.72494  3.29354  2.67741  2.69355  4.24690  2.90347  2.73739  3.18146  2.89801  2.37887  2.77519  2.98518  4.58477  3.61503
          0.03151  3.86909  4.59143  0.61958  0.77255  0.55456  0.85408
     12   3.00020  4.36651  4.56572  4.07104  3.45307  4.26041  4.81318  1.35306  3.94671  1.97136  3.28052  4.31576  4.60381  4.22910  4.16416  3.64197  3.27230  1.33137  5.39263  4.18166     12 v - - -
          2.68618  4.42225  2.77519  2.73123  3.46354  2.40513  3.72494  3.29354  2.67741  2.69355  4.24690  2.90347  2.73739  3.18146  2.89801  2.37887  2.77519  2.98518  4.58477  3.61503
          0.03151  3.86909  4.59143  0.61958  0.77255  0.55456  0.85408
     13   2.22096  4.18502  3.12144  2.91111  4.25239  2.22043  4.08853  3.71916  3.05299  3.39516  4.23180  3.15342  3.63975  3.35206  3.38315  1.36726  2.70004  3.17514  5.57646  4.32931     13 s - - -
          2.68618  4.42225  2.77519  2.73123  3.46354  2.40513  3.72494  3.29354  2.67741  2.69355  4.24690  2.90347  2.73739  3.18146  2.89801  2.37887  2.77519  2.98518  4.58477  3.61503
          0.03151  3.86909  4.59143  0.61958  0.77255  0.55456  0.85408
     14   3.02846  4.44810  4.33092  3.94657  3.37187  4.06292  4.67530  1.08210  3.77464  1.95857  3.30772  4.19238  4.49443  4.12326  3.97160  3.55787  3.32767  1.84575  5.26203  4.00005     14 i - - -
          2.68618  4.42225  2.77519  2.73123  3.46354  2.40513  3.72494  3.29354  2.67741  2.69355  4.24690  2.90347  2.73739  3.18146  2.89801  2.37887  2.77519  2.98518  4.58477  3.61503
          0.03151  3.86909  4.59143  0.61958  0.77255  0.55456  0.85408
     15   2.21448  2.35497  3.71999  3.38404  3.99368  1.48511  4.24813  3.32309  3.31282  3.11401  4.01086  3.42567  3.68203  3.61314  3.54766  2.43082  2.69604  2.89790  5.37044  4.20854     15 g - - -
          2.68618  4.42225  2.77519  2.73123  3.46354  2.40513  3.72494  3.29354  2.67741  2.69355  4.24690  2.90347  2.73739  3.18146  2.89801  2.37887  2.77519  2.98518  4.58477  3.61503
          0.03151  3.86909  4.59143  0.61958  0.77255  0.55456  0.85408
     16   3.14332  4.52189  4.54567  4.02749  3.12711  4.33747  4.67753  1.68644  3.84339  1.14960  2.98339  4.31161  4.60407  4.09545  4.03012  3.70499  3.38749  1.99503  5.13755  3.95065     16 l - - -
          2.68618  4.42225  2.77519  2.73123  3.46354  2.40513  3.72494  3.29354  2.67741  2.69355  4.24690  2.90347  2.73739  3.18146  2.89801  2.37887  2.77519  2.98518  4.58477  3.61503
          0.03151  3.86909  4.59143  0.61958  0.77255  0.55456  0.85408
     17   3.18274  4.57479  4.47617  3.98286  2.14113  4.26297  4.28596  2.27452  3.84197  1.11342  2.96532  4.19390  4.53763  4.00717  4.00182  3.62561  3.41958  2.35611  4.60855  3.16521     17 l - - -
          2.68618  4.42225  2.77519  2.73123  3.46354  2.40513  3.72494  3.29354  2.67741  2.69355  4.24690  2.90347  2.73739  3.18146  2.89801  2.37887  2.77519  2.98518  4.58477  3.61503
          0.03151  3.86909  4.59143  0.61958  0.77255  0.55456  0.85408
     18   2.27958  4.29445  4.03427  3.59798  3.50621  3.76498  4.43355  1.39224  3.48060  2.17736  3.39313  3.85183  4.25346  3.81526  3.73222  3.16040  3.06364  1.86924  5.26399  4.03533     18 i - - -
          2.68618  4.42225  2.77519  2.73123  3.46354  2.40513  3.72494  3.29354  2.67741  2.69355  4.24690  2.90347  2.73739  3.18146  2.89801  2.37887  2.77519  2.98518  4.58477  3.61503
          0.03151  3.86909  4.59143  0.61958  0.77255  0.55456  0.85408
     19   3.18436  4.57946  4.47307  3.97935  2.25165  4.26720  4.31973  2.26052  3.83737  1.07446  2.95635  4.20184  4.54157  4.00922  4.00114  3.63206  3.42211  2.34415  4.65191  3.22660     19 l - - -
          2.68618  4.42225  2.77519  2.73123  3.46354  2.40513  3.72494  3.29354  2.67741  2.69355  4.24690  2.90347  2.73739  3.18146  2.89801  2.37887  2.77519  2.98518  4.58477  3.61503
          0.03151  3.86909  4.59143  0.61958  0.77255  0.55456  0.85408
     20   1.01865  4.19031  3.45912  3.25023  4.04898  3.01495  4.27268  3.17398  3.26640  3.05575  4.08792  3.40071  3.75385  3.60787  3.51718  2.54062  2.81774  2.82896  5.47647  4.27634     20 a - - -
          2.68618  4.42225  2.77519  2.73123  3.46354  2.40513  3.72494  3.29354  2.67741  2.69355  4.24690  2.90347  2.73739  3.18146  2.89801  2.37887  2.77519  2.98518  4.58477  3.61503
          0.03151  3.86909  4.59143  0.61958  0.77255  0.55456  0.85408
     21   2.80540  4.34891  4.12066  3.78365  3.54757  3.72041  4.58595  2.05035  3.65138  2.23517  3.51320  3.97404  4.28108  4.01142  3.86422  3.22370  3.16702  1.02917  5.33145  4.06287     21 v - - -
          2.68618  4.42225  2.77519  2.73123  3.46354  2.40513  3.72494  3.29354  2.67741  2.69355  4.24690  2.90347  2.73739  3.18146  2.89801  2.37887  2.77519  2.98518  4.58477  3.61503
          0.03151  3.86909  4.59143  0.61958  0.77255  0.55456  0.85408
     22   3.24215  4.73251  3.83322  3.56194  2.29351  3.82617  3.61688  3.25183  3.41955  2.70664  3.92721  3.71925  4.30008  3.72641  3.60397  3.37919  3.52881  3.12222  3.93715  0.97143     22 y - - -
          2.68618  4.42225  2.77519  2.73123  3.46354  2.40513  3.72494  3.29354  2.67741  2.69355  4.24690  2.90347  2.73739  3.18146  2.89801  2.37887  2.77519  2.98518  4.58477  3.61503
          0.03151  3.86909  4.59143  0.61958  0.77255  0.55456  0.85408
     23   2.65133  4.31668  3.74981  3.27345  3.38925  3.57551  4.12779  2.43516  3.10372  2.10510  1.92744  3.57464  4.06247  3.47498  3.37177  2.94191  2.43422  2.31776  5.06579  3.85041     23 m - - -
          2.68618  4.42225  2.77519  2.73123  3.46354  2.40513  3.72494  3.29354  2.67741  2.69355  4.24690  2.90347  2.73739  3.18146  2.89801  2.37887  2.77519  2.98518  4.58477  3.61503
          0.03151  3.86909  4.59143  0.61958  0.77255  0.55456  0.85408
     24   3.00020  4.36651  4.56572  4.07104  3.45307  4.26041  4.81318  1.35306  3.94671  1.97136  3.28052  4.31576  4.60381  4.22910  4.16416  3.64197  3.27230  1.33137  5.39263  4.18166     24 v - - -
          2.68618  4.42225  2.77519  2.73123  3.46354  2.40513  3.72494  3.29354  2.67741  2.69355  4.24690  2.90347  2.73739  3.18146  2.89801  2.37887  2.77519  2.98518  4.58477  3.61503
          0.03151  3.86909  4.59143  0.61958  0.77255  0.55456  0.85408
     25   2.94990  5.04440  3.30056  2.70909  4.45681  3.56691  3.58152  3.82526  1.32908  3.30560  4.18409  3.12355  3.96089  2.72601  1.84455  2.95776  3.13595  3.51299  5.37752  4.18739     25 k - - -
          2.68618  4.42225  2.77519  2.73123  3.46354  2.40513  3.72494  3.29354  2.67741  2.69355  4.24690  2.90347  2.73739  3.18146  2.89801  2.37887  2.77519  2.98518  4.58477  3.61503
          0.03151  3.86909  4.59143  0.61958  0.77255  0.55456  0.85408
     26   2.96898  4.93269  3.14475  2.76681  4.31834  3.45884  3.75725  3.74739  1.04291  3.31320  4.27480  3.19144  3.95939  2.94890  2.43089  3.01117  3.22248  3.45536  5.37436  4.18663     26 k - - -
          2.68618  4.42225  2.77519  2.73123  3.46354  2.40513  3.72494  3.29354  2.67741  2.69355  4.24690  2.90347  2.73739  3.18146  2.89801  2.37887  2.77519  2.98518  4.58477  3.61503
          0.03151  3.86909  4.59143  0.61958  0.77255  0.55456  0.85408
     27   3.02846  4.44810  4.33092  3.94657  3.37187  4.06292  4.67530  1.08210  3.77464  1.95857  3.30772  4.19238  4.49443  4.12326  3.97160  3.55787  3.32767  1.84575  5.26203  4.00005     27 i - - -
          2.68618  4.42225  2.77519  2.73123  3.46354  2.40513  3.72494  3.29354  2.67741  2.69355  4.24690  2.90347  2.73739  3.18146  2.89801  2.37887  2.77519  2.98518  4.58477  3.61503
          0.03151  3.86909  4.59143  0.61958  0.77255  0.55456  0.85408
     28   2.74689  4.50485  3.35369  3.19220  4.18775  3.19255  4.26997  3.73225  3.24921  3.35947  4.40915  3.49927  0.83395  3.63809  3.49516  2.91427  3.18818  3.37801  5.37527  4.30835     28 p - - -
          2.68618  4.42225  2.77519  2.73123  3.46354  2.40513  3.72494  3.29354  2.67741  2.69355  4.24690  2.90347  2.73739  3.18146  2.89801  2.37887  2.77519  2.98518  4.58477  3.61503
          0.03151  3.86909  4.59143  0.61958  0.77255  0.55456  0.85408
     29   2.89217  5.40542  1.41357  1.70599  4.69179  3.16933  3.72165  4.19341  2.73944  3.72420  4.59112  2.64598  3.79298  2.89457  3.32252  2.78476  3.18367  3.78586  5.88185  4.39740     29 d - - -
          2.68618  4.42225  2.77519  2.73123  3.46354  2.40513  3.72494  3.29354  2.67741  2.69355  4.24690  2.90347  2.73739  3.18146  2.89801  2.37887  2.77519  2.98518  4.58477  3.61503
          0.03151  3.86909  4.59143  0.61958  0.77255  0.55456  0.85408
     30   2.96651  4.51580  4.04576  3.63895  3.20620  3.83154  4.37487  2.38145  3.40722  1.80136  1.38443  3.91686  4.29211  3.78930  3.61294  3.31527  3.27173  2.38718  5.04657  3.80806     30 m - - -
          2.68618  4.42225  2.77519  2.73123  3.46354  2.40513  3.72494  3.29354  2.67741  2.69355  4.24690  2.90347  2.73739  3.18146  2.89801  2.37887  2.77519  2.98518  4.58477  3.61503
          0.03151  3.86909  4.59143  0.61958  0.77255  0.55456  0.85408
     31   2.80540  4.34891  4.12066  3.78365  3.54757  3.72041  4.58595  2.05035  3.65138  2.23517  3.51320  3.97404  4.28108  4.01142  3.86422  3.22370  3.16702  1.02917  5.33145  4.06287     31 v - - -
          2.68618  4.42225  2.77519  2.73123  3.46354  2.40513  3.72494  3.29354  2.67741  2.69355  4.24690  2.90347  2.73739  3.18146  2.89801  2.37887  2.77519  2.98518  4.58477  3.61503
          0.03151  3.86909  4.59143  0.61958  0.77255  0.55456  0.85408
     32   2.55192  4.57961  3.10716  2.67052  4.10261  3.25738  3.73207  3.54898  2.35585  3.15690  4.02053  3.07397  3.79921  2.92348  1.98500  1.86413  2.87462  3.18456  5.33069  4.05258     32 s - - -
          2.68618  4.42225  2.77519  2.73123  3.46354  2.40513  3.72494  3.29354  2.67741  2.69355  4.24690  2.90347  2.73739  3.18146  2.89801  2.37887  2.77519  2.98518  4.58477  3.61503
          0.03151  3.86909  4.59143  0.61958  0.77255  0.55456  0.85408
     33   2.89623  5.40064  1.36261  1.76489  4.68832  3.16829  3.72691  4.18907  2.74927  3.72462  4.59563  2.64811  3.79475  2.90182  3.33234  2.78957  3.18956  3.78376  5.88158  4.39909     33 d - - -
          2.68618  4.42225  2.77519  2.73123  3.46354  2.40513  3.72494  3.29354  2.67741  2.69355  4.24690  2.90347  2.73739  3.18146  2.89801  2.37887  2.77519  2.98518  4.58477  3.61503
          0.03151  3.86909  4.59143  0.61958  0.77255  0.55456  0.85408
     34   2.96898  4.93269  3.14475  2.76681  4.31834  3.45884  3.75725  3.74739  1.04291  3.31320  4.27480  3.19144  3.95939  2.94890  2.43089  3.01117  3.22248  3.45536  5.37436  4.18663     34 k - - -
          2.68618  4.42225  2.77519  2.73123  3.46354  2.40513  3.72494  3.29354  2.67741  2.69355  4.24690  2.90347  2.73739  3.18146  2.89801  2.37887  2.77519  2.98518  4.58477  3.61503
          0.03151  3.86909  4.59143  0.61958  0.77255  0.55456  0.85408
     35   3.15144  4.61470  4.18407  3.82388  3.13437  3.97786  4.48067  2.33820  3.59166  0.87937  3.15833  4.09968  4.41379  3.96080  3.76829  3.54829  3.44584  2.37466  5.01246  3.73500     35 l - - -
          2.68618  4.42225  2.77519  2.73123  3.46354  2.40513  3.72494  3.29354  2.67741  2.69355  4.24690  2.90347  2.73739  3.18146  2.89801  2.37887  2.77519  2.98518  4.58477  3.61503
          0.03151  3.86909  4.59143  0.61958  0.77255  0.55456  0.85408
     36   2.96898  4.93269  3.14475  2.76681  4.31834  3.45884  3.75725  3.74739  1.04291  3.31320  4.27480  3.19144  3.95939  2.94890  2.43089  3.01117  3.22248  3.45536  5.37436  4.18663     36 k - - -
          2.68618  4.42225  2.77519  2.73123  3.46354  2.40513  3.72494  3.29354  2.67741  2.69355  4.24690  2.90347  2.73739  3.18146  2.89801  2.37887  2.77519  2.98518  4.58477  3.61503
          0.03151  3.86909  4.59143  0.61958  0.77255  0.55456  0.85408
     37   1.81133  4.12772  3.27878  3.02547  4.17112  2.89964  4.12302  3.51678  3.08571  3.27214  4.13891  3.21303  3.64156  3.39919  3.39281  1.38760  2.66990  3.02831  5.53830  4.29915     37 s - - -
          2.68618  4.42225  2.77519  2.73123  3.46354  2.40513  3.72494  3.29354  2.67741  2.69355  4.24690  2.90347  2.73739  3.18146  2.89801  2.37887  2.77519  2.98518  4.58477  3.61503
          0.03151  3.86909  4.59143  0.61958  0.77255  0.55456  0.85408
     38   2.98592  5.11376  0.92292  2.33273  4.49030  3.20806  3.92799  4.07769  3.01145  3.68661  4.66461  2.88894  3.86061  3.16711  3.52724  2.94863  3.32440  3.71722  5.65957  4.36372     38 d - - -
          2.68618  4.42225  2.77519  2.73123  3.46354  2.40513  3.72494  3.29354  2.67741  2.69355  4.24690  2.90347  2.73739  3.18146  2.89801  2.37887  2.77519  2.98518  4.58477  3.61503
          0.03151  3.86909  4.59143  0.61958  0.77255  0.55456  0.85408
     39   3.00159  4.84102  3.49189  3.00362  4.19474  3.49028  3.82174  3.73619  2.23590  3.25273  4.25297  3.36363  3.99300  3.04220  0.98357  3.08591  3.26776  3.46028  5.27914  4.12280     39 r - - -
          2.68618  4.42225  2.77519  2.73123  3.46354  2.40513  3.72494  3.29354  2.67741  2.69355  4.24690  2.90347  2.73739  3.18146  2.89801  2.37887  2.77519  2.98518  4.58477  3.61503
          0.03151  3.86909  4.59143  0.61958  0.77255  0.55456  0.85408
     40   2.94933  5.05976  2.48609  1.03019  4.40554  3.27185  3.85831  3.85877  2.73841  3.47642  4.45057  2.93091  3.87626  3.07402  3.14693  2.93205  3.25353  3.54295  5.57775  4.29996     40 e - - -
          2.68618  4.42225  2.77519  2.73123  3.46354  2.40513  3.72494  3.29354  2.67741  2.69355  4.24690  2.90347  2.73739  3.18146  2.89801  2.37887  2.77519  2.98518  4.58477  3.61503
          0.03151  3.86909  4.59143  0.61958  0.77255  0.55456  0.85408
     41   3.25401  4.65675  4.23408  3.94790  1.01727  3.94462  3.87568  2.77808  3.85502  2.14890  3.50872  4.01535  4.40326  4.02391  3.97558  3.52413  3.55513  2.76854  4.12570  2.49312     41 f - - -
          2.68618  4.42225  2.77519  2.73123  3.46354  2.40513  3.72494  3.29354  2.67741  2.69355  4.24690  2.90347  2.73739  3.18146  2.89801  2.37887  2.77519  2.98518  4.58477  3.61503
          0.03151  3.86909  4.59143  0.61958  0.77255  0.55456  0.85408
     42   2.94933  5.05976  2.48609  1.03019  4.40554  3.27185  3.85831  3.85877  2.73841  3.47642  4.45057  2.93091  3.87626  3.07402  3.14693  2.93205  3.25353  3.54295  5.57775  4.29996     42 e - - -
          2.68618  4.42225  2.77519  2.73123  3.46354  2.40513  3.72494  3.29354  2.67741  2.69355  4.24690  2.90347  2.73739  3.18146  2.89801  2.37887  2.77519  2.98518  4.58477  3.61503
          0.03151  3.86909  4.59143  0.61958  0.77255  0.55456  0.85408
     43   3.25401  4.65675  4.23408  3.94790  1.01727  3.94462  3.87568  2.77808  3.85502  2.14890  3.50872  4.01535  4.40326  4.02391  3.97558  3.52413  3.55513  2.76854  4.12570  2.49312     43 f - - -
          2.68618  4.42225  2.77519  2.73123  3.46354  2.40513  3.72494  3.29354  2.67741  2.69355  4.24690  2.90347  2.73739  3.18146  2.89801  2.37887  2.77519  2.98518  4.58477  3.61503
          0.03151  3.86909  4.59143  0.61958  0.77255  0.55456  0.85408
     44   2.72057  4.71708  2.70634  2.59146  4.08006  3.18166  3.91818  3.78968  2.82157  3.43692  4.39217  1.16406  3.83334  3.19090  3.17614  2.78787  3.10230  3.41223  5.38636  4.02862     44 n - - -
          2.68618  4.42225  2.77519  2.73123  3.46354  2.40513  3.72494  3.29354  2.67741  2.69355  4.24690  2.90347  2.73739  3.18146  2.89801  2.37887  2.77519  2.98518  4.58477  3.61503
          0.03151  3.86909  4.59143  0.61958  0.77255  0.55456  0.85408
     45   2.96898  4.93269  3.14475  2.76681  4.31834  3.45884  3.75725  3.74739  1.04291  3.31320  4.27480  3.19144  3.95939  2.94890  2.43089  3.01117  3.22248  3.45536  5.37436  4.18663     45 k - - -
          2.68618  4.42225  2.77519  2.73123  3.46354  2.40513  3.72494  3.29354  2.67741  2.69355  4.24690  2.90347  2.73739  3.18146  2.89801  2.37887  2.77519  2.98518  4.58477  3.61503
          0.03151  3.86909  4.59143  0.61958  0.77255  0.55456  0.85408
     46   1.69464  4.63984  2.70257  2.02101  4.13229  3.20851  3.79381  3.40183  2.64990  3.13960  4.03853  2.94989  3.78939  2.99630  3.05441  2.65515  2.91139  3.07604  5.44582  4.13305     46 a - - -
          2.68618  4.42225  2.77519  2.73123  3.46354  2.40513  3.72494  3.29354  2.67741  2.69355  4.24690  2.90347  2.73739  3.18146  2.89801  2.37887  2.77519  2.98518  4.58477  3.61503
          0.03151  3.86909  4.59143  0.61958  0.77255  0.55456  0.85408
     47   3.15144  4.61470  4.18407  3.82388  3.13437  3.97786  4.48067  2.33820  3.59166  0.87937  3.15833  4.09968  4.41379  3.96080  3.76829  3.54829  3.44584  2.37466  5.01246  3.73500     47 l - - -
          2.68618  4.42225  2.77519  2.73123  3.46354  2.40513  3.72494  3.29354  2.67741  2.69355  4.24690  2.90347  2.73739  3.18146  2.89801  2.37887  2.77519  2.98518  4.58477  3.61503
          0.03151  3.86909  4.59143  0.61958  0.77255  0.55456  0.85408
     48   2.87801  4.86368  2.90063  2.65528  4.03180  3.36376  3.81357  3.66201  2.47629  3.16470  4.19263  3.11500  3.91715  1.24007  2.76055  2.92589  3.17496  3.39188  5.30440  3.99791     48 q - - -
          2.68618  4.42225  2.77519  2.73123  3.46354  2.40513  3.72494  3.29354  2.67741  2.69355  4.24690  2.90347  2.73739  3.18146  2.89801  2.37887  2.77519  2.98518  4.58477  3.61503
          0.03151  3.86909  4.59143  0.61958  0.77255  0.55456  0.85408
     49   3.00020  4.36651  4.56572  4.07104  3.45307  4.26041  4.81318  1.35306  3.94671  1.97136  3.28052  4.31576  4.60381  4.22910  4.16416  3.64197  3.27230  1.33137  5.39263  4.18166     49 v - - -
          2.68618  4.42225  2.77519  2.73123  3.46354  2.40513  3.72494  3.29354  2.67741  2.69355  4.24690  2.90347  2.73739  3.18146  2.89801  2.37887  2.77519  2.98518  4.58477  3.61503
          0.03151  3.86909  4.59143  0.61958  0.77255  0.55456  0.85408
     50   2.98592  5.11376  0.92292  2.33273  4.49030  3.20806  3.92799  4.07769  3.01145  3.68661  4.66461  2.88894  3.86061  3.16711  3.52724  2.94863  3.32440  3.71722  5.65957  4.36372     50 d - - -
          2.68618  4.42225  2.77519  2.73123  3.46354  2.40513  3.72494  3.29354  2.67741  2.69355  4.24690  2.90347  2.73739  3.18146  2.89801  2.37887  2.77519  2.98518  4.58477  3.61503
          0.03151  3.86909  4.59143  0.61958  0.77255  0.55456  0.85408
     51   2.94933  5.05976  2.48609  1.03019  4.40554  3.27185  3.85831  3.85877  2.73841  3.47642  4.45057  2.93091  3.87626  3.07402  3.14693  2.93205  3.25353  3.54295  5.57775  4.29996     51 e - - -
          2.68618  4.42225  2.77519  2.73123  3.46354  2.40513  3.72494  3.29354  2.67741  2.69355  4.24690  2.90347  2.73739  3.18146  2.89801  2.37887  2.77519  2.98518  4.58477  3.61503
          0.03151  3.86909  4.59143  0.61958  0.77255  0.55456  0.85408
     52   3.25401  4.65675  4.23408  3.94790  1.01727  3.94462  3.87568  2.77808  3.85502  2.14890  3.50872  4.01535  4.40326  4.02391  3.97558  3.52413  3.55513  2.76854  4.12570  2.49312     52 f - - -
          2.68618  4.42225  2.77519  2.73123  3.46354  2.40513  3.72494  3.29354  2.67741  2.69355  4.24690  2.90347  2.73739  3.18146  2.89801  2.37887  2.77519  2.98518  4.58477  3.61503
          0.03151  3.86909  4.59143  0.61958  0.77255  0.55456  0.85408
     53   3.24215  4.73251  3.83322  3.56194  2.29351  3.82617  3.61688  3.25183  3.41955  2.70664  3.92721  3.71925  4.30008  3.72641  3.60397  3.37919  3.52881  3.12222  3.93715  0.97143     53 y - - -
          2.68618  4.42225  2.77519  2.73123  3.46354  2.40513  3.72494  3.29354  2.67741  2.69355  4.24690  2.90347  2.73739  3.18146  2.89801  2.37887  2.77519  2.98518  4.58477  3.61503
          0.03151  3.86909  4.59143  0.61958  0.77255  0.55456  0.85408
     54   3.00159  4.84102  3.49189  3.00362  4.19474  3.49028  3.82174  3.73619  2.23590  3.25273  4.25297  3.36363  3.99300  3.04220  0.98357  3.08591  3.26776  3.46028  5.27914  4.12280     54 r - - -
          2.68618  4.42225  2.77519  2.73123  3.46354  2.40513  3.72494  3.29354  2.67741  2.69355  4.24690  2.90347  2.73739  3.18146  2.89801  2.37887  2.77519  2.98518  4.58477  3.61503
          0.03151  3.86909  4.59143  0.61958  0.77255  0.55456  0.85408
     55   2.96898  4.93269  3.14475  2.76681  4.31834  3.45884  3.75725  3.74739  1.04291  3.31320  4.27480  3.19144  3.95939  2.94890  2.43089  3.01117  3.22248  3.45536  5.37436  4.18663     55 k - - -
          2.68618  4.42225  2.77519  2.73123  3.46354  2.40513  3.72494  3.29354  2.67741  2.69355  4.24690  2.90347  2.73739  3.18146  2.89801  2.37887  2.77519  2.98518  4.58477  3.61503
          0.03151  3.86909  4.59143  0.61958  0.77255  0.55456  0.85408
     56   2.98592  5.11376  0.92292  2.33273  4.49030  3.20806  3.92799  4.07769  3.01145  3.68661  4.66461  2.88894  3.86061  3.16711  3.52724  2.94863  3.32440  3.71722  5.65957  4.36372     56 d - - -
          2.68618  4.42225  2.77519  2.73123  3.46354  2.40513  3.72494  3.29354  2.67741  2.69355  4.24690  2.90347  2.73739  3.18146  2.89801  2.37887  2.77519  2.98518  4.58477  3.61503
          0.03151  3.86909  4.59143  0.61958  0.77255  0.55456  0.85408
     57   2.66065  4.43645  3.33373  3.23269  4.37511  0.73435  4.35320  3.97388  3.41351  3.62845  4.60414  3.49803  3.82748  3.73793  3.64995  2.83246  3.14162  3.50285  5.47119  4.47689     57 g - - -
          2.68618  4.42225  2.77519  2.73123  3.46354  2.40513  3.72494  3.29354  2.67741  2.69355  4.24690  2.90347  2.73739  3.18146  2.89801  2.37887  2.77519  2.98518  4.58477  3.61503
          0.03151  3.86909  4.59143  0.61958  0.77255  0.55456  0.85408
     58   2.72057  4.71708  2.70634  2.59146  4.08006  3.18166  3.91818  3.78968  2.82157  3.43692  4.39217  1.16406  3.83334  3.19090  3.17614  2.78787  3.10230  3.41223  5.38636  4.02862     58 n - - -
          2.68618  4.42225  2.77519  2.73123  3.46354  2.40513  3.72494  3.29354  2.67741  2.69355  4.24690  2.90347  2.73739  3.18146  2.89801  2.37887  2.77519  2.98518  4.58477  3.61503
          0.03151  3.86909  4.59143  0.61958  0.77255  0.55456  0.85408
     59   3.15144  4.61470  4.18407  3.82388  3.13437  3.97786  4.48067  2.33820  3.59166  0.87937  3.15833  4.09968  4.41379  3.96080  3.76829  3.54829  3.44584  2.37466  5.01246  3.73500     59 l - - -
          2.68618  4.42225  2.77519  2.73123  3.46354  2.40513  3.72494  3.29354  2.67741  2.69355  4.24690  2.90347  2.73739  3.18146  2.89801  2.37887  2.77519  2.98518  4.58477  3.61503
          0.03151  3.86909  4.59143  0.61958  0.77255  0.55456  0.85408
     60   2.87801  4.86368  2.90063  2.65528  4.03180  3.36376  3.81357  3.66201  2.47629  3.16470  4.19263  3.11500  3.91715  1.24007  2.76055  2.92589  3.17496  3.39188  5.30440  3.99791     60 q - - -
          2.68618  4.42225  2.77519  2.73123  3.46354  2.40513  3.72494  3.29354  2.67741  2.69355  4.24690  2.90347  2.73739  3.18146  2.89801  2.37887  2.77519  2.98518  4.58477  3.61503
          0.03151  3.86909  4.59143  0.61958  0.77255  0.55456  0.85408
     61   2.64283  4.85839  2.56555  2.32550  4.28803  2.28913  3.68615  3.75530  2.48670  3.32678  4.16168  2.37664  3.77474  2.29806  2.90774  2.65453  2.93866  3.37307  5.50703  4.14936     61 g - - -
          2.68618  4.42225  2.77519  2.73123  3.46354  2.40513  3.72494  3.29354  2.67741  2.69355  4.24690  2.90347  2.73739  3.18146  2.89801  2.37887  2.77519  2.98518  4.58477  3.61503
          0.03151  3.86909  4.59143  0.61958  0.77255  0.55456  0.85408
     62   3.02846  4.44810  4.33092  3.94657  3.37187  4.06292  4.67530  1.08210  3.77464  1.95857  3.30772  4.19238  4.49443  4.12326  3.97160  3.55787  3.32767  1.84575  5.26203  4.00005     62 i - - -
          2.68618  4.42225  2.77519  2.73123  3.46354  2.40513  3.72494  3.29354  2.67741  2.69355  4.24690  2.90347  2.73739  3.18146  2.89801  2.37887  2.77519  2.98518  4.58477  3.61503
          0.03151  3.86909  4.59143  0.61958  0.77255  0.55456  0.85408
     63   2.96651  4.51580  4.04576  3.63895  3.20620  3.83154  4.37487  2.38145  3.40722  1.80136  1.38443  3.91686  4.29211  3.78930  3.61294  3.31527  3.27173  2.38718  5.04657  3.80806     63 m - - -
          2.68618  4.42225  2.77519  2.73123  3.46354  2.40513  3.72494  3.29354  2.67741  2.69355  4.24690  2.90347  2.73739  3.18146  2.89801  2.37887  2.77519  2.98518  4.58477  3.61503
          0.03151  3.86909  4.59143  0.61958  0.77255  0.55456  0.85408
     64   3.14218  4.56649  4.44152  3.90389  3.03956  4.27051  4.56275  2.16457  3.70071  1.07909  2.25779  4.20985  4.53288  3.95699  3.89186  3.62102  3.37827  2.24954  5.04876  3.89390     64 l - - -
          2.68618  4.42225  2.77519  2.73123  3.46354  2.40513  3.72494  3.29354  2.67741  2.69355  4.24690  2.90347  2.73739  3.18146  2.89801  2.37887  2.77519  2.98518  4.58477  3.61503
          0.03151  3.86909  4.59143  0.61958  0.77255  0.55456  0.85408
     65   2.81061  5.17430  2.29286  1.49461  4.48831  3.21764  3.69524  3.97572  2.56839  3.53185  4.38986  2.16765  3.80021  2.86626  3.03831  2.75319  3.09375  3.59415  5.68326  4.26386     65 e - - -
          2.68618  4.42225  2.77519  2.73123  3.46354  2.40513  3.72494  3.29354  2.67741  2.69355  4.24690  2.90347  2.73739  3.18146  2.89801  2.37887  2.77519  2.98518  4.58477  3.61503
          0.03151  3.86909  4.59143  0.61958  0.77255  0.55456  0.85408
     66   3.32990  4.70581  4.08595  3.79118  2.66274  3.72632  3.89561  3.35333  3.51345  2.74881  3.98729  3.94091  4.24376  3.90124  3.64240  3.53364  3.63012  3.24357  0.89215  2.66501     66 w - - -
          2.68618  4.42225  2.77519  2.73123  3.46354  2.40513  3.72494  3.29354  2.67741  2.69355  4.24690  2.90347  2.73739  3.18146  2.89801  2.37887  2.77519  2.98518  4.58477  3.61503
          0.03151  3.86909  4.59143  0.61958  0.77255  0.55456  0.85408
     67   2.54727  4.30072  3.57318  3.09852  3.54262  3.42450  4.02882  2.58321  2.95717  2.36680  2.75976  3.41818  3.95002  3.33731  3.25832  2.78853  1.79112  2.40576  5.12048  3.88173     67 t - - -
          2.68618  4.42225  2.77519  2.73123  3.46354  2.40513  3.72494  3.29354  2.67741  2.69355  4.24690  2.90347  2.73739  3.18146  2.89801  2.37887  2.77519  2.98518  4.58477  3.61503
          0.03151  3.86909  4.59143  0.61958  0.77255  0.55456  0.85408
     68   2.68399  5.00542  2.53781  1.95885  4.27878  3.28955  2.89060  3.74674  2.41645  3.30039  4.11886  2.45135  3.77879  2.76720  2.87136  2.34308  2.93409  3.38466  5.48189  4.10060     68 e - - -
          2.68618  4.42225  2.77519  2.73123  3.46354  2.40513  3.72494  3.29354  2.67741  2.69355  4.24690  2.90347  2.73739  3.18146  2.89801  2.37887  2.77519  2.98518  4.58477  3.61503
          0.03151  3.86909  4.59143  0.61958  0.77255  0.55456  0.85408
     69   2.71285  4.43503  3.50710  2.95167  3.03495  3.61760  3.69149  2.87359  2.67359  2.11512  3.48337  3.32247  3.99669  3.12744  2.54003  2.90216  2.94135  2.68734  4.57651  2.30563     69 l - - -
          2.68618  4.42225  2.77519  2.73123  3.46354  2.40513  3.72494  3.29354  2.67741  2.69355  4.24690  2.90347  2.73739  3.18146  2.89801  2.37887  2.77519  2.98518  4.58477  3.61503
          0.03151  3.86909  4.59143  0.61958  0.77255  0.55456  0.85408
     70   1.01865  4.19031  3.45912  3.25023  4.04898  3.01495  4.27268  3.17398  3.26640  3.05575  4.08792  3.40071  3.75385  3.60787  3.51718  2.54062  2.81774  2.82896  5.47647  4.27634     70 a - - -
          2.68618  4.42225  2.77519  2.73123  3.46354  2.40513  3.72494  3.29354  2.67741  2.69355  4.24690  2.90347  2.73739  3.18146  2.89801  2.37887  2.77519  2.98518  4.58477  3.61503
          0.03151  3.86909  4.59143  0.61958  0.77255  0.55456  0.85408
     71   2.95976  4.40764  4.19964  3.81424  3.31527  3.96258  4.56118  1.19960  3.64032  1.92352  3.26837  4.07251  4.40513  3.99979  3.84753  3.45131  3.26169  1.85201  5.18505  3.91345     71 i - - -
          2.68618  4.42225  2.77519  2.73123  3.46354  2.40513  3.72494  3.29354  2.67741  2.69355  4.24690  2.90347  2.73739  3.18146  2.89801  2.37887  2.77519  2.98518  4.58477  3.61503
          0.03446  3.78083  4.50317  0.61958  0.77255  0.55456  0.85408
     72   2.49957  4.56346  2.25687  2.43817  3.96708  3.20360  3.71849  3.27604  2.61569  3.01645  3.88948  2.91881  3.74384  2.91877  3.05922  2.26030  2.81099  2.46968  5.31073  3.97839     72 d - - -
          2.68618  4.42225  2.77519  2.73123  3.46354  2.40513  3.72494  3.29354  2.67741  2.69355  4.24690  2.90347  2.73739  3.18146  2.89801  2.37887  2.77519  2.98518  4.58477  3.61503
          0.03446  3.78083  4.50317  0.61958  0.77255  0.55456  0.85408
     73   2.43218  4.45333  2.80228  2.55902  4.06698  3.08626  3.81078  3.44362  2.65542  3.16101  4.04448  2.02123  3.71333  3.03136  3.02314  2.53706  2.16846  3.06616  5.39263  4.07324     73 n - - -
          2.68618  4.42225  2.77519  2.73123  3.46354  2.40513  3.72494  3.29354  2.67741  2.69355  4.24690  2.90347  2.73739  3.18146  2.89801  2.37887  2.77519  2.98518  4.58477  3.61503
          0.03446  3.78083  4.50317  0.61958  0.77255  0.55456  0.85408
     74   2.74088  5.08124  1.87471  2.12494  4.40869  3.13442  3.69146  3.95129  2.66246  3.52406  4.38622  1.82344  3.74545  2.87545  3.18715  2.69229  3.04881  3.55385  5.65580  4.21023     74 n - - -
          2.68618  4.42225  2.77519  2.73123  3.46354  2.40513  3.72494  3.29354  2.67741  2.69355  4.24690  2.90347  2.73739  3.18146  2.89801  2.37887  2.77519  2.98518  4.58477  3.61503
          0.03446  3.78083  4.50317  0.61958  0.77255  0.55456  0.85408
     75   1.15468  4.15108  3.37301  3.16313  3.96416  2.97740  4.19553  3.07640  3.17704  2.96178  4.00624  3.33483  3.70823  3.52740  3.43224  2.50343  2.77456  2.74697  5.40070  4.19126     75 a - - -
          2.68618  4.42225  2.77519  2.73123  3.46354  2.40513  3.72494  3.29354  2.67741  2.69355  4.24690  2.90347  2.73739  3.18146  2.89801  2.37887  2.77519  2.98518  4.58477  3.61503
          0.03446  3.78083  4.50317  0.61958  0.77255  0.44503  1.02390
     76   2.96170  4.51201  4.03911  3.63189  3.20362  3.82690  4.36926  2.37826  3.40048  1.79978  1.39649  3.91056  4.28748  3.78301  3.60692  3.30979  3.26684  2.38325  5.04313  3.80403     76 m - - -
          2.68618  4.42225  2.77519  2.73123  3.46354  2.40513  3.72494  3.29354  2.67741  2.69355  4.24690  2.90347  2.73739  3.18146  2.89801  2.37887  2.77519  2.98518  4.58477  3.61503
          0.03171  3.86285  4.58519  0.61958  0.77255  0.48576  0.95510
     77   2.77960  5.23844  1.76527  1.78711  4.55353  3.19050  3.67308  4.03606  2.62144  3.56914  4.39979  2.67600  3.76994  2.83206  3.17218  2.27092  3.05914  3.63197  5.74963  4.29374     77 d - - -
          2.68618  4.42225  2.77519  2.73123  3.46354  2.40513  3.72494  3.29354  2.67741  2.69355  4.24690  2.90347  2.73739  3.18146  2.89801  2.37887  2.77519  2.98518  4.58477  3.61503
          0.03171  3.86285  4.58519  0.61958  0.77255  0.48576  0.95510
     78   2.62017  4.84422  1.83358  2.26861  4.36232  3.13173  3.75832  3.84427  2.71235  3.45109  4.29868  2.79209  3.74751  2.94335  3.21402  1.81370  2.96024  3.42801  5.62882  4.22721     78 s - - -
          2.68618  4.42225  2.77519  2.73123  3.46354  2.40513  3.72494  3.29354  2.67741  2.69355  4.24690  2.90347  2.73739  3.18146  2.89801  2.37887  2.77519  2.98518  4.58477  3.61503
          0.03171  3.86285  4.58519  0.61958  0.77255  0.48576  0.95510
     79   3.14453  4.60968  4.17403  3.81389  3.13213  3.96988  4.47264  2.33572  3.58173  0.88713  3.15818  4.09029  4.40693  3.95236  3.75935  3.53970  3.43924  2.37054  5.00787  3.72895     79 l - - -
          2.68618  4.42225  2.77519  2.73123  3.46354  2.40513  3.72494  3.29354  2.67741  2.69355  4.24690  2.90347  2.73739  3.18146  2.89801  2.37887  2.77519  2.98518  4.58477  3.61503
          0.03171  3.86285  4.58519  0.61958  0.77255  0.48576  0.95510
     80   2.66864  4.99055  1.97142  2.19567  4.41833  3.17277  3.69395  3.90415  2.61921  3.46425  4.29028  2.30111  3.75235  2.85937  3.13693  2.02136  2.97265  3.49329  5.64649  4.22866     80 d - - -
          2.68618  4.42225  2.77519  2.73123  3.46354  2.40513  3.72494  3.29354  2.67741  2.69355  4.24690  2.90347  2.73739  3.18146  2.89801  2.37887  2.77519  2.98518  4.58477  3.61503
          0.03171  3.86285  4.58519  0.61958  0.77255  0.48576  0.95510
     81   2.54705  4.62596  2.95812  2.53929  4.11259  3.26822  3.69260  3.48820  1.92280  3.11937  3.96427  2.99148  3.78109  2.86919  2.73941  2.18676  2.41063  3.13755  5.34751  4.06071     81 k - - -
          2.68618  4.42225  2.77519  2.73123  3.46354  2.40513  3.72494  3.29354  2.67741  2.69355  4.24690  2.90347  2.73739  3.18146  2.89801  2.37887  2.77519  2.98518  4.58477  3.61503
          0.03171  3.86285  4.58519  0.61958  0.77255  0.48576  0.95510
     82   2.09733  4.89575  2.24760  2.28952  4.24939  3.26379  3.64570  3.65420  2.10225  3.25686  4.08556  2.82116  3.76991  2.80278  2.92010  2.63952  2.90727  3.29692  5.47463  4.11081     82 a - - -
          2.68618  4.42225  2.77519  2.73123  3.46354  2.40513  3.72494  3.29354  2.67741  2.69355  4.24690  2.90347  2.73739  3.18146  2.89801  2.37887  2.77519  2.98518  4.58477  3.61503
          0.03171  3.86285  4.58519  0.61958  0.77255  0.48576  0.95510
     83   2.80814  5.00691  3.02616  2.52333  4.37836  3.46662  3.57039  3.77734  1.81409  3.28269  4.12193  2.41386  3.87850  2.71016  1.87027  2.80626  3.01652  3.43902  5.39474  4.13669     83 k - - -
          2.68618  4.42225  2.77519  2.73123  3.46354  2.40513  3.72494  3.29354  2.67741  2.69355  4.24690  2.90347  2.73739  3.18146  2.89801  2.37887  2.77519  2.98518  4.58477  3.61503
          0.03171  3.86285  4.58519  0.61958  0.77255  0.48576  0.95510
     84   2.65308  4.42941  3.32489  3.22310  4.36546  0.74411  4.34391  3.96279  3.40306  3.61812  4.59382  3.48920  3.82024  3.72799  3.64011  2.82473  3.13357  3.49297  5.46310  4.46706     84 g - - -
          2.68618  4.42225  2.77519  2.73123  3.46354  2.40513  3.72494  3.29354  2.67741  2.69355  4.24690  2.90347  2.73739  3.18146  2.89801  2.37887  2.77519  2.98518  4.58477  3.61503
          0.03171  3.86285  4.58519  0.61958  0.77255  0.48576  0.95510
     85   2.75412  4.43477  3.59888  3.05855  3.31123  3.71733  3.95166  2.20394  2.85935  1.72468  3.24833  3.45760  4.08343  2.59162  3.15926  3.00620  2.98816  2.42564  4.95820  3.71260     85 l - - -
          2.68618  4.42225  2.77519  2.73123  3.46354  2.40513  3.72494  3.29354  2.67741  2.69355  4.24690  2.90347  2.73739  3.18146  2.89801  2.37887  2.77519  2.98518  4.58477  3.61503
          0.03171  3.86285  4.58519  0.61958  0.77255  0.48576  0.95510
     86   2.96340  4.92670  3.13875  2.76207  4.31093  3.45385  3.75400  3.73961  1.05151  3.30682  4.26883  3.18695  3.95490  2.94606  2.42999  3.00605  3.21741  3.44796  5.36957  4.18098     86 k - - -
          2.68618  4.42225  2.77519  2.73123  3.46354  2.40513  3.72494  3.29354  2.67741  2.69355  4.24690  2.90347  2.73739  3.18146  2.89801  2.37887  2.77519  2.98518  4.58477  3.61503
          0.03171  3.86285  4.58519  0.61958  0.77255  0.48576  0.95510
     87   2.96340  4.92670  3.13875  2.76207  4.31093  3.45385  3.75400  3.73961  1.05151  3.30682  4.26883  3.18695  3.95490  2.94606  2.42999  3.00605  3.21741  3.44796  5.36957  4.18098     87 k - - -
          2.68618  4.42225  2.77519  2.73123  3.46354  2.40513  3.72494  3.29354  2.67741  2.69355  4.24690  2.90347  2.73739  3.18146  2.89801  2.37887  2.77519  2.98518  4.58477  3.61503
          0.03171  3.86285  4.58519  0.61958  0.77255  0.48576  0.95510
     88   3.14453  4.60968  4.17403  3.81389  3.13213  3.96988  4.47264  2.33572  3.58173  0.88713  3.15818  4.09029  4.40693  3.95236  3.75935  3.53970  3.43924  2.37054  5.00787  3.72895     88 l - - -
          2.68618  4.42225  2.77519  2.73123  3.46354  2.40513  3.72494  3.29354  2.67741  2.69355  4.24690  2.90347  2.73739  3.18146  2.89801  2.37887  2.77519  2.98518  4.58477  3.61503
          0.03171  3.86285  4.58519  0.61958  0.77255  0.48576  0.95510
     89   2.84064  4.96325  3.08372  2.59606  4.27103  3.47823  3.60181  3.72290  2.04700  3.22370  4.10810  3.04692  3.90536  1.82533  1.93336  2.85556  3.05648  3.41067  5.34509  4.08639     89 q - - -
          2.68618  4.42225  2.77519  2.73123  3.46354  2.40513  3.72494  3.29354  2.67741  2.69355  4.24690  2.90347  2.73739  3.18146  2.89801  2.37887  2.77519  2.98518  4.58477  3.61503
          0.03171  3.86285  4.58519  0.61958  0.77255  0.48576  0.95510
     90   2.62988  4.85506  2.16805  2.32788  4.13485  3.31520  3.62961  3.49159  2.11185  3.14088  3.98352  2.85643  3.78307  2.78746  2.88184  2.64370  2.88199  2.67651  5.38882  4.03382     90 k - - -
          2.68618  4.42225  2.77519  2.73123  3.46354  2.40513  3.72494  3.29354  2.67741  2.69355  4.24690  2.90347  2.73739  3.18146  2.89801  2.37887  2.77519  2.98518  4.58477  3.61503
          0.03171  3.86285  4.58519  0.61958  0.77255  0.48576  0.95510
     91   3.14453  4.60968  4.17403  3.81389  3.13213  3.96988  4.47264  2.33572  3.58173  0.88713  3.15818  4.09029  4.40693  3.95236  3.75935  3.53970  3.43924  2.37054  5.00787  3.72895     91 l - - -
          2.68618  4.42225  2.77519  2.73123  3.46354  2.40513  3.72494  3.29354  2.67741  2.69355  4.24690  2.90347  2.73739  3.18146  2.89801  2.37887  2.77519  2.98518  4.58477  3.61503
          0.03171  3.86285  4.58519  0.61958  0.77255  0.48576  0.95510
     92   2.80050  4.34583  4.11196  3.77484  3.54311  3.71388  4.57824  2.05092  3.64248  2.23184  3.50976  3.96621  4.27496  4.00300  3.85590  3.21685  3.16231  1.03711  5.32590  4.05690     92 v - - -
          2.68618  4.42225  2.77519  2.73123  3.46354  2.40513  3.72494  3.29354  2.67741  2.69355  4.24690  2.90347  2.73739  3.18146  2.89801  2.37887  2.77519  2.98518  4.58477  3.61503
          0.03171  3.86285  4.58519  0.61958  0.77255  0.48576  0.95510
     93   2.87323  4.85856  2.89668  2.65133  4.02583  3.35974  3.80954  3.65517  2.47280  3.15847  4.18666  3.11096  3.91310  1.25125  2.75714  2.92141  3.17023  3.38546  5.29957  3.99271     93 q - - -
          2.68618  4.42225  2.77519  2.73123  3.46354  2.40513  3.72494  3.29354  2.67741  2.69355  4.24690  2.90347  2.73739  3.18146  2.89801  2.37887  2.77519  2.98518  4.58477  3.61503
          0.03171  3.86285  4.58519  0.61958  0.77255  0.48576  0.95510
     94   2.84211  5.09541  2.69357  1.98760  4.44598  3.38222  3.61884  3.84127  1.55364  3.37101  4.22866  2.89880  3.86154  2.76866  2.49897  2.81483  3.07129  3.49984  5.50189  4.20436     94 k - - -
          2.68618  4.42225  2.77519  2.73123  3.46354  2.40513  3.72494  3.29354  2.67741  2.69355  4.24690  2.90347  2.73739  3.18146  2.89801  2.37887  2.77519  2.98518  4.58477  3.61503
          0.03171  3.86285  4.58519  0.61958  0.77255  0.48576  0.95510
     95   2.40762  4.25266  3.41964  3.17125  3.96046  3.09225  4.18930  3.08643  3.11404  2.95026  4.00143  3.38214  3.79526  3.50935  3.37316  2.60879  1.18832  2.78243  5.39911  4.17711     95 t - - -
          2.68618  4.42225  2.77519  2.73123  3.46354  2.40513  3.72494  3.29354  2.67741  2.69355  4.24690  2.90347  2.73739  3.18146  2.89801  2.37887  2.77519  2.98518  4.58477  3.61503
          0.03171  3.86285  4.58519  0.61958  0.77255  0.48576  0.95510
     96   2.95246  4.39635  4.33532  3.84920  3.32234  4.08379  4.58439  1.92496  3.68411  1.61190  3.21329  4.11320  4.46555  3.99851  3.90882  3.46560  3.23231  1.32407  5.21689  3.97590     96 v - - -
          2.68618  4.42225  2.77519  2.73123  3.46354  2.40513  3.72494  3.29354  2.67741  2.69355  4.24690  2.90347  2.73739  3.18146  2.89801  2.37887  2.77519  2.98518  4.58477  3.61503
          0.03171  3.86285  4.58519  0.61958  0.77255  0.48576  0.95510
     97   2.65308  4.42941  3.32489  3.22310  4.36546  0.74411  4.34391  3.96279  3.40306  3.61812  4.59382  3.48920  3.82024  3.72799  3.64011  2.82473  3.13357  3.49297  5.46310  4.46706     97 g - - -
          2.68618  4.42225  2.77519  2.73123  3.46354  2.40513  3.72494  3.29354  2.67741  2.69355  4.24690  2.90347  2.73739  3.18146  2.89801  2.37887  2.77519  2.98518  4.58477  3.61503
          0.03171  3.86285  4.58519  0.61958  0.77255  0.48576  0.95510
     98   3.23329  4.72617  3.82408  3.55170  2.29374  3.81896  3.61418  3.24385  3.40950  2.70025  3.91990  3.71167  4.29305  3.71784  3.59516  3.37092  3.51993  3.11396  3.93712  0.98193     98 y - - -
          2.68618  4.42225  2.77519  2.73123  3.46354  2.40513  3.72494  3.29354  2.67741  2.69355  4.24690  2.90347  2.73739  3.18146  2.89801  2.37887  2.77519  2.98518  4.58477  3.61503
          0.03171  3.86285  4.58519  0.61958  0.77255  0.48576  0.95510
     99   2.65308  4.42941  3.32489  3.22310  4.36546  0.74411  4.34391  3.96279  3.40306  3.61812  4.59382  3.48920  3.82024  3.72799  3.64011  2.82473  3.13357  3.49297  5.46310  4.46706     99 g - - -
          2.68618  4.42225  2.77519  2.73123  3.46354  2.40513  3.72494  3.29354  2.67741  2.69355  4.24690  2.90347  2.73739  3.18146  2.89801  2.37887  2.77519  2.98518  4.58477  3.61503
          0.03171  3.86285  4.58519  0.61958  0.77255  0.48576  0.95510
    100   2.31035  4.23059  3.19814  3.01351  4.06673  2.96066  4.12361  3.58806  3.08663  3.30905  4.23597  3.23980  3.69868  3.43671  3.37292  1.10565  2.78977  3.12527  5.43999  4.15021    100 s - - -
          2.68618  4.42225  2.77519  2.73123  3.46354  2.40513  3.72494  3.29354  2.67741  2.69355  4.24690  2.90347  2.73739  3.18146  2.89801  2.37887  2.77519  2.98518  4.58477  3.61503
          0.03171  3.86285  4.58519  0.61958  0.77255  0.48576  0.95510
    101   2.21709  4.18266  3.11271  2.90170  4.25180  2.10515  4.08229  3.71736  3.04729  3.39176  4.22716  3.14645  3.63549  3.34436  3.37975  1.43402  2.69557  3.17271  5.57503  4.32792    101 s - - -
          2.68618  4.42225  2.77519  2.73123  3.46354  2.40513  3.72494  3.29354  2.67741  2.69355  4.24690  2.90347  2.73739  3.18146  2.89801  2.37887  2.77519  2.98518  4.58477  3.61503
          0.03171  3.86285  4.58519  0.61958  0.77255  0.48576  0.95510
    102   2.99470  4.83441  3.48438  2.99752  4.18655  3.48448  3.81746  3.72764  2.23373  3.24532  4.24580  3.35797  3.98757  3.03830  0.99319  3.07936  3.26134  3.45202  5.27352  4.11605    102 r - - -
          2.68618  4.42225  2.77519  2.73123  3.46354  2.40513  3.72494  3.29354  2.67741  2.69355  4.24690  2.90347  2.73739  3.18146  2.89801  2.37887  2.77519  2.98518  4.58477  3.61503
          0.03171  3.86285  4.58519  0.61958  0.77255  0.48576  0.95510
    103   2.40762  4.25266  3.41964  3.17125  3.96046  3.09225  4.18930  3.08643  3.11404  2.95026  4.00143  3.38214  3.79526  3.50935  3.37316  2.60879  1.18832  2.78243  5.39911  4.17711    103 t - - -
          2.68618  4.42225  2.77519  2.73123  3.46354  2.40513  3.72494  3.29354  2.67741  2.69355  4.24690  2.90347  2.73739  3.18146  2.89801  2.37887  2.77519  2.98518  4.58477  3.61503
          0.03171  3.86285  4.58519  0.61958  0.77255  0.48576  0.95510
    104   2.80050  4.34583  4.11196  3.77484  3.54311  3.71388  4.57824  2.05092  3.64248  2.23184  3.50976  3.96621  4.27496  4.00300  3.85590  3.21685  3.16231  1.03711  5.32590  4.05690    104 v - - -
          2.68618  4.42225  2.77519  2.73123  3.46354  2.40513  3.72494  3.29354  2.67741  2.69355  4.24690  2.90347  2.73739  3.18146  2.89801  2.37887  2.77519  2.98518  4.58477  3.61503
          0.03171  3.86285  4.58519  0.61958  0.77255  0.48576  0.95510
    105   2.96340  4.92670  3.13875  2.76207  4.31093  3.45385  3.75400  3.73961  1.05151  3.30682  4.26883  3.18695  3.95490  2.94606  2.42999  3.00605  3.21741  3.44796  5.36957  4.18098    105 k - - -
          2.68618  4.42225  2.77519  2.73123  3.46354  2.40513  3.72494  3.29354  2.67741  2.69355  4.24690  2.90347  2.73739  3.18146  2.89801  2.37887  2.77519  2.98518  4.58477  3.61503
          0.03171  3.86285  4.58519  0.61958  0.77255  0.48576  0.95510
    106   3.14453  4.60968  4.17403  3.81389  3.13213  3.96988  4.47264  2.33572  3.58173  0.88713  3.15818  4.09029  4.40693  3.95236  3.75935  3.53970  3.43924  2.37054  5.00787  3.72895    106 l - - -
          2.68618  4.42225  2.77519  2.73123  3.46354  2.40513  3.72494  3.29354  2.67741  2.69355  4.24690  2.90347  2.73739  3.18146  2.89801  2.37887  2.77519  2.98518  4.58477  3.61503
          0.03171  3.86285  4.58519  0.61958  0.77255  0.48576  0.95510
    107   3.14453  4.60968  4.17403  3.81389  3.13213  3.96988  4.47264  2.33572  3.58173  0.88713  3.15818  4.09029  4.40693  3.95236  3.75935  3.53970  3.43924  2.37054  5.00787  3.72895    107 l - - -
          2.68618  4.42225  2.77519  2.73123  3.46354  2.40513  3.72494  3.29354  2.67741  2.69355  4.24690  2.90347  2.73739  3.18146  2.89801  2.37887  2.77519  2.98518  4.58477  3.61503
          0.03171  3.86285  4.58519  0.61958  0.77255  0.48576  0.95510
    108   2.40762  4.25266  3.41964  3.17125  3.96046  3.09225  4.18930  3.08643  3.11404  2.95026  4.00143  3.38214  3.79526  3.50935  3.37316  2.60879  1.18832  2.78243  5.39911  4.17711    108 t - - -
          2.68618  4.42225  2.77519  2.73123  3.46354  2.40513  3.72494  3.29354  2.67741  2.69355  4.24690  2.90347  2.73739  3.18146  2.89801  2.37887  2.77519  2.98518  4.58477  3.61503
          0.03171  3.86285  4.58519  0.61958  0.77255  0.48576  0.95510
    109   2.94412  5.05306  2.48371  1.03913  4.39808  3.26794  3.85397  3.85008  2.73330  3.46877  4.44328  2.92761  3.87208  3.06987  3.14110  2.92753  3.24830  3.53493  5.57147  4.29378    109 e - - -
          2.68618  4.42225  2.77519  2.73123  3.46354  2.40513  3.72494  3.29354  2.67741  2.69355  4.24690  2.90347  2.73739  3.18146  2.89801  2.37887  2.77519  2.98518  4.58477  3.61503
          0.03171  3.86285  4.58519  0.61958  0.77255  0.48576  0.95510
    110   2.96170  4.51201  4.03911  3.63189  3.20362  3.82690  4.36926  2.37826  3.40048  1.79978  1.39649  3.91056  4.28748  3.78301  3.60692  3.30979  3.26684  2.38325  5.04313  3.80403    110 m - - -
          2.68618  4.42225  2.77519  2.73123  3.46354  2.40513  3.72494  3.29354  2.67741  2.69355  4.24690  2.90347  2.73739  3.18146  2.89801  2.37887  2.77519  2.98518  4.58477  3.61503
          0.03171  3.86285  4.58519  0.61958  0.77255  0.48576  0.95510
    111   3.17870  4.57265  4.41795  3.95388  1.61734  4.19916  4.06385  2.38030  3.80976  1.43669  3.08458  4.10382  4.50339  3.96988  3.96227  3.56768  3.42085  2.43064  4.35064  2.80058    111 l - - -
          2.68618  4.42225  2.77519  2.73123  3.46354  2.40513  3.72494  3.29354  2.67741  2.69355  4.24690  2.90347  2.73739  3.18146  2.89801  2.37887  2.77519  2.98518  4.58477  3.61503
          0.03171  3.86285  4.58519  0.61958  0.77255  0.48576  0.95510
    112   2.87323  4.85856  2.89668  2.65133  4.02583  3.35974  3.80954  3.65517  2.47280  3.15847  4.18666  3.11096  3.91310  1.25125  2.75714  2.92141  3.17023  3.38546  5.29957  3.99271    112 q - - -
          2.68618  4.42225  2.77519  2.73123  3.46354  2.40513  3.72494  3.29354  2.67741  2.69355  4.24690  2.90347  2.73739  3.18146  2.89801  2.37887  2.77519  2.98518  4.58477  3.61503
          0.03171  3.86285  4.58519  0.61958  0.77255  0.48576  0.95510
    113   2.94412  5.05306  2.48371  1.03913  4.39808  3.26794  3.85397  3.85008  2.73330  3.46877  4.44328  2.92761  3.87208  3.06987  3.14110  2.92753  3.24830  3.53493  5.57147  4.29378    113 e - - -
          2.68618  4.42225  2.77519  2.73123  3.46354  2.40513  3.72494  3.29354  2.67741  2.69355  4.24690  2.90347  2.73739  3.18146  2.89801  2.37887  2.77519  2.98518  4.58477  3.61503
          0.03171  3.86285  4.58519  0.61958  0.77255  0.48576  0.95510
    114   2.39463  4.17049  3.58756  3.20848  3.67872  3.22223  4.12799  2.62686  3.13627  2.65915  3.67675  3.42434  3.85629  3.47640  3.41575  2.09359  2.79308  1.57882  5.20923  3.94679    114 v - - -
          2.68618  4.42225  2.77519  2.73123  3.46354  2.40513  3.72494  3.29354  2.67741  2.69355  4.24690  2.90347  2.73739  3.18146  2.89801  2.37887  2.77519  2.98518  4.58477  3.61503
          0.03171  3.86285  4.58519  0.61958  0.77255  0.48576  0.95510
    115   3.23329  4.72617  3.82408  3.55170  2.29374  3.81896  3.61418  3.24385  3.40950  2.70025  3.91990  3.71167  4.29305  3.71784  3.59516  3.37092  3.51993  3.11396  3.93712  0.98193    115 y - - -
          2.68618  4.42225  2.77519  2.73123  3.46354  2.40513  3.72494  3.29354  2.67741  2.69355  4.24690  2.90347  2.73739  3.18146  2.89801  2.37887  2.77519  2.98518  4.58477  3.61503
          0.03171  3.86285  4.58519  0.61958  0.77255  0.48576  0.95510
    116   2.84064  4.96325  3.08372  2.59606  4.27103  3.47823  3.60181  3.72290  2.04700  3.22370  4.10810  3.04692  3.90536  1.82533  1.93336  2.85556  3.05648  3.41067  5.34509  4.08639    116 q - - -
          2.68618  4.42225  2.77519  2.73123  3.46354  2.40513  3.72494  3.29354  2.67741  2.69355  4.24690  2.90347  2.73739  3.18146  2.89801  2.37887  2.77519  2.98518  4.58477  3.61503
          0.03171  3.86285  4.58519  0.61958  0.77255  0.48576  0.95510
    117   2.48048  4.56156  2.67824  2.49235  4.20356  3.08191  3.83059  3.73626  2.71059  3.36690  4.21966  1.76625  3.72827  3.04405  3.10949  2.02996  2.86749  3.29558  5.50579  4.14549    117 n - - -
          2.68618  4.42225  2.77519  2.73123  3.46354  2.40513  3.72494  3.29354  2.67741  2.69355  4.24690  2.90347  2.73739  3.18146  2.89801  2.37887  2.77519  2.98518  4.58477  3.61503
          0.03171  3.86285  4.58519  0.61958  0.77255  0.48576  0.95510
    118   2.71554  4.71170  2.70313  2.58766  4.07372  3.17758  3.91337  3.78208  2.81628  3.43005  4.38539  1.17520  3.82900  3.18614  3.17058  2.78312  3.09710  3.40526  5.38075  4.02278    118 n - - -
          2.68618  4.42225  2.77519  2.73123  3.46354  2.40513  3.72494  3.29354  2.67741  2.69355  4.24690  2.90347  2.73739  3.18146  2.89801  2.37887  2.77519  2.98518  4.58477  3.61503
          0.03171  3.86285  4.58519  0.61958  0.77255  0.48576  0.95510
    119   2.97935  5.10602  0.93195  2.32909  4.48176  3.20345  3.92270  4.06776  3.00501  3.67782  4.65577  2.88495  3.85557  3.16186  3.51989  2.94283  3.31773  3.70798  5.65223  4.35631    119 d - - -
          2.68618  4.42225  2.77519  2.73123  3.46354  2.40513  3.72494  3.29354  2.67741  2.69355  4.24690  2.90347  2.73739  3.18146  2.89801  2.37887  2.77519  2.98518  4.58477  3.61503
          0.03171  3.86285  4.58519  0.61958  0.77255  0.48576  0.95510
    120   2.31035  4.23059  3.19814  3.01351  4.06673  2.96066  4.12361  3.58806  3.08663  3.30905  4.23597  3.23980  3.69868  3.43671  3.37292  1.10565  2.78977  3.12527  5.43999  4.15021    120 s - - -
          2.68618  4.42225  2.77519  2.73123  3.46354  2.40513  3.72494  3.29354  2.67741  2.69355  4.24690  2.90347  2.73739  3.18146  2.89801  2.37887  2.77519  2.98518  4.58477  3.61503
          0.03171  3.86285  4.58519  0.61958  0.77255  0.48576  0.95510
    121   2.84211  5.09541  2.69357  1.98760  4.44598  3.38222  3.61884  3.84127  1.55364  3.37101  4.22866  2.89880  3.86154  2.76866  2.49897  2.81483  3.07129  3.49984  5.50189  4.20436    121 k - - -
          2.68618  4.42225  2.77519  2.73123  3.46354  2.40513  3.72494  3.29354  2.67741  2.69355  4.24690  2.90347  2.73739  3.18146  2.89801  2.37887  2.77519  2.98518  4.58477  3.61503
          0.03171  3.86285  4.58519  0.61958  0.77255  0.48576  0.95510
    122   2.74179  5.13774  1.75504  2.13093  4.54276  2.51445  3.70229  4.04273  2.66757  3.58062  4.41324  2.15768  3.76127  2.86845  3.21621  2.68724  3.04439  3.62047  5.75210  4.30489    122 d - - -
          2.68618  4.42225  2.77519  2.73123  3.46354  2.40513  3.72494  3.29354  2.67741  2.69355  4.24690  2.90347  2.73739  3.18146  2.89801  2.37887  2.77519  2.98518  4.58477  3.61503
          0.03171  3.86285  4.58519  0.61958  0.77255  0.48576  0.95510
    123   2.80732  5.09793  2.51177  1.91906  4.38199  3.31035  3.64740  3.83705  2.35313  3.36983  4.23788  2.82494  3.82911  1.83415  2.73024  2.77246  3.05796  3.49240  5.53606  4.18152    123 q - - -
          2.68618  4.42225  2.77519  2.73123  3.46354  2.40513  3.72494  3.29354  2.67741  2.69355  4.24690  2.90347  2.73739  3.18146  2.89801  2.37887  2.77519  2.98518  4.58477  3.61503
          0.03171  3.86285  4.58519  0.61958  0.77255  0.48576  0.95510
    124   2.66663  4.77049  2.91330  2.54103  4.24019  3.31169  3.67724  3.65145  1.59439  3.24279  4.10374  2.99470  3.82639  2.84815  2.56624  2.19221  2.95355  3.29707  5.40162  4.11574    124 k - - -
          2.68618  4.42225  2.77519  2.73123  3.46354  2.40513  3.72494  3.29354  2.67741  2.69355  4.24690  2.90347  2.73739  3.18146  2.89801  2.37887  2.77519  2.98518  4.58477  3.61503
          0.03171  3.86285  4.58519  0.61958  0.77255  0.48576  0.95510
    125   2.70866  4.92471  1.69880  2.26350  4.48402  1.84371  3.80858  3.98597  2.80782  3.57252  4.43423  2.79858  3.76865  3.00357  3.32474  2.70379  3.05454  3.55821  5.69592  4.33146    125 d - - -
          2.68618  4.42225  2.77519  2.73123  3.46354  2.40513  3.72494  3.29354  2.67741  2.69355  4.24690  2.90347  2.73739  3.18146  2.89801  2.37887  2.77519  2.98518  4.58477  3.61503
          0.03171  3.86285  4.58519  0.61958  0.77255  0.48576  0.95510
    126   2.41283  4.45746  2.78717  2.57780  4.17629  3.04853  3.86900  3.69302  2.75609  3.33483  4.18321  2.24935  3.70895  3.09102  3.14117  1.60502  2.81775  3.23942  5.48926  4.15156    126 s - - -
          2.68618  4.42225  2.77519  2.73123  3.46354  2.40513  3.72494  3.29354  2.67741  2.69355  4.24690  2.90347  2.73739  3.18146  2.89801  2.37887  2.77519  2.98518  4.58477  3.61503
          0.03171  3.86285  4.58519  0.61958  0.77255  0.48576  0.95510
    127   2.41283  4.45746  2.78717  2.57780  4.17629  3.04853  3.86900  3.69302  2.75609  3.33483  4.18321  2.24935  3.70895  3.09102  3.14117  1.60502  2.81775  3.23942  5.48926  4.15156    127 s - - -
          2.68618  4.42225  2.77519  2.73123  3.46354  2.40513  3.72494  3.29354  2.67741  2.69355  4.24690  2.90347  2.73739  3.18146  2.89801  2.37887  2.77519  2.98518  4.58477  3.61503
          0.03171  3.86285  4.58519  0.61958  0.77255  0.48576  0.95510
    128   2.94412  5.05306  2.48371  1.03913  4.39808  3.26794  3.85397  3.85008  2.73330  3.46877  4.44328  2.92761  3.87208  3.06987  3.14110  2.92753  3.24830  3.53493  5.57147  4.29378    128 e - - -
          2.68618  4.42225  2.77519  2.73123  3.46354  2.40513  3.72494  3.29354  2.67741  2.69355  4.24690  2.90347  2.73739  3.18146  2.89801  2.37887  2.77519  2.98518  4.58477  3.61503
          0.03171  3.86285  4.58519  0.61958  0.77255  0.48576  0.95510
    129   2.68331  4.96009  1.54600  2.20864  4.43428  3.13433  3.75407  3.92904  2.73394  3.52591  4.38126  2.74969  3.75812  2.93846  3.25865  2.10784  3.01735  3.51240  5.69326  4.26576    129 d - - -
          2.68618  4.42225  2.77519  2.73123  3.46354  2.40513  3.72494  3.29354  2.67741  2.69355  4.24690  2.90347  2.73739  3.18146  2.89801  2.37887  2.77519  2.98518  4.58477  3.61503
          0.03171  3.86285  4.58519  0.61958  0.77255  0.48576  0.95510
    130   2.79602  5.12257  2.31943  1.82566  4.44363  3.21758  3.69869  3.93090  2.56229  3.49776  4.35973  1.75340  3.79992  2.87376  3.01919  2.74965  3.08254  3.55498  5.64933  4.24014    130 n - - -
          2.68618  4.42225  2.77519  2.73123  3.46354  2.40513  3.72494  3.29354  2.67741  2.69355  4.24690  2.90347  2.73739  3.18146  2.89801  2.37887  2.77519  2.98518  4.58477  3.61503
          0.03171  3.86285  4.58519  0.61958  0.77255  0.48576  0.95510
    131   2.79231  4.98839  2.77079  2.44434  4.35647  3.36487  3.63235  3.80359  1.55414  3.34386  4.20071  2.31416  3.85504  2.79095  2.49632  2.78970  3.04064  3.45344  5.45211  4.14919    131 k - - -
          2.68618  4.42225  2.77519  2.73123  3.46354  2.40513  3.72494  3.29354  2.67741  2.69355  4.24690  2.90347  2.73739  3.18146  2.89801  2.37887  2.77519  2.98518  4.58477  3.61503
          0.03171  3.86285  4.58519  0.61958  0.77255  0.48576  0.95510
    132   2.41283  4.45746  2.78717  2.57780  4.17629  3.04853  3.86900  3.69302  2.75609  3.33483  4.18321  2.24935  3.70895  3.09102  3.14117  1.60502  2.81775  3.23942  5.48926  4.15156    132 s - - -
          2.68618  4.42225  2.77519  2.73123  3.46354  2.40513  3.72494  3.29354  2.67741  2.69355  4.24690  2.90347  2.73739  3.18146  2.89801  2.37887  2.77519  2.98518  4.58477  3.61503
          0.03171  3.86285  4.58519  0.61958  0.77255  0.48576  0.95510
    133   2.88796  5.39864  1.42448  1.70437  4.68502  3.16708  3.71846  4.18567  2.73494  3.71751  4.58435  2.64419  3.79010  2.89137  3.31688  2.78131  3.17926  3.77892  5.87560  4.39230    133 d - - -
          2.68618  4.42225  2.77519  2.73123  3.46354  2.40513  3.72494  3.29354  2.67741  2.69355  4.24690  2.90347  2.73739  3.18146  2.89801  2.37887  2.77519  2.98518  4.58477  3.61503
          0.03171  3.86285  4.58519  0.61958  0.77255  0.48576  0.95510
    134   2.68331  4.96009  1.54600  2.20864  4.43428  3.13433  3.75407  3.92904  2.73394  3.52591  4.38126  2.74969  3.75812  2.93846  3.25865  2.10784  3.01735  3.51240  5.69326  4.26576    134 d - - -
          2.68618  4.42225  2.77519  2.73123  3.46354  2.40513  3.72494  3.29354  2.67741  2.69355  4.24690  2.90347  2.73739  3.18146  2.89801  2.37887  2.77519  2.98518  4.58477  3.61503
          0.03171  3.86285  4.58519  0.61958  0.77255  0.48576  0.95510
    135   1.95820  4.21568  3.65308  3.17447  3.60682  3.41511  4.09459  2.01710  3.09357  2.47983  3.51735  3.46533  3.95365  3.42281  3.40138  2.77727  2.37601  2.19717  5.16004  3.93597    135 a - - -
          2.68618  4.42225  2.77519  2.73123  3.46354  2.40513  3.72494  3.29354  2.67741  2.69355  4.24690  2.90347  2.73739  3.18146  2.89801  2.37887  2.77519  2.98518  4.58477  3.61503
          0.03171  3.86285  4.58519  0.61958  0.77255  0.48576  0.95510
    136   2.41283  4.45746  2.78717  2.57780  4.17629  3.04853  3.86900  3.69302  2.75609  3.33483  4.18321  2.24935  3.70895  3.09102  3.14117  1.60502  2.81775  3.23942  5.48926  4.15156    136 s - - -
          2.68618  4.42225  2.77519  2.73123  3.46354  2.40513  3.72494  3.29354  2.67741  2.69355  4.24690  2.90347  2.73739  3.18146  2.89801  2.37887  2.77519  2.98518  4.58477  3.61503
          0.03171  3.86285  4.58519  0.61958  0.77255  0.48576  0.95510
    137   2.71270  5.12177  2.16810  1.82239  4.42338  3.27678  3.60686  3.88381  2.39872  3.40838  4.21668  2.75902  3.77362  2.74631  2.36163  2.66551  2.96072  3.49807  5.57328  4.17589    137 e - - -
          2.68618  4.42225  2.77519  2.73123  3.46354  2.40513  3.72494  3.29354  2.67741  2.69355  4.24690  2.90347  2.73739  3.18146  2.89801  2.37887  2.77519  2.98518  4.58477  3.61503
          0.03171  3.86285  4.58519  0.61958  0.77255  0.48576  0.95510
    138   2.31035  4.23059  3.19814  3.01351  4.06673  2.96066  4.12361  3.58806  3.08663  3.30905  4.23597  3.23980  3.69868  3.43671  3.37292  1.10565  2.78977  3.12527  5.43999  4.15021    138 s - - -
          2.68618  4.42225  2.77519  2.73123  3.46354  2.40513  3.72494  3.29354  2.67741  2.69355  4.24690  2.90347  2.73739  3.18146  2.89801  2.37887  2.77519  2.98518  4.58477  3.61503
          0.03171  3.86285  4.58519  0.61958  0.77255  0.48576  0.95510
    139   2.68331  4.96009  1.54600  2.20864  4.43428  3.13433  3.75407  3.92904  2.73394  3.52591  4.38126  2.74969  3.75812  2.93846  3.25865  2.10784  3.01735  3.51240  5.69326  4.26576    139 d - - -
          2.68618  4.42225  2.77519  2.73123  3.46354  2.40513  3.72494  3.29354  2.67741  2.69355  4.24690  2.90347  2.73739  3.18146  2.89801  2.37887  2.77519  2.98518  4.58477  3.61503
          0.03171  3.86285  4.58519  0.61958  0.77255  0.48576  0.95510
    140   2.12732  4.38441  3.40921  3.01449  2.99568  3.45881  3.77629  2.89950  2.94020  2.59296  3.61509  3.34131  3.96332  3.29214  3.23881  2.83441  2.94627  2.68605  4.56988  1.88607    140 y - - -
          2.68618  4.42225  2.77519  2.73123  3.46354  2.40513  3.72494  3.29354  2.67741  2.69355  4.24690  2.90347  2.73739  3.18146  2.89801  2.37887  2.77519  2.98518  4.58477  3.61503
          0.03171  3.86285  4.58519  0.61958  0.77255  0.48576  0.95510
    141   2.40762  4.25266  3.41964  3.17125  3.96046  3.09225  4.18930  3.08643  3.11404  2.95026  4.00143  3.38214  3.79526  3.50935  3.37316  2.60879  1.18832  2.78243  5.39911  4.17711    141 t - - -
          2.68618  4.42225  2.77519  2.73123  3.46354  2.40513  3.72494  3.29354  2.67741  2.69355  4.24690  2.90347  2.73739  3.18146  2.89801  2.37887  2.77519  2.98518  4.58477  3.61503
          0.03171  3.86285  4.58519  0.61958  0.77255  0.48576  0.95510
    142   2.60419  4.28102  3.72551  3.26641  3.54724  3.52928  4.17079  1.92753  3.14236  2.33364  3.46801  3.56208  4.04982  3.50461  3.43113  2.90497  1.87932  2.12996  5.18034  3.93944    142 t - - -
          2.68618  4.42225  2.77519  2.73123  3.46354  2.40513  3.72494  3.29354  2.67741  2.69355  4.24690  2.90347  2.73739  3.18146  2.89801  2.37887  2.77519  2.98518  4.58477  3.61503
          0.03171  3.86285  4.58519  0.61958  0.77255  0.48576  0.95510
    143   2.96170  4.51201  4.03911  3.63189  3.20362  3.82690  4.36926  2.37826  3.40048  1.79978  1.39649  3.91056  4.28748  3.78301  3.60692  3.30979  3.26684  2.38325  5.04313  3.80403    143 m - - -
          2.68618  4.42225  2.77519  2.73123  3.46354  2.40513  3.72494  3.29354  2.67741  2.69355  4.24690  2.90347  2.73739  3.18146  2.89801  2.37887  2.77519  2.98518  4.58477  3.61503
          0.03171  3.86285  4.58519  0.61958  0.77255  0.48576  0.95510
    144   2.95246  4.39635  4.33532  3.84920  3.32234  4.08379  4.58439  1.92496  3.68411  1.61190  3.21329  4.11320  4.46555  3.99851  3.90882  3.46560  3.23231  1.32407  5.21689  3.97590    144 v - - -
          2.68618  4.42225  2.77519  2.73123  3.46354  2.40513  3.72494  3.29354  2.67741  2.69355  4.24690  2.90347  2.73739  3.18146  2.89801  2.37887  2.77519  2.98518  4.58477  3.61503
          0.03171  3.86285  4.58519  0.61958  0.77255  0.48576  0.95510
    145   2.95246  4.39635  4.33532  3.84920  3.32234  4.08379  4.58439  1.92496  3.68411  1.61190  3.21329  4.11320  4.46555  3.99851  3.90882  3.46560  3.23231  1.32407  5.21689  3.97590    145 v - - -
          2.68618  4.42225  2.77519  2.73123  3.46354  2.40513  3.72494  3.29354  2.67741  2.69355  4.24690  2.90347  2.73739  3.18146  2.89801  2.37887  2.77519  2.98518  4.58477  3.61503
          0.03171  3.86285  4.58519  0.61958  0.77255  0.48576  0.95510
    146   3.14453  4.60968  4.17403  3.81389  3.13213  3.96988  4.47264  2.33572  3.58173  0.88713  3.15818  4.09029  4.40693  3.95236  3.75935  3.53970  3.43924  2.37054  5.00787  3.72895    146 l - - -
          2.68618  4.42225  2.77519  2.73123  3.46354  2.40513  3.72494  3.29354  2.67741  2.69355  4.24690  2.90347  2.73739  3.18146  2.89801  2.37887  2.77519  2.98518  4.58477  3.61503
          0.03171  3.86285  4.58519  0.61958  0.77255  0.48576  0.95510
    147   1.02772  4.18734  3.45291  3.24382  4.04288  3.01212  4.26699  3.16695  3.25983  3.04900  4.08193  3.39584  3.75044  3.60189  3.51099  2.53774  2.81443  2.82302  5.47099  4.27019    147 a - - -
          2.68618  4.42225  2.77519  2.73123  3.46354  2.40513  3.72494  3.29354  2.67741  2.69355  4.24690  2.90347  2.73739  3.18146  2.89801  2.37887  2.77519  2.98518  4.58477  3.61503
          0.03171  3.86285  4.58519  0.61958  0.77255  0.48576  0.95510
    148   2.96170  4.51201  4.03911  3.63189  3.20362  3.82690  4.36926  2.37826  3.40048  1.79978  1.39649  3.91056  4.28748  3.78301  3.60692  3.30979  3.26684  2.38325  5.04313  3.80403    148 m - - -
          2.68618  4.42225  2.77519  2.73123  3.46354  2.40513  3.72494  3.29354  2.67741  2.69355  4.24690  2.90347  2.73739  3.18146  2.89801  2.37887  2.77519  2.98518  4.58477  3.61503
          0.03171  3.86285  4.58519  0.61958  0.77255  0.48576  0.95510
    149   2.80050  4.34583  4.11196  3.77484  3.54311  3.71388  4.57824  2.05092  3.64248  2.23184  3.50976  3.96621  4.27496  4.00300  3.85590  3.21685  3.16231  1.03711  5.32590  4.05690    149 v - - -
          2.68618  4.42225  2.77519  2.73123  3.46354  2.40513  3.72494  3.29354  2.67741  2.69355  4.24690  2.90347  2.73739  3.18146  2.89801  2.37887  2.77519  2.98518  4.58477  3.61503
          0.03171  3.86285  4.58519  0.61958  0.77255  0.48576  0.95510
    150   2.80050  4.34583  4.11196  3.77484  3.54311  3.71388  4.57824  2.05092  3.64248  2.23184  3.50976  3.96621  4.27496  4.00300  3.85590  3.21685  3.16231  1.03711  5.32590  4.05690    150 v - - -
          2.68618  4.42225  2.77519  2.73123  3.46354  2.40513  3.72494  3.29354  2.67741  2.69355  4.24690  2.90347  2.73739  3.18146  2.89801  2.37887  2.77519  2.98518  4.58477  3.61503
          0.03171  3.86285  4.58519  0.61958  0.77255  0.48576  0.95510
    151   2.15981  2.77816  3.67669  3.29687  3.91739  2.92625  4.17192  3.24337  3.20421  3.03899  3.93008  3.35728  3.65763  3.51404  3.46168  1.38522  2.63412  2.82597  5.34211  4.11854    151 s - - -
          2.68618  4.42225  2.77519  2.73123  3.46354  2.40513  3.72494  3.29354  2.67741  2.69355  4.24690  2.90347  2.73739  3.18146  2.89801  2.37887  2.77519  2.98518  4.58477  3.61503
          0.03171  3.86285  4.58519  0.61958  0.77255  0.48576  0.95510
    152   2.31035  4.23059  3.19814  3.01351  4.06673  2.96066  4.12361  3.58806  3.08663  3.30905  4.23597  3.23980  3.69868  3.43671  3.37292  1.10565  2.78977  3.12527  5.43999  4.15021    152 s - - -
          2.68618  4.42225  2.77519  2.73123  3.46354  2.40513  3.72494  3.29354  2.67741  2.69355  4.24690  2.90347  2.73739  3.18146  2.89801  2.37887  2.77519  2.98518  4.58477  3.61503
          0.03171  3.86285  4.58519  0.61958  0.77255  0.48576  0.95510
    153   3.14453  4.60968  4.17403  3.81389  3.13213  3.96988  4.47264  2.33572  3.58173  0.88713  3.15818  4.09029  4.40693  3.95236  3.75935  3.53970  3.43924  2.37054  5.00787  3.72895    153 l - - -
          2.68618  4.42225  2.77519  2.73123  3.46354  2.40513  3.72494  3.29354  2.67741  2.69355  4.24690  2.90347  2.73739  3.18146  2.89801  2.37887  2.77519  2.98518  4.58477  3.61503
          0.03171  3.86285  4.58519  0.61958  0.77255  0.48576  0.95510
    154   2.96340  4.92670  3.13875  2.76207  4.31093  3.45385  3.75400  3.73961  1.05151  3.30682  4.26883  3.18695  3.95490  2.94606  2.42999  3.00605  3.21741  3.44796  5.36957  4.18098    154 k - - -
          2.68618  4.42225  2.77519  2.73123  3.46354  2.40513  3.72494  3.29354  2.67741  2.69355  4.24690  2.90347  2.73739  3.18146  2.89801  2.37887  2.77519  2.98518  4.58477  3.61503
          0.03171  3.86285  4.58519  0.61958  0.77255  0.48576  0.95510
    155   2.94412  5.05306  2.48371  1.03913  4.39808  3.26794  3.85397  3.85008  2.73330  3.46877  4.44328  2.92761  3.87208  3.06987  3.14110  2.92753  3.24830  3.53493  5.57147  4.29378    155 e - - -
          2.68618  4.42225  2.77519  2.73123  3.46354  2.40513  3.72494  3.29354  2.67741  2.69355  4.24690  2.90347  2.73739  3.18146  2.89801  2.37887  2.77519  2.98518  4.58477  3.61503
          0.03171  3.86285  4.58519  0.61958  0.77255  0.48576  0.95510
    156   2.97935  5.10602  0.93195  2.32909  4.48176  3.20345  3.92270  4.06776  3.00501  3.67782  4.65577  2.88495  3.85557  3.16186  3.51989  2.94283  3.31773  3.70798  5.65223  4.35631    156 d - - -
          2.68618  4.42225  2.77519  2.73123  3.46354  2.40513  3.72494  3.29354  2.67741  2.69355  4.24690  2.90347  2.73739  3.18146  2.89801  2.37887  2.77519  2.98518  4.58477  3.61503
          0.03171  3.86285  4.58519  0.61958  0.77255  0.48576  0.95510
    157   3.24619  4.65079  4.22551  3.93822  1.02759  3.93813  3.87310  2.77111  3.84550  2.14340  3.50272  4.00837  4.39696  4.01614  3.96760  3.51659  3.54733  2.76109  4.12510  2.49335    157 f - - -
          2.68618  4.42225  2.77519  2.73123  3.46354  2.40513  3.72494  3.29354  2.67741  2.69355  4.24690  2.90347  2.73739  3.18146  2.89801  2.37887  2.77519  2.98518  4.58477  3.61503
          0.03171  3.86285  4.58519  0.61958  0.77255  0.48576  0.95510
    158   2.40762  4.25266  3.41964  3.17125  3.96046  3.09225  4.18930  3.08643  3.11404  2.95026  4.00143  3.38214  3.79526  3.50935  3.37316  2.60879  1.18832  2.78243  5.39911  4.17711    158 t - - -
          2.68618  4.42225  2.77519  2.73123  3.46354  2.40513  3.72494  3.29354  2.67741  2.69355  4.24690  2.90347  2.73739  3.18146  2.89801  2.37887  2.77519  2.98518  4.58477  3.61503
          0.03171  3.86285  4.58519  0.61958  0.77255  0.48576  0.95510
    159   2.65308  4.42941  3.32489  3.22310  4.36546  0.74411  4.34391  3.96279  3.40306  3.61812  4.59382  3.48920  3.82024  3.72799  3.64011  2.82473  3.13357  3.49297  5.46310  4.46706    159 g - - -
          2.68618  4.42225  2.77519  2.73123  3.46354  2.40513  3.72494  3.29354  2.67741  2.69355  4.24690  2.90347  2.73739  3.18146  2.89801  2.37887  2.77519  2.98518  4.58477  3.61503
          0.03171  3.86285  4.58519  0.61958  0.77255  0.48576  0.95510
    160   2.73954  4.45127  3.45962  3.00182  3.42941  3.63050  3.93743  1.78486  2.78922  2.26216  3.40715  3.39819  4.05242  2.52467  3.07849  2.97377  2.99469  2.41510  5.02160  3.74657    160 i - - -
          2.68618  4.42225  2.77519  2.73123  3.46354  2.40513  3.72494  3.29354  2.67741  2.69355  4.24690  2.90347  2.73739  3.18146  2.89801  2.37887  2.77519  2.98518  4.58477  3.61503
          0.03171  3.86285  4.58519  0.61958  0.77255  0.48576  0.95510
    161   2.96340  4.92670  3.13875  2.76207  4.31093  3.45385  3.75400  3.73961  1.05151  3.30682  4.26883  3.18695  3.95490  2.94606  2.42999  3.00605  3.21741  3.44796  5.36957  4.18098    161 k - - -
          2.68618  4.42225  2.77519  2.73123  3.46354  2.40513  3.72494  3.29354  2.67741  2.69355  4.24690  2.90347  2.73739  3.18146  2.89801  2.37887  2.77519  2.98518  4.58477  3.61503
          0.03171  3.86285  4.58519  0.61958  0.77255  0.48576  0.95510
    162   3.00082  4.37242  4.55159  4.06020  3.43423  4.24930  4.80146  1.28991  3.93050  1.94800  3.26494  4.30589  4.59583  4.21520  4.14690  3.63312  3.27425  1.42357  5.37876  4.16724    162 i - - -
          2.68618  4.42225  2.77519  2.73123  3.46354  2.40513  3.72494  3.29354  2.67741  2.69355  4.24690  2.90347  2.73739  3.18146  2.89801  2.37887  2.77519  2.98518  4.58477  3.61503
          0.03171  3.86285  4.58519  0.61958  0.77255  0.48576  0.95510
    163   2.86660  5.36183  1.76995  1.42480  4.65043  3.17826  3.70675  4.14406  2.69595  3.67730  4.53612  2.65677  3.78818  2.87581  3.26173  2.76782  3.15260  3.74097  5.83668  4.36555    163 e - - -
          2.68618  4.42225  2.77519  2.73123  3.46354  2.40513  3.72494  3.29354  2.67741  2.69355  4.24690  2.90347  2.73739  3.18146  2.89801  2.37887  2.77519  2.98518  4.58477  3.61503
          0.03171  3.86285  4.58519  0.61958  0.77255  0.48576  0.95510
    164   2.73886  4.49776  3.34500  3.18268  4.17861  3.18582  4.26090  3.72159  3.23916  3.34946  4.39892  3.49033  0.84571  3.62824  3.48575  2.90606  3.17968  3.36805  5.36777  4.29916    164 p - - -
          2.68618  4.42225  2.77519  2.73123  3.46354  2.40513  3.72494  3.29354  2.67741  2.69355  4.24690  2.90347  2.73739  3.18146  2.89801  2.37887  2.77519  2.98518  4.58477  3.61503
          0.03171  3.86285  4.58519  0.61958  0.77255  0.48576  0.95510
    165   3.14453  4.60968  4.17403  3.81389  3.13213  3.96988  4.47264  2.33572  3.58173  0.88713  3.15818  4.09029  4.40693  3.95236  3.75935  3.53970  3.43924  2.37054  5.00787  3.72895    165 l - - -
          2.68618  4.42225  2.77519  2.73123  3.46354  2.40513  3.72494  3.29354  2.67741  2.69355  4.24690  2.90347  2.73739  3.18146  2.89801  2.37887  2.77519  2.98518  4.58477  3.61503
          0.03171  3.86285  4.58519  0.61958  0.77255  0.48576  0.95510
    166   2.97935  5.10602  0.93195  2.32909  4.48176  3.20345  3.92270  4.06776  3.00501  3.67782  4.65577  2.88495  3.85557  3.16186  3.51989  2.94283  3.31773  3.70798  5.65223  4.35631    166 d - - -
          2.68618  4.42225  2.77519  2.73123  3.46354  2.40513  3.72494  3.29354  2.67741  2.69355  4.24690  2.90347  2.73739  3.18146  2.89801  2.37887  2.77519  2.98518  4.58477  3.61503
          0.03171  3.86285  4.58519  0.61958  0.77255  0.48576  0.95510
    167   2.80050  4.34583  4.11196  3.77484  3.54311  3.71388  4.57824  2.05092  3.64248  2.23184  3.50976  3.96621  4.27496  4.00300  3.85590  3.21685  3.16231  1.03711  5.32590  4.05690    167 v - - -
          2.68618  4.42225  2.77519  2.73123  3.46354  2.40513  3.72494  3.29354  2.67741  2.69355  4.24690  2.90347  2.73739  3.18146  2.89801  2.37887  2.77519  2.98518  4.58477  3.61503
          0.03171  3.86285  4.58519  0.61958  0.77255  0.48576  0.95510
    168   3.14453  4.60968  4.17403  3.81389  3.13213  3.96988  4.47264  2.33572  3.58173  0.88713  3.15818  4.09029  4.40693  3.95236  3.75935  3.53970  3.43924  2.37054  5.00787  3.72895    168 l - - -
          2.68618  4.42225  2.77519  2.73123  3.46354  2.40513  3.72494  3.29354  2.67741  2.69355  4.24690  2.90347  2.73739  3.18146  2.89801  2.37887  2.77519  2.98518  4.58477  3.61503
          0.03171  3.86285  4.58519  0.61958  0.77255  0.48576  0.95510
    169   2.96340  4.92670  3.13875  2.76207  4.31093  3.45385  3.75400  3.73961  1.05151  3.30682  4.26883  3.18695  3.95490  2.94606  2.42999  3.00605  3.21741  3.44796  5.36957  4.18098    169 k - - -
          2.68618  4.42225  2.77519  2.73123  3.46354  2.40513  3.72494  3.29354  2.67741  2.69355  4.24690  2.90347  2.73739  3.18146  2.89801  2.37887  2.77519  2.98518  4.58477  3.61503
          0.03171  3.86285  4.58519  0.61958  0.77255  0.48576  0.95510
    170   3.02362  4.44509  4.32192  3.93739  3.36776  4.05607  4.66733  1.08990  3.76534  1.95582  3.30467  4.18408  4.48825  4.11465  3.96301  3.55048  3.32297  1.84577  5.25656  3.99400    170 i - - -
          2.68618  4.42225  2.77519  2.73123  3.46354  2.40513  3.72494  3.29354  2.67741  2.69355  4.24690  2.90347  2.73739  3.18146  2.89801  2.37887  2.77519  2.98518  4.58477  3.61503
          0.03171  3.86285  4.58519  0.61958  0.77255  0.48576  0.95510
    171   2.96186  5.03474  3.35745  2.73898  4.44874  3.58151  3.57823  3.81210  1.60860  3.29249  4.17465  3.14252  3.96939  2.72396  1.47758  2.97432  3.14368  3.50516  5.36347  4.18308    171 r - - -
          2.68618  4.42225  2.77519  2.73123  3.46354  2.40513  3.72494  3.29354  2.67741  2.69355  4.24690  2.90347  2.73739  3.18146  2.89801  2.37887  2.77519  2.98518  4.58477  3.61503
          0.03171  3.86285  4.58519  0.61958  0.77255  0.48576  0.95510
    172   3.12755  4.49880  4.55472  4.03615  3.15401  4.33842  4.69028  1.56656  3.85818  1.24484  3.00767  4.31646  4.60677  4.11112  4.04638  3.70526  3.37240  1.93846  5.15716  3.96887    172 l - - -
          2.68618  4.42225  2.77519  2.73123  3.46354  2.40513  3.72494  3.29354  2.67741  2.69355  4.24690  2.90347  2.73739  3.18146  2.89801  2.37887  2.77519  2.98518  4.58477  3.61503
          0.03171  3.86285  4.58519  0.61958  0.77255  0.48576  0.95510
    173   2.40762  4.25266  3.41964  3.17125  3.96046  3.09225  4.18930  3.08643  3.11404  2.95026  4.00143  3.38214  3.79526  3.50935  3.37316  2.60879  1.18832  2.78243  5.39911  4.17711    173 t - - -
          2.68618  4.42225  2.77519  2.73123  3.46354  2.40513  3.72494  3.29354  2.67741  2.69355  4.24690  2.90347  2.73739  3.18146  2.89801  2.37887  2.77519  2.98518  4.58477  3.61503
          0.03171  3.86285  4.58519  0.61958  0.77255  0.48576  0.95510
    174   2.97935  5.10602  0.93195  2.32909  4.48176  3.20345  3.92270  4.06776  3.00501  3.67782  4.65577  2.88495  3.85557  3.16186  3.51989  2.94283  3.31773  3.70798  5.65223  4.35631    174 d - - -
          2.68618  4.42225  2.77519  2.73123  3.46354  2.40513  3.72494  3.29354  2.67741  2.69355  4.24690  2.90347  2.73739  3.18146  2.89801  2.37887  2.77519  2.98518  4.58477  3.61503
          0.03171  3.86285  4.58519  0.61958  0.77255  0.48576  0.95510
    175   3.23329  4.72617  3.82408  3.55170  2.29374  3.81896  3.61418  3.24385  3.40950  2.70025  3.91990  3.71167  4.29305  3.71784  3.59516  3.37092  3.51993  3.11396  3.93712  0.98193    175 y - - -
          2.68618  4.42225  2.77519  2.73123  3.46354  2.40513  3.72494  3.29354  2.67741  2.69355  4.24690  2.90347  2.73739  3.18146  2.89801  2.37887  2.77519  2.98518  4.58477  3.61503
          0.03171  3.86285  4.58519  0.61958  0.77255  0.48576  0.95510
    176   2.57683  4.36699  3.34220  2.90747  3.27448  3.41027  3.80269  2.88659  2.81321  2.60429  3.59328  3.27024  3.90747  3.18910  3.13179  2.76395  1.89772  2.66130  4.79788  2.56512    176 t - - -
          2.68618  4.42225  2.77519  2.73123  3.46354  2.40513  3.72494  3.29354  2.67741  2.69355  4.24690  2.90347  2.73739  3.18146  2.89801  2.37887  2.77519  2.98518  4.58477  3.61503
          0.03171  3.86285  4.58519  0.61958  0.77255  0.48576  0.95510
    177   2.79231  4.98839  2.77079  2.44434  4.35647  3.36487  3.63235  3.80359  1.55414  3.34386  4.20071  2.31416  3.85504  2.79095  2.49632  2.78970  3.04064  3.45344  5.45211  4.14919    177 k - - -
          2.68618  4.42225  2.77519  2.73123  3.46354  2.40513  3.72494  3.29354  2.67741  2.69355  4.24690  2.90347  2.73739  3.18146  2.89801  2.37887  2.77519  2.98518  4.58477  3.61503
          0.03171  3.86285  4.58519  0.61958  0.77255  0.48576  0.95510
    178   3.08154  4.73595  3.56618  3.17330  2.26687  3.81024  2.42356  3.34117  3.01017  2.80698  3.88734  3.44714  4.20743  3.36855  3.27705  3.16323  3.31638  3.15051  3.89942  1.44944    178 y - - -
          2.68618  4.42225  2.77519  2.73123  3.46354  2.40513  3.72494  3.29354  2.67741  2.69355  4.24690  2.90347  2.73739  3.18146  2.89801  2.37887  2.77519  2.98518  4.58477  3.61503
          0.03171  3.86285  4.58519  0.61958  0.77255  0.48576  0.95510
    179   2.94412  5.05306  2.48371  1.03913  4.39808  3.26794  3.85397  3.85008  2.73330  3.46877  4.44328  2.92761  3.87208  3.06987  3.14110  2.92753  3.24830  3.53493  5.57147  4.29378    179 e - - -
          2.68618  4.42225  2.77519  2.73123  3.46354  2.40513  3.72494  3.29354  2.67741  2.69355  4.24690  2.90347  2.73739  3.18146  2.89801  2.37887  2.77519  2.98518  4.58477  3.61503
          0.03171  3.86285  4.58519  0.61958  0.77255  0.48576  0.95510
    180   2.74528  4.97333  2.40516  1.47796  4.42647  2.32156  3.75231  3.87871  2.64331  3.46866  4.33356  2.80959  3.79191  2.93616  3.10175  2.73282  3.05520  3.49531  5.62476  4.27184    180 e - - -
          2.68618  4.42225  2.77519  2.73123  3.46354  2.40513  3.72494  3.29354  2.67741  2.69355  4.24690  2.90347  2.73739  3.18146  2.89801  2.37887  2.77519  2.98518  4.58477  3.61503
          0.03171  3.86285  4.58519  0.61958  0.77255  0.48576  0.95510
    181   2.58772  4.32583  3.58969  3.15129  3.52578  3.45113  4.07490  2.52414  2.99634  1.94197  3.49273  3.46266  3.98734  3.39502  3.28398  2.83863  1.84357  2.35693  5.13495  3.87064    181 t - - -
          2.68618  4.42225  2.77519  2.73123  3.46354  2.40513  3.72494  3.29354  2.67741  2.69355  4.24690  2.90347  2.73739  3.18146  2.89801  2.37887  2.77519  2.98518  4.58477  3.61503
          0.03171  3.86285  4.58519  0.61958  0.77255  0.48576  0.95510
    182   3.24619  4.65079  4.22551  3.93822  1.02759  3.93813  3.87310  2.77111  3.84550  2.14340  3.50272  4.00837  4.39696  4.01614  3.96760  3.51659  3.54733  2.76109  4.12510  2.49335    182 f - - -
          2.68618  4.42225  2.77519  2.73123  3.46354  2.40513  3.72494  3.29354  2.67741  2.69355  4.24690  2.90347  2.73739  3.18146  2.89801  2.37887  2.77519  2.98518  4.58477  3.61503
          0.03171  3.86285  4.58519  0.61958  0.77255  0.48576  0.95510
    183   2.96340  4.92670  3.13875  2.76207  4.31093  3.45385  3.75400  3.73961  1.05151  3.30682  4.26883  3.18695  3.95490  2.94606  2.42999  3.00605  3.21741  3.44796  5.36957  4.18098    183 k - - -
          2.68618  4.42225  2.77519  2.73123  3.46354  2.40513  3.72494  3.29354  2.67741  2.69355  4.24690  2.90347  2.73739  3.18146  2.89801  2.37887  2.77519  2.98518  4.58477  3.61503
          0.03171  3.86285  4.58519  0.61958  0.77255  0.48576  0.95510
    184   2.84211  5.09541  2.69357  1.98760  4.44598  3.38222  3.61884  3.84127  1.55364  3.37101  4.22866  2.89880  3.86154  2.76866  2.49897  2.81483  3.07129  3.49984  5.50189  4.20436    184 k - - -
          2.68618  4.42225  2.77519  2.73123  3.46354  2.40513  3.72494  3.29354  2.67741  2.69355  4.24690  2.90347  2.73739  3.18146  2.89801  2.37887  2.77519  2.98518  4.58477  3.61503
          0.03171  3.86285  4.58519  0.61958  0.77255  0.48576  0.95510
    185   3.10202  4.46805  4.55076  4.04135  3.21588  4.32672  4.70853  1.36217  3.86320  1.46213  3.07764  4.31467  4.61107  4.13568  4.05758  3.69993  3.35236  1.84608  5.19974  3.99104    185 i - - -
          2.68618  4.42225  2.77519  2.73123  3.46354  2.40513  3.72494  3.29354  2.67741  2.69355  4.24690  2.90347  2.73739  3.18146  2.89801  2.37887  2.77519  2.98518  4.58477  3.61503
          0.03171  3.86285  4.58519  0.61958  0.77255  0.48576  0.95510
    186   3.04511  4.42669  4.48423  3.97544  2.29959  4.20795  4.40990  1.45241  3.85386  1.71428  3.06187  4.18884  4.50870  4.04313  4.02594  3.56189  3.29104  2.01222  4.81443  3.44201    186 i - - -
          2.68618  4.42225  2.77519  2.73123  3.46354  2.40513  3.72494  3.29354  2.67741  2.69355  4.24690  2.90347  2.73739  3.18146  2.89801  2.37887  2.77519  2.98518  4.58477  3.61503
          0.03171  3.86285  4.58519  0.61958  0.77255  0.48576  0.95510
    187   2.88796  5.39864  1.42448  1.70437  4.68502  3.16708  3.71846  4.18567  2.73494  3.71751  4.58435  2.64419  3.79010  2.89137  3.31688  2.78131  3.17926  3.77892  5.87560  4.39230    187 d - - -
          2.68618  4.42225  2.77519  2.73123  3.46354  2.40513  3.72494  3.29354  2.67741  2.69355  4.24690  2.90347  2.73739  3.18146  2.89801  2.37887  2.77519  2.98518  4.58477  3.61503
          0.03171  3.86285  4.58519  0.61958  0.77255  0.48576  0.95510
    188   2.73496  4.88450  3.06445  2.54494  4.26957  3.43351  3.59106  3.66312  1.73703  3.20510  4.04596  3.00705  3.85763  2.73928  2.09366  2.28800  2.96268  3.32873  5.35394  4.09325    188 k - - -
          2.68618  4.42225  2.77519  2.73123  3.46354  2.40513  3.72494  3.29354  2.67741  2.69355  4.24690  2.90347  2.73739  3.18146  2.89801  2.37887  2.77519  2.98518  4.58477  3.61503
          0.03171  3.86285  4.58519  0.61958  0.77255  0.48576  0.95510
    189   2.44826  4.20694  3.67437  3.25967  3.70426  3.29946  4.18772  2.48270  3.15686  2.54412  3.62856  3.48680  3.91580  3.50966  3.44156  2.71074  1.76860  1.86436  5.28359  4.04846    189 t - - -
          2.68618  4.42225  2.77519  2.73123  3.46354  2.40513  3.72494  3.29354  2.67741  2.69355  4.24690  2.90347  2.73739  3.18146  2.89801  2.37887  2.77519  2.98518  4.58477  3.61503
          0.03171  3.86285  4.58519  0.61958  0.77255  0.48576  0.95510
    190   2.71554  4.71170  2.70313  2.58766  4.07372  3.17758  3.91337  3.78208  2.81628  3.43005  4.38539  1.17520  3.82900  3.18614  3.17058  2.78312  3.09710  3.40526  5.38075  4.02278    190 n - - -
          2.68618  4.42225  2.77519  2.73123  3.46354  2.40513  3.72494  3.29354  2.67741  2.69355  4.24690  2.90347  2.73739  3.18146  2.89801  2.37887  2.77519  2.98518  4.58477  3.61503
          0.03171  3.86285  4.58519  0.61958  0.77255  0.48576  0.95510
    191   2.80738  5.16843  2.29219  1.50470  4.48232  3.21543  3.69285  3.96915  2.56523  3.52632  4.38471  2.16563  3.79782  2.86414  3.03418  2.75067  3.09057  3.58832  5.67812  4.25954    191 e - - -
          2.68618  4.42225  2.77519  2.73123  3.46354  2.40513  3.72494  3.29354  2.67741  2.69355  4.24690  2.90347  2.73739  3.18146  2.89801  2.37887  2.77519  2.98518  4.58477  3.61503
          0.03171  3.86285  4.58519  0.61958  0.77255  0.48576  0.95510
    192   2.96340  4.92670  3.13875  2.76207  4.31093  3.45385  3.75400  3.73961  1.05151  3.30682  4.26883  3.18695  3.95490  2.94606  2.42999  3.00605  3.21741  3.44796  5.36957  4.18098    192 k - - -
          2.68618  4.42225  2.77519  2.73123  3.46354  2.40513  3.72494  3.29354  2.67741  2.69355  4.24690  2.90347  2.73739  3.18146  2.89801  2.37887  2.77519  2.98518  4.58477  3.61503
          0.03171  3.86285  4.58519  0.61958  0.77255  0.48576  0.95510
    193   3.14453  4.60968  4.17403  3.81389  3.13213  3.96988  4.47264  2.33572  3.58173  0.88713  3.15818  4.09029  4.40693  3.95236  3.75935  3.53970  3.43924  2.37054  5.00787  3.72895    193 l - - -
          2.68618  4.42225  2.77519  2.73123  3.46354  2.40513  3.72494  3.29354  2.67741  2.69355  4.24690  2.90347  2.73739  3.18146  2.89801  2.37887  2.77519  2.98518  4.58477  3.61503
          0.03171  3.86285  4.58519  0.61958  0.77255  0.48576  0.95510
    194   2.65308  4.42941  3.32489  3.22310  4.36546  0.74411  4.34391  3.96279  3.40306  3.61812  4.59382  3.48920  3.82024  3.72799  3.64011  2.82473  3.13357  3.49297  5.46310  4.46706    194 g - - -
          2.68618  4.42225  2.77519  2.73123  3.46354  2.40513  3.72494  3.29354  2.67741  2.69355  4.24690  2.90347  2.73739  3.18146  2.89801  2.37887  2.77519  2.98518  4.58477  3.61503
          0.03171  3.86285  4.58519  0.61958  0.77255  0.48576  0.95510
    195   2.80050  4.34583  4.11196  3.77484  3.54311  3.71388  4.57824  2.05092  3.64248  2.23184  3.50976  3.96621  4.27496  4.00300  3.85590  3.21685  3.16231  1.03711  5.32590  4.05690    195 v - - -
          2.68618  4.42225  2.77519  2.73123  3.46354  2.40513  3.72494  3.29354  2.67741  2.69355  4.24690  2.90347  2.73739  3.18146  2.89801  2.37887  2.77519  2.98518  4.58477  3.61503
          0.03171  3.86285  4.58519  0.61958  0.77255  0.48576  0.95510
    196   2.82457  5.13186  2.49157  1.54398  4.45372  3.30816  3.64921  3.87176  2.01629  3.41936  4.27845  2.81750  3.83097  2.80677  2.72260  2.78256  3.07417  3.52001  5.57408  4.22643    196 e - - -
          2.68618  4.42225  2.77519  2.73123  3.46354  2.40513  3.72494  3.29354  2.67741  2.69355  4.24690  2.90347  2.73739  3.18146  2.89801  2.37887  2.77519  2.98518  4.58477  3.61503
          0.03171  3.86285  4.58519  0.61958  0.77255  0.48576  0.95510
    197   3.00082  4.37242  4.55159  4.06020  3.43423  4.24930  4.80146  1.28991  3.93050  1.94800  3.26494  4.30589  4.59583  4.21520  4.14690  3.63312  3.27425  1.42357  5.37876  4.16724    197 i - - -
          2.68618  4.42225  2.77519  2.73123  3.46354  2.40513  3.72494  3.29354  2.67741  2.69355  4.24690  2.90347  2.73739  3.18146  2.89801  2.37887  2.77519  2.98518  4.58477  3.61503
          0.02145  3.85259        *  0.61958  0.77255  0.00000        *
//
