HMMER3/f [3.2.1 | June 2018]
NAME  ABI_rexB
LENG  143
ALPH  amino
RF    no
MM    no
CONS  yes
CS    no
MAP   yes
DATE  Fri Jun 18 18:43:40 2021
NSEQ  18
EFFN  0.953613
CKSUM 2681556739
STATS LOCAL MSV      -10.1700  0.71022
STATS LOCAL VITERBI  -10.6474  0.71022
STATS LOCAL FORWARD   -4.1777  0.71022
HMM          A        C        D        E        F        G        H        I        K        L        M        N        P        Q        R        S        T        V        W        Y   
            m->m     m->i     m->d     i->m     i->i     d->m     d->d
  COMPO   2.45246  4.31589  3.54868  3.13562  2.97480  2.95883  3.92242  2.38304  2.97868  2.03697  3.23056  3.35567  3.72523  3.35938  3.28660  2.65291  2.83158  2.43577  5.03083  3.27151
          2.68618  4.42225  2.77519  2.73123  3.46354  2.40513  3.72494  3.29354  2.67741  2.69355  4.24690  2.90347  2.73739  3.18146  2.89801  2.37887  2.77519  2.98518  4.58477  3.61503
          0.09425  4.16427  2.59821  0.61958  0.77255  0.00000        *
      1   3.15903  4.67561  4.29636  3.91234  3.32546  4.00466  4.59609  2.52425  3.66663  1.89133  1.00735  4.16061  4.47135  4.03657  3.84463  3.52876  3.47129  2.55512  5.19263  3.97149      1 m - - -
          2.68622  4.42229  2.77524  2.73127  3.46358  2.40517  3.72499  3.29358  2.67711  2.69359  4.24694  2.90351  2.73744  3.18141  2.89797  2.37885  2.77514  2.98522  4.58481  3.61507
          0.59735  1.29592  1.73678  0.20529  1.68422  0.56433  0.84104
      2   2.62089  4.70576  3.06638  2.41461  3.92319  3.44092  3.60734  3.32844  2.22816  2.60880  3.78700  2.75726  3.82793  2.78096  2.30531  2.68055  2.84341  3.03517  5.18824  3.32144      3 k - - -
          2.68618  4.42225  2.77519  2.73123  3.46354  2.40513  3.72494  3.29354  2.67741  2.69355  4.24690  2.90347  2.73739  3.18146  2.89801  2.37887  2.77519  2.98518  4.58477  3.61503
          0.03019  3.91115  4.63350  0.61958  0.77255  0.55477  0.85379
      3   2.60517  4.63220  3.10737  2.55310  3.76062  3.46137  2.57917  2.91905  2.32485  2.72034  3.71751  2.69048  3.84908  2.85663  2.87452  2.68871  2.83379  2.94486  5.10496  3.41404      4 k - - -
          2.68618  4.42225  2.77519  2.73123  3.46354  2.40513  3.72494  3.29354  2.67741  2.69355  4.24690  2.90347  2.73739  3.18146  2.89801  2.37887  2.77519  2.98518  4.58477  3.61503
          0.02686  4.02642  4.74876  0.61958  0.77255  0.51593  0.90868
      4   3.11832  5.22422  3.50407  2.85459  4.69043  3.71300  3.66604  4.04155  1.05898  3.47612  4.35265  3.25298  4.08899  2.80209  1.85702  3.11188  3.28561  3.72251  5.50620  4.34418      5 k - - -
          2.68618  4.42225  2.77519  2.73123  3.46354  2.40513  3.72494  3.29354  2.67741  2.69355  4.24690  2.90347  2.73739  3.18146  2.89801  2.37887  2.77519  2.98518  4.58477  3.61503
          0.02505  4.09507  4.81742  0.61958  0.77255  0.56433  0.84104
      5   2.41672  4.09584  3.98974  3.41290  3.20538  3.68185  4.00673  1.86758  3.29560  2.26082  3.21022  3.64773  4.06234  3.53873  3.50289  2.64493  2.83511  1.99201  3.70355  3.52581      6 i - - -
          2.68618  4.42225  2.77519  2.73123  3.46354  2.40513  3.72494  3.29354  2.67741  2.69355  4.24690  2.90347  2.73739  3.18146  2.89801  2.37887  2.77519  2.98518  4.58477  3.61503
          0.02505  4.09507  4.81742  0.61958  0.77255  0.51474  0.91045
      6   2.34433  4.14646  4.13266  3.55281  2.69226  3.80100  4.12149  2.18449  3.44040  2.13345  2.27915  3.77745  4.16002  3.66192  3.63178  3.09349  2.63302  2.04996  4.79516  3.61019      7 v - - -
          2.68618  4.42225  2.77519  2.73123  3.46354  2.40513  3.72494  3.29354  2.67741  2.69355  4.24690  2.90347  2.73739  3.18146  2.89801  2.37887  2.77519  2.98518  4.58477  3.61503
          0.02438  4.12212  4.84447  0.61958  0.77255  0.53499  0.88110
      7   2.43072  4.38851  3.25917  3.05347  4.35822  3.09683  4.22447  3.83650  3.15563  3.51085  4.37782  3.31598  1.16885  3.49202  3.47389  2.11857  2.90042  3.33025  5.68868  4.42848      8 p - - -
          2.68618  4.42225  2.77519  2.73123  3.46354  2.40513  3.72494  3.29354  2.67741  2.69355  4.24690  2.90347  2.73739  3.18146  2.89801  2.37887  2.77519  2.98518  4.58477  3.61503
          0.02438  4.12212  4.84447  0.61958  0.77255  0.53499  0.88110
      8   1.73921  4.30641  3.44978  2.97719  4.01557  2.11974  4.02176  3.37841  2.96315  3.08176  3.92933  3.27651  3.07691  3.27211  3.33304  2.54270  2.47164  2.52796  5.38384  4.14289      9 a - - -
          2.68618  4.42225  2.77519  2.73123  3.46354  2.40513  3.72494  3.29354  2.67741  2.69355  4.24690  2.90347  2.73739  3.18146  2.89801  2.37887  2.77519  2.98518  4.58477  3.61503
          0.02438  4.12212  4.84447  0.61958  0.77255  0.53499  0.88110
      9   3.12252  4.42907  4.88888  4.33406  2.83097  4.44769  4.83177  1.51030  4.21871  1.61616  3.16550  4.51245  4.70219  4.36801  4.33953  3.79308  3.35862  1.41419  5.23999  4.08405     10 v - - -
          2.68618  4.42225  2.77519  2.73123  3.46354  2.40513  3.72494  3.29354  2.67741  2.69355  4.24690  2.90347  2.73739  3.18146  2.89801  2.37887  2.77519  2.98518  4.58477  3.61503
          0.02438  4.12212  4.84447  0.61958  0.77255  0.53499  0.88110
     10   2.64054  4.10101  4.12350  3.53986  2.82088  3.75270  4.03214  1.85703  3.41452  1.95381  3.00624  3.73754  4.11309  3.62703  3.58618  2.69077  2.87240  2.27452  4.66617  2.90373     11 i - - -
          2.68618  4.42225  2.77519  2.73123  3.46354  2.40513  3.72494  3.29354  2.67741  2.69355  4.24690  2.90347  2.73739  3.18146  2.89801  2.37887  2.77519  2.98518  4.58477  3.61503
          0.02438  4.12212  4.84447  0.61958  0.77255  0.53499  0.88110
     11   3.34723  4.64854  5.00636  4.44724  2.67563  4.62616  4.87700  1.70236  4.31950  0.96317  2.93520  4.66238  4.80042  4.38445  4.40777  3.97729  3.56776  2.23988  5.13447  3.98663     12 l - - -
          2.68618  4.42225  2.77519  2.73123  3.46354  2.40513  3.72494  3.29354  2.67741  2.69355  4.24690  2.90347  2.73739  3.18146  2.89801  2.37887  2.77519  2.98518  4.58477  3.61503
          0.02438  4.12212  4.84447  0.61958  0.77255  0.53499  0.88110
     12   2.85135  4.25745  4.43501  3.86946  2.00249  4.03114  4.37656  1.87161  3.74716  2.03092  3.19542  4.05779  4.37067  3.94791  3.90782  3.34772  2.72957  1.71692  4.94361  3.73237     13 v - - -
          2.68618  4.42225  2.77519  2.73123  3.46354  2.40513  3.72494  3.29354  2.67741  2.69355  4.24690  2.90347  2.73739  3.18146  2.89801  2.37887  2.77519  2.98518  4.58477  3.61503
          0.02438  4.12212  4.84447  0.61958  0.77255  0.53499  0.88110
     13   2.04621  4.31610  4.35234  3.79941  3.44938  4.07684  4.48698  1.68785  3.70093  1.85029  3.32820  4.05673  4.42675  3.95248  3.92713  3.39572  3.13804  1.65988  5.17259  3.98263     14 v - - -
          2.68618  4.42225  2.77519  2.73123  3.46354  2.40513  3.72494  3.29354  2.67741  2.69355  4.24690  2.90347  2.73739  3.18146  2.89801  2.37887  2.77519  2.98518  4.58477  3.61503
          0.02438  4.12212  4.84447  0.61958  0.77255  0.53499  0.88110
     14   2.76635  4.41416  4.67576  4.11024  2.99319  4.29907  4.65210  1.65993  3.99423  1.26671  3.09817  4.32353  4.57553  4.15991  4.14209  3.62602  3.28893  1.91594  5.12925  3.99114     15 l - - -
          2.68618  4.42225  2.77519  2.73123  3.46354  2.40513  3.72494  3.29354  2.67741  2.69355  4.24690  2.90347  2.73739  3.18146  2.89801  2.37887  2.77519  2.98518  4.58477  3.61503
          0.02438  4.12212  4.84447  0.61958  0.77255  0.53499  0.88110
     15   2.33889  3.00514  3.72222  3.27817  3.99069  3.13326  4.19814  3.27810  3.19812  3.05203  3.93770  3.43812  1.56411  3.51026  3.49446  2.54594  2.15990  2.90301  5.40523  4.19733     16 p - - -
          2.68618  4.42225  2.77519  2.73123  3.46354  2.40513  3.72494  3.29354  2.67741  2.69355  4.24690  2.90347  2.73739  3.18146  2.89801  2.37887  2.77519  2.98518  4.58477  3.61503
          0.02438  4.12212  4.84447  0.61958  0.77255  0.53499  0.88110
     16   2.86743  4.52458  3.68617  3.16992  2.38269  3.78344  3.68992  2.82207  3.10820  2.64772  3.63333  2.32445  4.15814  3.38157  3.42371  3.05550  3.10029  2.82078  4.27645  1.72501     17 y - - -
          2.68618  4.42225  2.77519  2.73123  3.46354  2.40513  3.72494  3.29354  2.67741  2.69355  4.24690  2.90347  2.73739  3.18146  2.89801  2.37887  2.77519  2.98518  4.58477  3.61503
          0.02438  4.12212  4.84447  0.61958  0.77255  0.53499  0.88110
     17   2.50401  4.12785  3.89106  3.31339  3.08568  2.91691  3.97734  2.18248  3.22026  2.05628  3.01520  3.59053  3.64009  3.46972  3.45946  2.95645  2.83550  2.01950  4.75281  3.55242     18 v - - -
          2.68618  4.42225  2.77519  2.73123  3.46354  2.40513  3.72494  3.29354  2.67741  2.69355  4.24690  2.90347  2.73739  3.18146  2.89801  2.37887  2.77519  2.98518  4.58477  3.61503
          0.02438  4.12212  4.84447  0.61958  0.77255  0.53499  0.88110
     18   2.80251  4.26124  4.20502  3.63497  3.04593  3.94159  4.26519  1.60378  3.53131  1.84832  3.19531  3.89201  2.98946  3.76297  3.74464  3.23896  3.03896  1.97550  4.93821  3.74937     19 i - - -
          2.68618  4.42225  2.77519  2.73123  3.46354  2.40513  3.72494  3.29354  2.67741  2.69355  4.24690  2.90347  2.73739  3.18146  2.89801  2.37887  2.77519  2.98518  4.58477  3.61503
          0.02438  4.12212  4.84447  0.61958  0.77255  0.53499  0.88110
     19   2.54398  4.25910  3.68985  3.17601  3.61007  2.36208  4.06386  2.48880  3.11158  2.60702  3.55638  3.47827  3.98309  3.41518  3.42546  2.80624  2.36463  1.73596  5.10176  3.87930     20 v - - -
          2.68618  4.42225  2.77519  2.73123  3.46354  2.40513  3.72494  3.29354  2.67741  2.69355  4.24690  2.90347  2.73739  3.18146  2.89801  2.37887  2.77519  2.98518  4.58477  3.61503
          0.02438  4.12212  4.84447  0.61958  0.77255  0.53499  0.88110
     20   2.60008  4.11148  3.93235  3.35732  2.78608  3.20519  3.95594  1.81910  3.25226  2.21007  3.21959  3.60859  4.05035  3.49437  3.47170  2.72330  2.83422  2.33119  4.67727  3.07477     21 i - - -
          2.68618  4.42225  2.77519  2.73123  3.46354  2.40513  3.72494  3.29354  2.67741  2.69355  4.24690  2.90347  2.73739  3.18146  2.89801  2.37887  2.77519  2.98518  4.58477  3.61503
          0.02438  4.12212  4.84447  0.61958  0.77255  0.53499  0.88110
     21   2.10890  3.50216  3.61427  3.05163  3.39701  3.02653  3.89167  2.43831  2.99020  2.30742  3.37565  3.39592  3.54551  3.27545  3.30494  2.52331  2.80363  2.41850  4.86208  3.64304     22 a - - -
          2.68618  4.42225  2.77519  2.73123  3.46354  2.40513  3.72494  3.29354  2.67741  2.69355  4.24690  2.90347  2.73739  3.18146  2.89801  2.37887  2.77519  2.98518  4.58477  3.61503
          0.02438  4.12212  4.84447  0.61958  0.77255  0.53499  0.88110
     22   2.02943  3.20450  4.25586  3.67974  3.01941  3.85239  4.21008  1.90479  3.56031  2.13618  3.23833  3.87096  4.21732  3.77784  3.73264  3.15663  2.94187  1.84524  4.85695  3.66513     23 v - - -
          2.68618  4.42225  2.77519  2.73123  3.46354  2.40513  3.72494  3.29354  2.67741  2.69355  4.24690  2.90347  2.73739  3.18146  2.89801  2.37887  2.77519  2.98518  4.58477  3.61503
          0.02438  4.12212  4.84447  0.61958  0.77255  0.53499  0.88110
     23   3.38875  4.81515  4.27466  3.88812  2.27905  4.19203  3.69213  3.11612  3.66725  2.14224  3.79570  3.95157  4.55959  3.91037  3.82968  3.57383  3.63251  3.03306  3.95274  0.97211     24 y - - -
          2.68618  4.42225  2.77519  2.73123  3.46354  2.40513  3.72494  3.29354  2.67741  2.69355  4.24690  2.90347  2.73739  3.18146  2.89801  2.37887  2.77519  2.98518  4.58477  3.61503
          0.17407  4.12212  1.94104  0.61958  0.77255  0.53499  0.88110
     24   2.73851  3.66132  4.27651  3.70173  2.12459  3.86573  4.06784  2.15475  3.56701  1.71811  3.08149  3.86273  4.20428  3.74654  3.70940  3.16722  2.96923  2.24223  4.57802  2.99460     25 l - - -
          2.68618  4.42225  2.77519  2.73123  3.46354  2.40513  3.72494  3.29354  2.67741  2.69355  4.24690  2.90347  2.73739  3.18146  2.89801  2.37887  2.77519  2.98518  4.58477  3.61503
          0.02826  3.97631  4.69865  0.61958  0.77255  0.50329  0.92771
     25   2.51066  4.31975  3.45373  2.88620  3.46646  3.56228  3.81700  2.34520  2.43263  2.19609  3.22669  3.29450  3.94411  3.13740  3.15827  2.51446  2.69727  2.54270  4.91340  3.67828     26 l - - -
          2.68618  4.42225  2.77519  2.73123  3.46354  2.40513  3.72494  3.29354  2.67741  2.69355  4.24690  2.90347  2.73739  3.18146  2.89801  2.37887  2.77519  2.98518  4.58477  3.61503
          0.02532  4.08468  4.80703  0.61958  0.77255  0.57518  0.82692
     26   2.70343  4.18525  4.07175  3.49962  1.91805  3.79023  4.00101  2.48661  3.38536  2.04416  2.97833  3.72648  4.14584  3.60654  3.58496  3.07880  2.58380  2.26010  4.61281  2.90425     27 f - - -
          2.68618  4.42225  2.77519  2.73123  3.46354  2.40513  3.72494  3.29354  2.67741  2.69355  4.24690  2.90347  2.73739  3.18146  2.89801  2.37887  2.77519  2.98518  4.58477  3.61503
          0.02532  4.08468  4.80703  0.61958  0.77255  0.57518  0.82692
     27   3.14831  5.22810  3.59991  2.89910  4.70594  3.74160  3.65654  4.04226  1.54440  3.46942  4.35032  3.28010  4.10466  2.79240  1.20575  3.14423  3.30460  3.73041  5.49286  4.34887     28 r - - -
          2.68618  4.42225  2.77519  2.73123  3.46354  2.40513  3.72494  3.29354  2.67741  2.69355  4.24690  2.90347  2.73739  3.18146  2.89801  2.37887  2.77519  2.98518  4.58477  3.61503
          0.02532  4.08468  4.80703  0.61958  0.77255  0.50751  0.92129
     28   2.65780  4.81180  2.93592  2.30471  3.93469  3.44049  2.52851  3.45668  2.47520  3.06372  3.89711  2.81206  3.85490  2.83997  2.91374  2.36979  2.89192  3.14670  5.24650  2.75460     29 e - - -
          2.68618  4.42225  2.77519  2.73123  3.46354  2.40513  3.72494  3.29354  2.67741  2.69355  4.24690  2.90347  2.73739  3.18146  2.89801  2.37887  2.77519  2.98518  4.58477  3.61503
          0.02438  4.12212  4.84447  0.61958  0.77255  0.53499  0.88110
     29   2.55099  4.09032  4.30357  3.71181  2.88356  3.80374  4.08696  2.10872  3.56210  1.58254  2.88820  3.84698  4.15435  3.73817  3.67843  3.10299  2.89883  2.28938  3.63523  3.04526     30 l - - -
          2.68618  4.42225  2.77519  2.73123  3.46354  2.40513  3.72494  3.29354  2.67741  2.69355  4.24690  2.90347  2.73739  3.18146  2.89801  2.37887  2.77519  2.98518  4.58477  3.61503
          0.02438  4.12212  4.84447  0.61958  0.77255  0.53499  0.88110
     30   2.27580  4.14953  3.77427  3.20374  2.53674  3.17587  3.93030  2.42511  3.12170  2.08897  3.27186  3.50746  4.00549  3.38607  3.38849  2.78528  2.56738  2.38619  4.76954  3.56041     31 l - - -
          2.68618  4.42225  2.77519  2.73123  3.46354  2.40513  3.72494  3.29354  2.67741  2.69355  4.24690  2.90347  2.73739  3.18146  2.89801  2.37887  2.77519  2.98518  4.58477  3.61503
          0.02438  4.12212  4.84447  0.61958  0.77255  0.53499  0.88110
     31   2.59520  4.70424  2.88218  2.57134  4.28748  3.01518  3.84385  3.72443  2.66040  3.32859  4.15848  3.03446  1.70019  2.56908  3.06821  2.38054  2.93083  3.32521  5.54507  4.22863     32 p - - -
          2.68618  4.42225  2.77519  2.73123  3.46354  2.40513  3.72494  3.29354  2.67741  2.69355  4.24690  2.90347  2.73739  3.18146  2.89801  2.37887  2.77519  2.98518  4.58477  3.61503
          0.02438  4.12212  4.84447  0.61958  0.77255  0.53499  0.88110
     32   2.62602  5.21388  2.18584  2.02671  4.54270  2.03389  3.70989  4.01806  2.58314  3.54067  4.33838  2.46985  3.84011  2.84916  3.10998  2.72189  2.84449  3.61119  5.71708  4.28977     33 e - - -
          2.68618  4.42225  2.77519  2.73123  3.46354  2.40513  3.72494  3.29354  2.67741  2.69355  4.24690  2.90347  2.73739  3.18146  2.89801  2.37887  2.77519  2.98518  4.58477  3.61503
          0.02438  4.12212  4.84447  0.61958  0.77255  0.53499  0.88110
     33   3.15701  4.45040  4.91539  4.37325  3.46125  4.53100  4.97629  1.51942  4.26718  1.74896  2.95666  4.58229  4.78160  4.45684  4.42246  3.88688  3.39863  1.19283  5.41558  4.26787     34 v - - -
          2.68618  4.42225  2.77519  2.73123  3.46354  2.40513  3.72494  3.29354  2.67741  2.69355  4.24690  2.90347  2.73739  3.18146  2.89801  2.37887  2.77519  2.98518  4.58477  3.61503
          0.02438  4.12212  4.84447  0.61958  0.77255  0.53499  0.88110
     34   2.27431  4.47168  3.09633  2.74164  4.28348  3.14709  3.95179  3.70124  2.82584  3.34022  4.15815  2.39018  3.77878  3.14873  3.23245  1.50906  2.40169  3.24618  5.57174  4.28484     35 s - - -
          2.68618  4.42225  2.77519  2.73123  3.46354  2.40513  3.72494  3.29354  2.67741  2.69355  4.24690  2.90347  2.73739  3.18146  2.89801  2.37887  2.77519  2.98518  4.58477  3.61503
          0.02497  4.09828  4.82062  0.61958  0.77255  0.53499  0.88110
     35   3.56018  4.89739  4.54949  4.31209  0.70372  4.18606  3.99812  3.06219  4.21495  2.38244  3.76205  4.28116  4.64349  4.32178  4.27854  3.81477  3.86342  3.06861  4.18998  2.53269     36 f - - -
          2.68618  4.42225  2.77519  2.73123  3.46354  2.40513  3.72494  3.29354  2.67741  2.69355  4.24690  2.90347  2.73739  3.18146  2.89801  2.37887  2.77519  2.98518  4.58477  3.61503
          0.02497  4.09828  4.82062  0.61958  0.77255  0.53499  0.88110
     36   2.26526  4.49855  3.20229  2.69695  3.95153  3.31592  3.81013  3.31397  2.42702  2.99374  3.84034  3.12428  3.82490  3.01619  3.06367  1.80507  2.44938  2.69532  5.28554  4.00766     37 s - - -
          2.68618  4.42225  2.77519  2.73123  3.46354  2.40513  3.72494  3.29354  2.67741  2.69355  4.24690  2.90347  2.73739  3.18146  2.89801  2.37887  2.77519  2.98518  4.58477  3.61503
          0.02497  4.09828  4.82062  0.61958  0.77255  0.53499  0.88110
     37   2.28201  4.88174  2.79657  1.68506  4.16611  3.38785  3.69358  3.54705  2.49812  2.74161  4.01278  2.77388  3.84693  2.85307  2.94535  2.69842  2.92758  3.22095  5.42408  4.07869     38 e - - -
          2.68618  4.42225  2.77519  2.73123  3.46354  2.40513  3.72494  3.29354  2.67741  2.69355  4.24690  2.90347  2.73739  3.18146  2.89801  2.37887  2.77519  2.98518  4.58477  3.61503
          0.02497  4.09828  4.82062  0.61958  0.77255  0.53499  0.88110
     38   2.87338  5.02585  2.76520  2.52267  3.84906  3.42820  1.58142  3.85480  2.55560  3.39201  4.28016  2.23532  3.95561  3.00161  2.91935  2.87783  3.14852  3.51347  5.22812  3.73489     39 h - - -
          2.68618  4.42225  2.77519  2.73123  3.46354  2.40513  3.72494  3.29354  2.67741  2.69355  4.24690  2.90347  2.73739  3.18146  2.89801  2.37887  2.77519  2.98518  4.58477  3.61503
          0.02497  4.09828  4.82062  0.61958  0.77255  0.53499  0.88110
     39   2.94080  4.79416  3.62648  3.00782  3.82109  3.70959  3.82478  3.19684  2.32260  1.94799  3.79693  3.39062  4.10532  3.04639  1.46581  3.06727  3.16227  3.03043  5.19875  3.93860     40 r - - -
          2.68618  4.42225  2.77519  2.73123  3.46354  2.40513  3.72494  3.29354  2.67741  2.69355  4.24690  2.90347  2.73739  3.18146  2.89801  2.37887  2.77519  2.98518  4.58477  3.61503
          0.02497  4.09828  4.82062  0.61958  0.77255  0.53499  0.88110
     40   2.85088  5.36894  1.49560  1.95459  4.66555  3.01371  3.35996  4.16337  2.64791  3.66501  4.47282  2.76303  3.85143  2.87510  3.20055  2.40673  3.11652  3.74490  5.82960  4.36767     41 d - - -
          2.68618  4.42225  2.77519  2.73123  3.46354  2.40513  3.72494  3.29354  2.67741  2.69355  4.24690  2.90347  2.73739  3.18146  2.89801  2.37887  2.77519  2.98518  4.58477  3.61503
          0.02497  4.09828  4.82062  0.61958  0.77255  0.53499  0.88110
     41   1.41213  4.39618  3.12189  2.84731  4.33639  2.06419  4.06908  3.75821  2.99927  3.41537  4.23959  2.56363  3.77343  3.29259  3.38610  2.52626  2.82527  3.26683  5.64612  4.37806     42 a - - -
          2.68618  4.42225  2.77519  2.73123  3.46354  2.40513  3.72494  3.29354  2.67741  2.69355  4.24690  2.90347  2.73739  3.18146  2.89801  2.37887  2.77519  2.98518  4.58477  3.61503
          0.02497  4.09828  4.82062  0.61958  0.77255  0.53499  0.88110
     42   3.41802  4.81670  4.55128  4.19798  3.23712  4.26642  4.78347  2.45927  3.96367  0.63979  3.19987  4.45160  4.66664  4.27732  4.10039  3.87264  3.70404  2.55415  5.19218  3.96568     43 L - - -
          2.68618  4.42225  2.77519  2.73123  3.46354  2.40513  3.72494  3.29354  2.67741  2.69355  4.24690  2.90347  2.73739  3.18146  2.89801  2.37887  2.77519  2.98518  4.58477  3.61503
          0.02497  4.09828  4.82062  0.61958  0.77255  0.53499  0.88110
     43   2.97058  4.71757  3.69012  3.62114  4.74783  0.45255  4.72195  4.40798  3.83280  4.03179  5.01353  3.85524  4.11552  4.13948  4.03861  3.14989  3.46936  3.89263  5.77755  4.85935     44 G - - -
          2.68618  4.42225  2.77519  2.73123  3.46354  2.40513  3.72494  3.29354  2.67741  2.69355  4.24690  2.90347  2.73739  3.18146  2.89801  2.37887  2.77519  2.98518  4.58477  3.61503
          0.02497  4.09828  4.82062  0.61958  0.77255  0.53499  0.88110
     44   1.31679  4.20741  3.49208  3.18846  4.38044  2.12549  4.26806  3.80061  3.26052  3.48036  4.29335  3.34224  3.72966  3.53214  3.58582  1.83294  2.74364  3.23329  5.71528  4.50552     45 a - - -
          2.68618  4.42225  2.77519  2.73123  3.46354  2.40513  3.72494  3.29354  2.67741  2.69355  4.24690  2.90347  2.73739  3.18146  2.89801  2.37887  2.77519  2.98518  4.58477  3.61503
          0.02497  4.09828  4.82062  0.61958  0.77255  0.53499  0.88110
     45   1.11132  4.18195  3.60298  3.28301  4.29214  2.99808  4.29753  3.61937  3.29478  3.37435  4.21756  3.39615  3.74691  3.58386  3.59097  1.95143  2.44280  3.11529  5.65929  4.45973     46 a - - -
          2.68618  4.42225  2.77519  2.73123  3.46354  2.40513  3.72494  3.29354  2.67741  2.69355  4.24690  2.90347  2.73739  3.18146  2.89801  2.37887  2.77519  2.98518  4.58477  3.61503
          0.02497  4.09828  4.82062  0.61958  0.77255  0.53499  0.88110
     46   3.28815  4.59749  4.95144  4.38381  3.15913  4.58017  4.90721  1.54623  4.24773  1.17526  2.25123  4.61728  4.76677  4.34961  4.35449  3.92710  3.51094  2.14753  5.21902  4.15518     47 l - - -
          2.68618  4.42225  2.77519  2.73123  3.46354  2.40513  3.72494  3.29354  2.67741  2.69355  4.24690  2.90347  2.73739  3.18146  2.89801  2.37887  2.77519  2.98518  4.58477  3.61503
          0.02497  4.09828  4.82062  0.61958  0.77255  0.53499  0.88110
     47   1.43307  4.21066  3.62174  3.20808  4.05550  3.10211  4.18711  3.29815  3.17891  3.11050  3.98995  3.39068  3.79223  3.47852  3.49565  1.76299  2.76282  2.41210  5.46184  4.24367     48 a - - -
          2.68618  4.42225  2.77519  2.73123  3.46354  2.40513  3.72494  3.29354  2.67741  2.69355  4.24690  2.90347  2.73739  3.18146  2.89801  2.37887  2.77519  2.98518  4.58477  3.61503
          0.02497  4.09828  4.82062  0.61958  0.77255  0.53499  0.88110
     48   2.11422  4.22725  3.48880  3.18414  4.34256  3.00818  4.25414  3.69298  3.21296  3.42489  4.26354  3.34916  3.75000  3.51893  3.52657  1.11633  2.27671  3.17453  5.68938  4.47282     49 s - - -
          2.68618  4.42225  2.77519  2.73123  3.46354  2.40513  3.72494  3.29354  2.67741  2.69355  4.24690  2.90347  2.73739  3.18146  2.89801  2.37887  2.77519  2.98518  4.58477  3.61503
          0.02497  4.09828  4.82062  0.61958  0.77255  0.53499  0.88110
     49   3.58934  4.98613  4.17950  3.95643  2.33881  4.09939  3.74805  3.56903  3.80790  2.96314  4.22141  4.01271  4.57035  4.05847  3.94285  3.70125  3.87847  3.45093  3.98939  0.65951     50 Y - - -
          2.68618  4.42225  2.77519  2.73123  3.46354  2.40513  3.72494  3.29354  2.67741  2.69355  4.24690  2.90347  2.73739  3.18146  2.89801  2.37887  2.77519  2.98518  4.58477  3.61503
          0.02497  4.09828  4.82062  0.61958  0.77255  0.53499  0.88110
     50   1.40807  4.20551  3.53011  3.24667  4.34997  2.99041  4.30241  3.71757  3.29231  3.45192  4.29277  3.37699  3.74645  3.58170  3.59425  1.36050  2.76117  3.18400  5.70700  4.49264     51 s - - -
          2.68618  4.42225  2.77519  2.73123  3.46354  2.40513  3.72494  3.29354  2.67741  2.69355  4.24690  2.90347  2.73739  3.18146  2.89801  2.37887  2.77519  2.98518  4.58477  3.61503
          0.02497  4.09828  4.82062  0.61958  0.77255  0.53499  0.88110
     51   2.34178  4.28107  3.40577  3.16491  4.37596  1.33156  4.27908  3.74256  3.24744  3.47062  4.32498  3.35778  3.78289  3.55322  3.55615  2.51618  1.78549  3.22988  5.70883  4.49992     52 g - - -
          2.68618  4.42225  2.77519  2.73123  3.46354  2.40513  3.72494  3.29354  2.67741  2.69355  4.24690  2.90347  2.73739  3.18146  2.89801  2.37887  2.77519  2.98518  4.58477  3.61503
          0.02497  4.09828  4.82062  0.61958  0.77255  0.53499  0.88110
     52   1.62588  4.21582  3.62784  3.29694  4.18134  3.07523  4.29353  3.32213  3.27234  3.19633  4.10965  3.43451  3.80258  3.58803  3.56056  2.52321  1.35505  2.92572  5.59616  4.39042     53 t - - -
          2.68618  4.42225  2.77519  2.73123  3.46354  2.40513  3.72494  3.29354  2.67741  2.69355  4.24690  2.90347  2.73739  3.18146  2.89801  2.37887  2.77519  2.98518  4.58477  3.61503
          0.02497  4.09828  4.82062  0.61958  0.77255  0.49349  0.94287
     53   2.78268  4.35953  3.95202  3.40146  3.34063  3.81391  4.18226  2.43261  3.26691  1.88109  2.05321  3.71999  4.20319  3.57453  3.53330  3.12000  2.06338  2.33033  5.01376  3.82241     54 l - - -
          2.68618  4.42225  2.77519  2.73123  3.46354  2.40513  3.72494  3.29354  2.67741  2.69355  4.24690  2.90347  2.73739  3.18146  2.89801  2.37887  2.77519  2.98518  4.58477  3.61503
          0.02441  4.12080  4.84315  0.61958  0.77255  0.50986  0.91774
     54   3.17191  4.49728  4.84170  4.29275  3.32701  4.47054  4.87658  1.25925  4.16119  1.77833  2.13191  4.51442  4.72411  4.33925  4.30880  3.82175  3.41164  1.82044  5.30255  4.18052     55 i - - -
          2.68618  4.42225  2.77519  2.73123  3.46354  2.40513  3.72494  3.29354  2.67741  2.69355  4.24690  2.90347  2.73739  3.18146  2.89801  2.37887  2.77519  2.98518  4.58477  3.61503
          0.02441  4.12080  4.84315  0.61958  0.77255  0.50986  0.91774
     55   0.86087  4.21002  3.60881  3.38913  4.33221  3.01592  4.40966  3.60205  3.42631  3.42862  4.31962  3.46331  3.79018  3.72540  3.68385  2.30510  2.80792  3.11598  5.73037  4.51713     56 a - - -
          2.68618  4.42225  2.77519  2.73123  3.46354  2.40513  3.72494  3.29354  2.67741  2.69355  4.24690  2.90347  2.73739  3.18146  2.89801  2.37887  2.77519  2.98518  4.58477  3.61503
          0.02441  4.12080  4.84315  0.61958  0.77255  0.50986  0.91774
     56   3.22775  4.51155  4.98926  4.45435  3.41903  4.60907  5.05867  1.29962  4.33972  1.45190  3.20875  4.66986  4.83963  4.51486  4.48533  3.97691  3.46982  1.53945  5.44068  4.30777     57 i - - -
          2.68618  4.42225  2.77519  2.73123  3.46354  2.40513  3.72494  3.29354  2.67741  2.69355  4.24690  2.90347  2.73739  3.18146  2.89801  2.37887  2.77519  2.98518  4.58477  3.61503
          0.02441  4.12080  4.84315  0.61958  0.77255  0.50986  0.91774
     57   3.32377  4.64633  4.92007  4.37561  3.21666  4.60263  4.96648  1.89186  4.22726  0.89917  3.01057  4.63156  4.81004  4.37714  4.36584  3.96563  3.55855  1.92842  5.30077  4.20514     58 l - - -
          2.68618  4.42225  2.77519  2.73123  3.46354  2.40513  3.72494  3.29354  2.67741  2.69355  4.24690  2.90347  2.73739  3.18146  2.89801  2.37887  2.77519  2.98518  4.58477  3.61503
          0.02441  4.12080  4.84315  0.61958  0.77255  0.50986  0.91774
     58   3.20644  4.53376  4.81726  4.30986  2.38174  4.44079  4.67470  1.11676  4.18145  1.81255  3.17072  4.47798  4.71606  4.33408  4.30971  3.80913  3.45095  2.01765  5.01294  3.66731     59 i - - -
          2.68618  4.42225  2.77519  2.73123  3.46354  2.40513  3.72494  3.29354  2.67741  2.69355  4.24690  2.90347  2.73739  3.18146  2.89801  2.37887  2.77519  2.98518  4.58477  3.61503
          0.02441  4.12080  4.84315  0.61958  0.77255  0.50986  0.91774
     59   0.70760  4.33520  3.73309  3.54463  4.31764  3.15150  4.53468  3.48171  3.56781  3.35114  4.36141  3.62556  3.91495  3.88717  3.79587  2.68634  2.98135  3.09215  5.71936  4.55010     60 a - - -
          2.68618  4.42225  2.77519  2.73123  3.46354  2.40513  3.72494  3.29354  2.67741  2.69355  4.24690  2.90347  2.73739  3.18146  2.89801  2.37887  2.77519  2.98518  4.58477  3.61503
          0.02441  4.12080  4.84315  0.61958  0.77255  0.50986  0.91774
     60   1.60978  4.36413  3.84742  3.31143  3.43312  3.72097  4.15545  2.47211  3.20220  1.90435  2.80983  3.64049  4.15011  3.51708  3.49497  3.03583  3.00576  2.34006  5.07260  3.86351     61 a - - -
          2.68618  4.42225  2.77519  2.73123  3.46354  2.40513  3.72494  3.29354  2.67741  2.69355  4.24690  2.90347  2.73739  3.18146  2.89801  2.37887  2.77519  2.98518  4.58477  3.61503
          0.02441  4.12080  4.84315  0.61958  0.77255  0.47098  0.97920
     61   3.27926  4.58563  4.97700  4.40833  3.19763  4.58078  4.92369  1.77758  4.28642  1.06546  2.47343  4.62974  4.77477  4.37847  4.38856  3.92599  3.50330  1.90059  5.24200  4.18101     62 l - - -
          2.68618  4.42225  2.77519  2.73123  3.46354  2.40513  3.72494  3.29354  2.67741  2.69355  4.24690  2.90347  2.73739  3.18146  2.89801  2.37887  2.77519  2.98518  4.58477  3.61503
          0.02390  4.14142  4.86377  0.61958  0.77255  0.48576  0.95510
     62   2.69191  4.32707  3.87364  3.34066  3.52842  3.68133  4.18703  2.41792  3.23877  2.35460  2.86367  3.64925  4.13909  3.55161  3.53247  3.00664  1.64108  1.93862  5.12886  3.91740     63 t - - -
          2.68618  4.42225  2.77519  2.73123  3.46354  2.40513  3.72494  3.29354  2.67741  2.69355  4.24690  2.90347  2.73739  3.18146  2.89801  2.37887  2.77519  2.98518  4.58477  3.61503
          0.02390  4.14142  4.86377  0.61958  0.77255  0.48576  0.95510
     63   3.12450  4.47844  4.73290  4.19294  1.53445  4.32503  4.52053  1.84198  4.06376  1.80265  3.12825  4.34928  4.60979  4.20155  4.18644  3.66454  3.36249  1.91686  4.88694  3.54622     64 f - - -
          2.68618  4.42225  2.77519  2.73123  3.46354  2.40513  3.72494  3.29354  2.67741  2.69355  4.24690  2.90347  2.73739  3.18146  2.89801  2.37887  2.77519  2.98518  4.58477  3.61503
          0.02390  4.14142  4.86377  0.61958  0.77255  0.48576  0.95510
     64   3.26809  4.60929  4.84816  4.29084  3.21138  4.52199  4.87257  2.12196  4.14649  0.97991  2.70891  4.54202  4.74534  4.29921  4.28814  3.86987  3.50007  1.74024  5.25002  4.16070     65 l - - -
          2.68618  4.42225  2.77519  2.73123  3.46354  2.40513  3.72494  3.29354  2.67741  2.69355  4.24690  2.90347  2.73739  3.18146  2.89801  2.37887  2.77519  2.98518  4.58477  3.61503
          0.02390  4.14142  4.86377  0.61958  0.77255  0.48576  0.95510
     65   2.68447  4.13860  4.17231  3.59109  2.79213  3.81354  4.13009  1.69322  3.46991  1.97931  2.97141  3.80104  4.17111  3.68925  3.64949  2.81332  2.65121  2.17343  4.78632  3.59538     66 i - - -
          2.68618  4.42225  2.77519  2.73123  3.46354  2.40513  3.72494  3.29354  2.67741  2.69355  4.24690  2.90347  2.73739  3.18146  2.89801  2.37887  2.77519  2.98518  4.58477  3.61503
          0.02390  4.14142  4.86377  0.61958  0.77255  0.48576  0.95510
     66   2.35552  4.31454  3.32358  3.17049  4.54100  1.06669  4.36139  4.03350  3.37323  3.70270  4.52798  3.36061  3.79450  3.64040  3.68432  1.91314  2.86307  3.41515  5.85482  4.63093     67 g - - -
          2.68618  4.42225  2.77519  2.73123  3.46354  2.40513  3.72494  3.29354  2.67741  2.69355  4.24690  2.90347  2.73739  3.18146  2.89801  2.37887  2.77519  2.98518  4.58477  3.61503
          0.02390  4.14142  4.86377  0.61958  0.77255  0.48576  0.95510
     67   2.41001  4.23041  4.01562  3.46835  3.38414  3.77538  4.17598  1.64742  3.35923  1.91353  3.33497  3.73826  4.17790  3.63641  3.60256  2.64579  2.96158  2.13621  4.96593  3.76035     68 i - - -
          2.68618  4.42225  2.77519  2.73123  3.46354  2.40513  3.72494  3.29354  2.67741  2.69355  4.24690  2.90347  2.73739  3.18146  2.89801  2.37887  2.77519  2.98518  4.58477  3.61503
          0.02390  4.14142  4.86377  0.61958  0.77255  0.48576  0.95510
     68   2.71878  5.18016  2.05664  2.16300  4.50179  2.85847  3.63919  3.97246  2.28271  3.47061  4.24414  2.84820  3.82671  2.75792  2.17390  2.67460  2.95743  3.56161  5.61905  4.21582     69 d - - -
          2.68618  4.42225  2.77519  2.73123  3.46354  2.40513  3.72494  3.29354  2.67741  2.69355  4.24690  2.90347  2.73739  3.18146  2.89801  2.37887  2.77519  2.98518  4.58477  3.61503
          0.02390  4.14142  4.86377  0.61958  0.77255  0.48576  0.95510
     69   2.67542  5.00171  2.35878  2.34610  4.44931  2.26881  3.73295  3.91151  2.58304  3.45789  4.25216  2.14067  3.82579  2.87485  3.08420  2.45029  2.55237  3.49654  5.64492  4.25312     70 n - - -
          2.68618  4.42225  2.77519  2.73123  3.46354  2.40513  3.72494  3.29354  2.67741  2.69355  4.24690  2.90347  2.73739  3.18146  2.89801  2.37887  2.77519  2.98518  4.58477  3.61503
          0.02390  4.14142  4.86377  0.61958  0.77255  0.48576  0.95510
     70   2.46819  5.03130  2.65318  2.35147  4.35106  3.20559  3.61109  3.80430  2.21410  3.32977  4.10409  2.72760  3.80779  2.72883  2.13339  2.32235  2.87871  3.41362  5.49829  4.12124     71 r - - -
          2.68618  4.42225  2.77519  2.73123  3.46354  2.40513  3.72494  3.29354  2.67741  2.69355  4.24690  2.90347  2.73739  3.18146  2.89801  2.37887  2.77519  2.98518  4.58477  3.61503
          0.02390  4.14142  4.86377  0.61958  0.77255  0.48576  0.95510
     71   2.80047  5.07235  2.95152  2.49836  4.43705  3.47811  3.66755  3.85431  2.05342  3.37582  4.19214  1.70268  3.91019  2.80257  2.29958  2.79291  2.85128  3.49319  5.51969  4.21059     72 n - - -
          2.68618  4.42225  2.77519  2.73123  3.46354  2.40513  3.72494  3.29354  2.67741  2.69355  4.24690  2.90347  2.73739  3.18146  2.89801  2.37887  2.77519  2.98518  4.58477  3.61503
          0.02390  4.14142  4.86377  0.61958  0.77255  0.48576  0.95510
     72   3.23579  4.54814  4.97128  4.39388  2.57838  4.50637  4.80776  1.46298  4.26175  1.29174  2.46352  4.57515  4.71125  4.32730  4.33275  3.84510  3.45657  2.22933  5.11408  4.01970     73 l - - -
          2.68618  4.42225  2.77519  2.73123  3.46354  2.40513  3.72494  3.29354  2.67741  2.69355  4.24690  2.90347  2.73739  3.18146  2.89801  2.37887  2.77519  2.98518  4.58477  3.61503
          0.02390  4.14142  4.86377  0.61958  0.77255  0.48576  0.95510
     73   2.37959  5.03700  2.76854  2.33802  4.34880  3.39525  3.25982  3.80769  2.21650  3.32534  4.08992  2.63235  3.79327  2.45343  2.51441  2.37253  2.73878  3.41036  5.48793  4.10396     74 k - - -
          2.68618  4.42225  2.77519  2.73123  3.46354  2.40513  3.72494  3.29354  2.67741  2.69355  4.24690  2.90347  2.73739  3.18146  2.89801  2.37887  2.77519  2.98518  4.58477  3.61503
          0.02390  4.14142  4.86377  0.61958  0.77255  0.48576  0.95510
     74   2.98536  5.18298  3.01834  2.63666  4.60191  3.54552  3.73401  4.03806  1.10116  3.52993  4.38775  2.58810  4.01322  2.88212  2.45255  2.97326  3.21536  3.68156  5.59060  4.32530     75 k - - -
          2.68618  4.42225  2.77519  2.73123  3.46354  2.40513  3.72494  3.29354  2.67741  2.69355  4.24690  2.90347  2.73739  3.18146  2.89801  2.37887  2.77519  2.98518  4.58477  3.61503
          0.02390  4.14142  4.86377  0.61958  0.77255  0.48576  0.95510
     75   3.05953  4.39842  4.79767  4.21912  2.19398  4.30548  4.63017  1.91313  4.08356  1.52132  2.74895  4.37534  4.56954  4.19953  4.17337  3.63309  3.28721  1.64814  5.03633  3.90292     76 l - - -
          2.68618  4.42225  2.77519  2.73123  3.46354  2.40513  3.72494  3.29354  2.67741  2.69355  4.24690  2.90347  2.73739  3.18146  2.89801  2.37887  2.77519  2.98518  4.58477  3.61503
          0.02390  4.14142  4.86377  0.61958  0.77255  0.48576  0.95510
     76   3.01960  5.25783  3.36644  2.71791  4.70840  3.67192  3.63445  4.06866  1.47784  3.49198  4.32540  2.91709  4.03302  2.38836  1.61198  2.99395  3.19135  3.71846  5.53576  4.32761     77 k - - -
          2.68618  4.42225  2.77519  2.73123  3.46354  2.40513  3.72494  3.29354  2.67741  2.69355  4.24690  2.90347  2.73739  3.18146  2.89801  2.37887  2.77519  2.98518  4.58477  3.61503
          0.02390  4.14142  4.86377  0.61958  0.77255  0.48576  0.95510
     77   2.11079  4.98113  2.90280  2.19733  4.27511  3.41245  3.36929  3.71617  2.11513  3.26057  4.04521  2.79141  3.81386  2.73385  2.65578  2.47213  2.74093  3.34600  5.44560  4.08304     78 a - - -
          2.68618  4.42225  2.77519  2.73123  3.46354  2.40513  3.72494  3.29354  2.67741  2.69355  4.24690  2.90347  2.73739  3.18146  2.89801  2.37887  2.77519  2.98518  4.58477  3.61503
          0.02390  4.14142  4.86377  0.61958  0.77255  0.48576  0.95510
     78   2.97829  4.72047  3.51226  3.09233  2.65529  3.77153  2.81112  3.33018  3.00067  2.89041  3.88308  3.43660  4.18715  3.34853  3.31179  2.58487  3.22351  3.10687  4.25843  1.35940     79 y - - -
          2.68618  4.42225  2.77519  2.73123  3.46354  2.40513  3.72494  3.29354  2.67741  2.69355  4.24690  2.90347  2.73739  3.18146  2.89801  2.37887  2.77519  2.98518  4.58477  3.61503
          0.02390  4.14142  4.86377  0.61958  0.77255  0.48576  0.95510
     79   3.03509  4.77504  3.76323  3.70095  4.82166  0.41317  4.79639  4.49502  3.91833  4.11228  5.09624  3.92867  4.17408  4.22171  4.11684  3.21604  3.53714  3.97125  5.83723  4.93555     80 G - - -
          2.68618  4.42225  2.77519  2.73123  3.46354  2.40513  3.72494  3.29354  2.67741  2.69355  4.24690  2.90347  2.73739  3.18146  2.89801  2.37887  2.77519  2.98518  4.58477  3.61503
          0.02390  4.14142  4.86377  0.61958  0.77255  0.48576  0.95510
     80   3.65891  5.03782  4.24701  4.03430  2.35723  4.15264  3.77895  3.63364  3.88484  3.01588  4.28172  4.07093  4.62360  4.12426  4.00977  3.76542  3.94881  3.51785  4.00866  0.61387     81 Y - - -
          2.68618  4.42225  2.77519  2.73123  3.46354  2.40513  3.72494  3.29354  2.67741  2.69355  4.24690  2.90347  2.73739  3.18146  2.89801  2.37887  2.77519  2.98518  4.58477  3.61503
          0.02390  4.14142  4.86377  0.61958  0.77255  0.48576  0.95510
     81   3.30683  4.66006  4.82020  4.25503  2.64732  4.50545  4.71760  2.31020  4.11895  1.26719  1.46980  4.49657  4.70707  4.22112  4.23932  3.83944  3.52534  2.45093  5.03995  3.87244     82 l - - -
          2.68618  4.42225  2.77519  2.73123  3.46354  2.40513  3.72494  3.29354  2.67741  2.69355  4.24690  2.90347  2.73739  3.18146  2.89801  2.37887  2.77519  2.98518  4.58477  3.61503
          0.02390  4.14142  4.86377  0.61958  0.77255  0.48576  0.95510
     82   2.66583  4.74151  3.10603  2.56302  3.96129  3.48834  3.13287  3.36210  2.27480  2.65794  3.82986  3.05380  3.88250  2.62979  2.79878  2.73050  1.96268  3.07053  5.24303  3.94707     83 t - - -
          2.68618  4.42225  2.77519  2.73123  3.46354  2.40513  3.72494  3.29354  2.67741  2.69355  4.24690  2.90347  2.73739  3.18146  2.89801  2.37887  2.77519  2.98518  4.58477  3.61503
          0.02390  4.14142  4.86377  0.61958  0.77255  0.48576  0.95510
     83   1.70580  4.24546  3.53312  3.17170  4.36530  2.54778  4.23912  3.78142  3.20504  3.45439  4.26550  3.35013  3.75515  3.48998  3.54489  1.35572  2.42115  3.23489  5.69486  4.47827     84 s - - -
          2.68618  4.42225  2.77519  2.73123  3.46354  2.40513  3.72494  3.29354  2.67741  2.69355  4.24690  2.90347  2.73739  3.18146  2.89801  2.37887  2.77519  2.98518  4.58477  3.61503
          0.02390  4.14142  4.86377  0.61958  0.77255  0.48576  0.95510
     84   2.52358  4.21535  3.95716  3.41226  3.46533  3.69009  4.16310  2.02058  3.32615  2.43122  3.41510  3.68213  4.12852  3.60084  3.58984  2.69083  2.36705  1.58411  5.01116  3.80231     85 v - - -
          2.68618  4.42225  2.77519  2.73123  3.46354  2.40513  3.72494  3.29354  2.67741  2.69355  4.24690  2.90347  2.73739  3.18146  2.89801  2.37887  2.77519  2.98518  4.58477  3.61503
          0.02390  4.14142  4.86377  0.61958  0.77255  0.48576  0.95510
     85   2.85684  4.25419  4.43864  3.86818  3.22165  4.04568  4.34951  1.66500  3.73505  1.92316  3.21167  4.05476  4.37520  3.94200  3.89275  3.35674  3.09215  1.60542  4.90839  2.69305     86 v - - -
          2.68618  4.42225  2.77519  2.73123  3.46354  2.40513  3.72494  3.29354  2.67741  2.69355  4.24690  2.90347  2.73739  3.18146  2.89801  2.37887  2.77519  2.98518  4.58477  3.61503
          0.02390  4.14142  4.86377  0.61958  0.77255  0.48576  0.95510
     86   2.56657  4.30877  4.25997  3.71947  3.48884  3.98941  4.43325  1.36968  3.60515  2.03422  3.38082  3.97887  4.37182  3.88433  3.84019  3.31563  2.49723  1.91176  5.17307  3.97452     87 i - - -
          2.68618  4.42225  2.77519  2.73123  3.46354  2.40513  3.72494  3.29354  2.67741  2.69355  4.24690  2.90347  2.73739  3.18146  2.89801  2.37887  2.77519  2.98518  4.58477  3.61503
          0.02390  4.14142  4.86377  0.61958  0.77255  0.48576  0.95510
     87   3.17259  4.51775  4.83086  4.24918  2.25132  4.39092  4.66405  2.27477  4.11599  1.22110  2.11328  4.43748  4.61953  4.19943  4.20342  3.71764  3.39263  2.06773  5.01459  3.89585     88 l - - -
          2.68618  4.42225  2.77519  2.73123  3.46354  2.40513  3.72494  3.29354  2.67741  2.69355  4.24690  2.90347  2.73739  3.18146  2.89801  2.37887  2.77519  2.98518  4.58477  3.61503
          0.02390  4.14142  4.86377  0.61958  0.77255  0.48576  0.95510
     88   3.65891  5.03782  4.24701  4.03430  2.35723  4.15264  3.77895  3.63364  3.88484  3.01588  4.28172  4.07093  4.62360  4.12426  4.00977  3.76542  3.94881  3.51785  4.00866  0.61387     89 Y - - -
          2.68618  4.42225  2.77519  2.73123  3.46354  2.40513  3.72494  3.29354  2.67741  2.69355  4.24690  2.90347  2.73739  3.18146  2.89801  2.37887  2.77519  2.98518  4.58477  3.61503
          0.02390  4.14142  4.86377  0.61958  0.77255  0.48576  0.95510
     89   1.88815  4.26077  3.55435  3.00689  2.78127  2.78228  3.89240  2.80783  2.95455  2.53799  2.95713  3.36453  3.94179  3.24986  3.28543  2.65453  2.81659  2.57546  4.91882  3.68711     90 a - - -
          2.68618  4.42225  2.77519  2.73123  3.46354  2.40513  3.72494  3.29354  2.67741  2.69355  4.24690  2.90347  2.73739  3.18146  2.89801  2.37887  2.77519  2.98518  4.58477  3.61503
          0.02390  4.14142  4.86377  0.61958  0.77255  0.48576  0.95510
     90   3.26647  4.58420  4.94048  4.37161  2.52884  4.53189  4.81577  1.97973  4.24846  0.99439  2.95555  4.57618  4.73426  4.32630  4.34133  3.87220  3.48874  1.98108  5.12452  3.99975     91 l - - -
          2.68618  4.42225  2.77519  2.73123  3.46354  2.40513  3.72494  3.29354  2.67741  2.69355  4.24690  2.90347  2.73739  3.18146  2.89801  2.37887  2.77519  2.98518  4.58477  3.61503
          0.02390  4.14142  4.86377  0.61958  0.77255  0.48576  0.95510
     91   2.52744  3.39396  3.78734  3.24284  3.48519  3.48743  4.03929  2.48442  3.16507  2.52863  3.45568  3.51394  3.97899  3.44372  3.45107  2.45681  1.79843  2.15794  4.97381  3.76326     92 t - - -
          2.68618  4.42225  2.77519  2.73123  3.46354  2.40513  3.72494  3.29354  2.67741  2.69355  4.24690  2.90347  2.73739  3.18146  2.89801  2.37887  2.77519  2.98518  4.58477  3.61503
          0.02390  4.14142  4.86377  0.61958  0.77255  0.48576  0.95510
     92   3.62210  4.94722  4.60971  4.38279  0.65649  4.23281  4.02680  3.12169  4.28533  2.43281  3.81633  4.33358  4.69094  4.38063  4.33806  3.87272  3.92621  3.13091  4.21012  2.54918     93 F - - -
          2.68618  4.42225  2.77519  2.73123  3.46354  2.40513  3.72494  3.29354  2.67741  2.69355  4.24690  2.90347  2.73739  3.18146  2.89801  2.37887  2.77519  2.98518  4.58477  3.61503
          0.02390  4.14142  4.86377  0.61958  0.77255  0.48576  0.95510
     93   2.41594  3.64182  4.42019  3.84416  2.81579  3.96109  4.32400  1.96930  3.71514  2.04830  3.24505  4.00639  4.31038  3.91838  3.86086  3.27264  3.00759  1.44430  4.91815  3.72929     94 v - - -
          2.68618  4.42225  2.77519  2.73123  3.46354  2.40513  3.72494  3.29354  2.67741  2.69355  4.24690  2.90347  2.73739  3.18146  2.89801  2.37887  2.77519  2.98518  4.58477  3.61503
          0.02390  4.14142  4.86377  0.61958  0.77255  0.48576  0.95510
     94   2.98152  5.38543  2.43002  1.08835  4.67437  3.37035  3.80722  4.16762  2.62742  3.67752  4.54635  2.86474  3.94126  2.56921  3.07106  2.90846  3.25061  3.78968  5.82731  4.41616     95 e - - -
          2.68618  4.42225  2.77519  2.73123  3.46354  2.40513  3.72494  3.29354  2.67741  2.69355  4.24690  2.90347  2.73739  3.18146  2.89801  2.37887  2.77519  2.98518  4.58477  3.61503
          0.02390  4.14142  4.86377  0.61958  0.77255  0.48576  0.95510
     95   3.47124  4.85859  4.62065  4.27011  3.26092  4.32071  4.84248  2.48771  4.03560  0.60281  3.21462  4.51974  4.71511  4.33842  4.16418  3.93614  3.75615  2.59331  5.22882  4.01145     96 L - - -
          2.68618  4.42225  2.77519  2.73123  3.46354  2.40513  3.72494  3.29354  2.67741  2.69355  4.24690  2.90347  2.73739  3.18146  2.89801  2.37887  2.77519  2.98518  4.58477  3.61503
          0.02390  4.14142  4.86377  0.61958  0.77255  0.48576  0.95510
     96   3.03509  4.77504  3.76323  3.70095  4.82166  0.41317  4.79639  4.49502  3.91833  4.11228  5.09624  3.92867  4.17408  4.22171  4.11684  3.21604  3.53714  3.97125  5.83723  4.93555     97 G - - -
          2.68618  4.42225  2.77519  2.73123  3.46354  2.40513  3.72494  3.29354  2.67741  2.69355  4.24690  2.90347  2.73739  3.18146  2.89801  2.37887  2.77519  2.98518  4.58477  3.61503
          0.02390  4.14142  4.86377  0.61958  0.77255  0.48576  0.95510
     97   2.47904  4.30956  4.55083  3.98422  3.35276  4.17082  4.54367  1.52878  3.86902  1.85008  2.56350  4.18986  4.48417  4.07324  4.03551  3.49009  3.17249  1.70561  5.11038  3.94536     98 i - - -
          2.68618  4.42225  2.77519  2.73123  3.46354  2.40513  3.72494  3.29354  2.67741  2.69355  4.24690  2.90347  2.73739  3.18146  2.89801  2.37887  2.77519  2.98518  4.58477  3.61503
          0.02390  4.14142  4.86377  0.61958  0.77255  0.48576  0.95510
     98   2.89021  4.32606  4.33160  3.77192  3.39307  4.06496  4.44423  1.88278  3.66504  1.60544  3.27462  4.03268  4.40695  3.91202  3.88573  3.37753  2.23367  1.72046  5.11945  3.93926     99 l - - -
          2.68618  4.42225  2.77519  2.73123  3.46354  2.40513  3.72494  3.29354  2.67741  2.69355  4.24690  2.90347  2.73739  3.18146  2.89801  2.37887  2.77519  2.98518  4.58477  3.61503
          0.02390  4.14142  4.86377  0.61958  0.77255  0.48576  0.95510
     99   3.29038  4.63476  4.80986  4.26373  1.44674  4.45422  4.48991  2.37859  4.12060  1.37033  2.50048  4.42988  4.67856  4.20638  4.22044  3.78900  3.51036  2.49358  4.76864  3.40374    100 l - - -
          2.68618  4.42225  2.77519  2.73123  3.46354  2.40513  3.72494  3.29354  2.67741  2.69355  4.24690  2.90347  2.73739  3.18146  2.89801  2.37887  2.77519  2.98518  4.58477  3.61503
          0.02390  4.14142  4.86377  0.61958  0.77255  0.48576  0.95510
    100   2.52332  4.43229  4.31835  3.80529  1.52806  4.02237  4.20211  2.44895  3.68195  1.68823  3.21389  3.99956  4.38822  3.88756  3.86469  3.35626  3.22077  2.39810  4.67245  3.25267    101 f - - -
          2.68618  4.42225  2.77519  2.73123  3.46354  2.40513  3.72494  3.29354  2.67741  2.69355  4.24690  2.90347  2.73739  3.18146  2.89801  2.37887  2.77519  2.98518  4.58477  3.61503
          0.02390  4.14142  4.86377  0.61958  0.77255  0.48576  0.95510
    101   2.57942  3.50272  4.03253  3.44651  2.60255  3.68054  3.98565  2.37160  3.32833  2.11919  2.66706  3.37077  4.05087  3.55067  3.51286  2.70285  2.51787  2.20916  4.67383  3.48103    102 l - - -
          2.68618  4.42225  2.77519  2.73123  3.46354  2.40513  3.72494  3.29354  2.67741  2.69355  4.24690  2.90347  2.73739  3.18146  2.89801  2.37887  2.77519  2.98518  4.58477  3.61503
          0.02390  4.14142  4.86377  0.61958  0.77255  0.48576  0.95510
    102   2.34358  4.30798  3.33426  3.15570  4.53121  1.22403  4.33827  4.01661  3.34049  3.68012  4.49909  3.34967  3.78580  3.60861  3.66078  1.66117  2.84666  3.40074  5.84347  4.61795    103 g - - -
          2.68618  4.42225  2.77519  2.73123  3.46354  2.40513  3.72494  3.29354  2.67741  2.69355  4.24690  2.90347  2.73739  3.18146  2.89801  2.37887  2.77519  2.98518  4.58477  3.61503
          0.02390  4.14142  4.86377  0.61958  0.77255  0.48576  0.95510
    103   3.27360  4.56144  5.01320  4.47094  3.34414  4.63200  5.04836  1.44181  4.34898  1.20939  3.13063  4.69133  4.84551  4.49583  4.47896  3.99731  3.51088  1.68973  5.39254  4.28525    104 l - - -
          2.68618  4.42225  2.77519  2.73123  3.46354  2.40513  3.72494  3.29354  2.67741  2.69355  4.24690  2.90347  2.73739  3.18146  2.89801  2.37887  2.77519  2.98518  4.58477  3.61503
          0.02390  4.14142  4.86377  0.61958  0.77255  0.48576  0.95510
    104   3.43102  4.74944  4.88984  4.39811  1.70111  4.55230  4.45425  2.42292  4.24723  1.00977  3.03190  4.52011  4.77368  4.30901  4.32691  3.92374  3.65636  2.56086  4.66187  3.20028    105 l - - -
          2.68618  4.42225  2.77519  2.73123  3.46354  2.40513  3.72494  3.29354  2.67741  2.69355  4.24690  2.90347  2.73739  3.18146  2.89801  2.37887  2.77519  2.98518  4.58477  3.61503
          0.02390  4.14142  4.86377  0.61958  0.77255  0.48576  0.95510
    105   2.89066  2.37947  4.47516  3.96431  3.30570  3.92123  4.49889  2.32094  3.76786  1.15143  3.25779  4.10659  4.37032  4.02428  3.92365  3.31717  3.19010  2.23952  5.07509  3.86326    106 l - - -
          2.68618  4.42225  2.77519  2.73123  3.46354  2.40513  3.72494  3.29354  2.67741  2.69355  4.24690  2.90347  2.73739  3.18146  2.89801  2.37887  2.77519  2.98518  4.58477  3.61503
          0.02390  4.14142  4.86377  0.61958  0.77255  0.48576  0.95510
    106   3.31227  4.62111  4.98554  4.41507  3.16050  4.59928  4.92061  1.62093  4.27689  1.20729  1.95730  4.64280  4.78276  4.36775  4.37455  3.94565  3.53364  2.20345  5.22140  4.16343    107 l - - -
          2.68618  4.42225  2.77519  2.73123  3.46354  2.40513  3.72494  3.29354  2.67741  2.69355  4.24690  2.90347  2.73739  3.18146  2.89801  2.37887  2.77519  2.98518  4.58477  3.61503
          0.02390  4.14142  4.86377  0.61958  0.77255  0.48576  0.95510
    107   1.48635  4.22878  3.56334  3.28372  4.39658  3.01003  4.33985  3.77125  3.33172  3.50131  4.33871  3.40669  3.77004  3.61888  3.63223  1.23090  2.78584  3.22563  5.75050  4.53787    108 s - - -
          2.68618  4.42225  2.77519  2.73123  3.46354  2.40513  3.72494  3.29354  2.67741  2.69355  4.24690  2.90347  2.73739  3.18146  2.89801  2.37887  2.77519  2.98518  4.58477  3.61503
          0.02390  4.14142  4.86377  0.61958  0.77255  0.48576  0.95510
    108   2.50389  4.58125  3.01638  2.66986  4.29246  3.21213  3.91013  3.71808  2.76489  3.34680  4.16716  1.97357  3.81429  3.09701  3.18254  2.04667  1.92627  3.28639  5.56992  4.26281    109 t - - -
          2.68618  4.42225  2.77519  2.73123  3.46354  2.40513  3.72494  3.29354  2.67741  2.69355  4.24690  2.90347  2.73739  3.18146  2.89801  2.37887  2.77519  2.98518  4.58477  3.61503
          0.02390  4.14142  4.86377  0.61958  0.77255  0.48576  0.95510
    109   2.71994  4.26974  3.92967  3.36850  3.35612  3.78470  4.11897  1.74799  3.26327  2.04521  3.08933  3.67853  4.16429  3.54959  3.53030  2.16805  2.96544  2.21541  4.94481  3.73282    110 i - - -
          2.68618  4.42225  2.77519  2.73123  3.46354  2.40513  3.72494  3.29354  2.67741  2.69355  4.24690  2.90347  2.73739  3.18146  2.89801  2.37887  2.77519  2.98518  4.58477  3.61503
          0.02390  4.14142  4.86377  0.61958  0.77255  0.48576  0.95510
    110   2.69929  5.12274  2.60597  2.33319  4.44850  3.39514  3.62694  3.90794  1.69638  3.41430  4.19012  2.60844  3.82716  2.48437  2.80956  2.49012  2.78591  3.50760  5.56599  4.18180    111 k - - -
          2.68618  4.42225  2.77519  2.73123  3.46354  2.40513  3.72494  3.29354  2.67741  2.69355  4.24690  2.90347  2.73739  3.18146  2.89801  2.37887  2.77519  2.98518  4.58477  3.61503
          0.02390  4.14142  4.86377  0.61958  0.77255  0.48576  0.95510
    111   2.61436  4.86256  2.92842  2.28146  4.13635  2.83253  3.63805  3.27442  2.42570  3.14762  3.95158  2.80033  3.81708  2.49151  2.89036  2.29604  2.41215  3.21981  5.37265  4.02570    112 e - - -
          2.68618  4.42225  2.77519  2.73123  3.46354  2.40513  3.72494  3.29354  2.67741  2.69355  4.24690  2.90347  2.73739  3.18146  2.89801  2.37887  2.77519  2.98518  4.58477  3.61503
          0.02390  4.14142  4.86377  0.61958  0.77255  0.48576  0.95510
    112   2.37552  4.13582  3.81414  3.23758  3.06743  3.64473  3.93036  2.47609  3.14995  2.16523  3.24807  3.33913  4.01888  3.40753  3.40442  2.78934  2.71953  2.08758  4.73721  2.56372    113 v - - -
          2.68618  4.42225  2.77519  2.73123  3.46354  2.40513  3.72494  3.29354  2.67741  2.69355  4.24690  2.90347  2.73739  3.18146  2.89801  2.37887  2.77519  2.98518  4.58477  3.61503
          0.02390  4.14142  4.86377  0.61958  0.77255  0.48576  0.95510
    113   2.62578  4.22197  3.72913  3.15711  2.40628  3.65774  3.92277  2.63568  2.72352  2.16266  2.42495  3.49204  3.33650  3.34953  3.34481  2.92488  2.85776  2.45383  4.79375  3.56975    114 l - - -
          2.68618  4.42225  2.77519  2.73123  3.46354  2.40513  3.72494  3.29354  2.67741  2.69355  4.24690  2.90347  2.73739  3.18146  2.89801  2.37887  2.77519  2.98518  4.58477  3.61503
          0.02390  4.14142  4.86377  0.61958  0.77255  0.48576  0.95510
    114   3.25384  4.55689  4.97955  4.41588  2.85154  4.55915  4.89459  1.64729  4.29710  1.10821  3.01378  4.61723  4.76503  4.38902  4.39441  3.90589  3.48045  1.86537  5.21439  4.10950    115 l - - -
          2.68618  4.42225  2.77519  2.73123  3.46354  2.40513  3.72494  3.29354  2.67741  2.69355  4.24690  2.90347  2.73739  3.18146  2.89801  2.37887  2.77519  2.98518  4.58477  3.61503
          0.02390  4.14142  4.86377  0.61958  0.77255  0.48576  0.95510
    115   1.64042  4.33313  3.44067  3.17438  4.33241  3.10354  4.27743  3.65993  3.22854  3.39556  4.28435  3.38835  1.36850  3.54882  3.54132  2.57396  2.87056  3.19890  5.68568  4.46833    116 p - - -
          2.68618  4.42225  2.77519  2.73123  3.46354  2.40513  3.72494  3.29354  2.67741  2.69355  4.24690  2.90347  2.73739  3.18146  2.89801  2.37887  2.77519  2.98518  4.58477  3.61503
          0.02390  4.14142  4.86377  0.61958  0.77255  0.48576  0.95510
    116   2.32817  4.27433  3.48997  3.18804  4.33953  3.05152  4.26170  3.71048  3.20839  3.43589  4.28336  3.36949  3.78708  3.52723  3.52170  1.15140  1.93926  3.20421  5.69029  4.45996    117 s - - -
          2.68618  4.42225  2.77519  2.73123  3.46354  2.40513  3.72494  3.29354  2.67741  2.69355  4.24690  2.90347  2.73739  3.18146  2.89801  2.37887  2.77519  2.98518  4.58477  3.61503
          0.02390  4.14142  4.86377  0.61958  0.77255  0.48576  0.95510
    117   2.95637  4.34386  4.53358  3.96158  3.16420  4.14781  4.43486  1.57909  3.82290  1.45163  3.10916  4.15627  4.45021  4.00734  3.96887  3.46252  3.18745  2.00735  4.94001  2.99718    118 l - - -
          2.68618  4.42225  2.77519  2.73123  3.46354  2.40513  3.72494  3.29354  2.67741  2.69355  4.24690  2.90347  2.73739  3.18146  2.89801  2.37887  2.77519  2.98518  4.58477  3.61503
          0.02390  4.14142  4.86377  0.61958  0.77255  0.48576  0.95510
    118   1.37099  4.22239  3.60451  3.24931  4.31932  3.02931  4.27771  3.68016  3.25752  3.40303  4.23382  3.39261  3.76610  3.54769  3.57416  1.54942  2.34939  3.16676  5.67236  4.46518    119 a - - -
          2.68618  4.42225  2.77519  2.73123  3.46354  2.40513  3.72494  3.29354  2.67741  2.69355  4.24690  2.90347  2.73739  3.18146  2.89801  2.37887  2.77519  2.98518  4.58477  3.61503
          0.02390  4.14142  4.86377  0.61958  0.77255  0.48576  0.95510
    119   3.32332  4.61469  5.02478  4.46937  3.24743  4.65612  5.01492  1.29477  4.32970  1.22643  2.75564  4.70101  4.84226  4.45207  4.44378  4.01540  3.55166  2.03581  5.32126  4.23883    120 l - - -
          2.68618  4.42225  2.77519  2.73123  3.46354  2.40513  3.72494  3.29354  2.67741  2.69355  4.24690  2.90347  2.73739  3.18146  2.89801  2.37887  2.77519  2.98518  4.58477  3.61503
          0.02390  4.14142  4.86377  0.61958  0.77255  0.48576  0.95510
    120   2.37519  4.30592  3.54263  3.03188  3.74023  1.95631  4.00033  2.68240  2.98632  2.76870  3.67628  3.36001  3.90521  3.29874  3.33483  2.69993  2.25886  2.28340  5.18010  3.94675    121 g - - -
          2.68618  4.42225  2.77519  2.73123  3.46354  2.40513  3.72494  3.29354  2.67741  2.69355  4.24690  2.90347  2.73739  3.18146  2.89801  2.37887  2.77519  2.98518  4.58477  3.61503
          0.02390  4.14142  4.86377  0.61958  0.77255  0.48576  0.95510
    121   3.15153  4.47239  4.89316  4.32284  2.18792  4.41952  4.72718  1.69367  4.19151  1.35862  3.02243  4.48682  4.65936  4.29129  4.27776  3.75613  3.37872  1.85955  5.08265  3.93092    122 l - - -
          2.68618  4.42225  2.77519  2.73123  3.46354  2.40513  3.72494  3.29354  2.67741  2.69355  4.24690  2.90347  2.73739  3.18146  2.89801  2.37887  2.77519  2.98518  4.58477  3.61503
          0.02390  4.14142  4.86377  0.61958  0.77255  0.48576  0.95510
    122   1.11352  4.21408  3.56502  3.27309  4.40574  2.53536  4.33078  3.81860  3.33778  3.51008  4.32657  3.39537  3.75586  3.60694  3.64703  1.83312  2.76731  3.24903  5.74870  4.54765    123 a - - -
          2.68618  4.42225  2.77519  2.73123  3.46354  2.40513  3.72494  3.29354  2.67741  2.69355  4.24690  2.90347  2.73739  3.18146  2.89801  2.37887  2.77519  2.98518  4.58477  3.61503
          0.02390  4.14142  4.86377  0.61958  0.77255  0.48576  0.95510
    123   1.99905  4.22372  3.66658  3.10659  3.40948  3.29014  3.93598  2.26430  3.04015  2.25762  3.38278  3.44522  3.98979  3.32658  3.34809  2.64090  2.65904  2.26642  4.88840  3.67055    124 a - - -
          2.68618  4.42225  2.77519  2.73123  3.46354  2.40513  3.72494  3.29354  2.67741  2.69355  4.24690  2.90347  2.73739  3.18146  2.89801  2.37887  2.77519  2.98518  4.58477  3.61503
          0.02390  4.14142  4.86377  0.61958  0.77255  0.48576  0.95510
    124   1.93060  4.25302  3.65674  3.14320  3.62021  3.42610  4.03558  2.07468  3.08319  2.64901  3.57302  3.44310  3.94906  3.38389  3.40005  2.48544  2.16242  2.51683  5.09059  3.86994    125 a - - -
          2.68618  4.42225  2.77519  2.73123  3.46354  2.40513  3.72494  3.29354  2.67741  2.69355  4.24690  2.90347  2.73739  3.18146  2.89801  2.37887  2.77519  2.98518  4.58477  3.61503
          0.02390  4.14142  4.86377  0.61958  0.77255  0.48576  0.95510
    125   2.32924  4.27506  3.49092  3.18237  4.32971  3.05481  4.25425  3.69927  3.20007  3.42423  4.27149  3.36726  3.78738  3.51896  3.51528  1.20278  1.84898  3.19738  5.68080  4.45044    126 s - - -
          2.68618  4.42225  2.77519  2.73123  3.46354  2.40513  3.72494  3.29354  2.67741  2.69355  4.24690  2.90347  2.73739  3.18146  2.89801  2.37887  2.77519  2.98518  4.58477  3.61503
          0.02390  4.14142  4.86377  0.61958  0.77255  0.48576  0.95510
    126   3.23245  4.56159  4.90151  4.32528  1.72695  4.45998  4.68377  1.99219  4.18987  1.28906  2.54695  4.50337  4.67142  4.25487  4.26557  3.79202  3.45058  2.36810  4.98851  3.81751    127 l - - -
          2.68618  4.42225  2.77519  2.73123  3.46354  2.40513  3.72494  3.29354  2.67741  2.69355  4.24690  2.90347  2.73739  3.18146  2.89801  2.37887  2.77519  2.98518  4.58477  3.61503
          0.02390  4.14142  4.86377  0.61958  0.77255  0.48576  0.95510
    127   2.66411  4.41462  4.59986  4.02693  3.21780  4.24112  4.57693  1.77775  3.89879  1.35558  2.22127  4.25067  4.52314  4.07348  4.05126  3.56014  3.26348  2.13264  5.07877  3.95736    128 l - - -
          2.68618  4.42225  2.77519  2.73123  3.46354  2.40513  3.72494  3.29354  2.67741  2.69355  4.24690  2.90347  2.73739  3.18146  2.89801  2.37887  2.77519  2.98518  4.58477  3.61503
          0.02390  4.14142  4.86377  0.61958  0.77255  0.48576  0.95510
    128   2.81983  4.88023  3.13291  2.65291  3.74477  3.56196  1.82922  3.50923  2.38317  2.65405  3.96740  3.12377  3.97385  2.40420  2.70772  2.86700  3.04442  3.23390  5.10854  3.69033    129 h - - -
          2.68618  4.42225  2.77519  2.73123  3.46354  2.40513  3.72494  3.29354  2.67741  2.69355  4.24690  2.90347  2.73739  3.18146  2.89801  2.37887  2.77519  2.98518  4.58477  3.61503
          0.02390  4.14142  4.86377  0.61958  0.77255  0.48576  0.95510
    129   3.30537  4.59969  4.97272  4.45994  3.35250  4.63632  5.05291  1.09855  4.29553  1.43163  3.17046  4.68996  4.86771  4.49910  4.43960  4.02451  3.55011  1.89317  5.40667  4.24525    130 i - - -
          2.68618  4.42225  2.77519  2.73123  3.46354  2.40513  3.72494  3.29354  2.67741  2.69355  4.24690  2.90347  2.73739  3.18146  2.89801  2.37887  2.77519  2.98518  4.58477  3.61503
          0.02390  4.14142  4.86377  0.61958  0.77255  0.48576  0.95510
    130   2.45020  2.20205  3.82773  3.31325  3.54207  2.88230  4.08267  2.31217  3.22661  2.61959  3.52696  3.51675  3.92038  3.49985  3.49057  2.07332  2.79583  2.57153  5.01642  3.81164    131 s - - -
          2.68618  4.42225  2.77519  2.73123  3.46354  2.40513  3.72494  3.29354  2.67741  2.69355  4.24690  2.90347  2.73739  3.18146  2.89801  2.37887  2.77519  2.98518  4.58477  3.61503
          0.02390  4.14142  4.86377  0.61958  0.77255  0.48576  0.95510
    131   3.32510  4.61926  5.02722  4.46492  3.21960  4.64949  5.00172  1.57012  4.33944  1.04703  2.74413  4.69687  4.82937  4.43603  4.44552  4.00340  3.55043  1.99224  5.29766  4.23712    132 l - - -
          2.68618  4.42225  2.77519  2.73123  3.46354  2.40513  3.72494  3.29354  2.67741  2.69355  4.24690  2.90347  2.73739  3.18146  2.89801  2.37887  2.77519  2.98518  4.58477  3.61503
          0.02390  4.14142  4.86377  0.61958  0.77255  0.48576  0.95510
    132   3.35983  4.65578  5.00931  4.48058  3.24657  4.66857  5.03618  1.42588  4.31614  1.05337  3.05071  4.71810  4.86730  4.46929  4.43744  4.04900  3.59509  2.04891  5.33520  4.21834    133 l - - -
          2.68618  4.42225  2.77519  2.73123  3.46354  2.40513  3.72494  3.29354  2.67741  2.69355  4.24690  2.90347  2.73739  3.18146  2.89801  2.37887  2.77519  2.98518  4.58477  3.61503
          0.02390  4.14142  4.86377  0.61958  0.77255  0.48576  0.95510
    133   2.62891  4.22769  3.85792  3.32062  3.42745  3.01464  4.09101  2.47473  3.22486  1.75958  3.38576  3.60687  4.07998  3.51394  3.49403  2.95383  2.53623  1.82010  4.96579  3.75691    134 l - - -
          2.68618  4.42225  2.77519  2.73123  3.46354  2.40513  3.72494  3.29354  2.67741  2.69355  4.24690  2.90347  2.73739  3.18146  2.89801  2.37887  2.77519  2.98518  4.58477  3.61503
          0.02390  4.14142  4.86377  0.61958  0.77255  0.48576  0.95510
    134   3.11128  4.45378  4.79577  4.22489  1.82806  4.34211  4.61804  1.62295  4.09032  1.68023  2.63260  4.39197  4.59863  4.20353  4.18819  3.67195  3.33869  2.09825  4.99755  3.80959    135 i - - -
          2.68618  4.42225  2.77519  2.73123  3.46354  2.40513  3.72494  3.29354  2.67741  2.69355  4.24690  2.90347  2.73739  3.18146  2.89801  2.37887  2.77519  2.98518  4.58477  3.61503
          0.02390  4.14142  4.86377  0.61958  0.77255  0.48576  0.95510
    135   3.12681  5.10187  3.11252  2.88083  4.30512  3.56492  4.03822  3.98684  2.68470  3.46109  4.49029  3.33959  4.12789  0.82156  2.95963  3.16730  3.42776  3.70223  5.53250  4.24845    136 q - - -
          2.68618  4.42225  2.77519  2.73123  3.46354  2.40513  3.72494  3.29354  2.67741  2.69355  4.24690  2.90347  2.73739  3.18146  2.89801  2.37887  2.77519  2.98518  4.58477  3.61503
          0.02390  4.14142  4.86377  0.61958  0.77255  0.48576  0.95510
    136   3.41304  4.71181  5.04065  4.47841  3.15435  4.71071  5.02016  1.79708  4.32669  0.85358  2.71306  4.73730  4.86324  4.42277  4.43250  4.06945  3.63343  2.23342  5.27821  4.22554    137 l - - -
          2.68618  4.42225  2.77519  2.73123  3.46354  2.40513  3.72494  3.29354  2.67741  2.69355  4.24690  2.90347  2.73739  3.18146  2.89801  2.37887  2.77519  2.98518  4.58477  3.61503
          0.02390  4.14142  4.86377  0.61958  0.77255  0.48576  0.95510
    137   2.79907  4.19935  4.43194  3.85184  2.59034  3.95331  4.19125  1.92681  3.70793  1.78976  3.11902  3.98583  4.28652  3.87273  3.82390  3.25947  3.02948  1.93760  4.68723  2.46092    138 l - - -
          2.68618  4.42225  2.77519  2.73123  3.46354  2.40513  3.72494  3.29354  2.67741  2.69355  4.24690  2.90347  2.73739  3.18146  2.89801  2.37887  2.77519  2.98518  4.58477  3.61503
          0.02390  4.14142  4.86377  0.61958  0.77255  0.48576  0.95510
    138   2.66067  4.67497  3.14146  2.61024  3.86224  3.49909  3.71300  3.23398  2.32274  2.65114  2.88801  1.98720  3.89892  2.91022  2.87785  2.74870  2.89340  2.96590  5.19583  3.90158    139 n - - -
          2.68618  4.42225  2.77519  2.73123  3.46354  2.40513  3.72494  3.29354  2.67741  2.69355  4.24690  2.90347  2.73739  3.18146  2.89801  2.37887  2.77519  2.98518  4.58477  3.61503
          0.02390  4.14142  4.86377  0.61958  0.77255  0.48576  0.95510
    139   3.43460  4.75258  4.90030  4.40490  1.79499  4.56381  4.48951  2.41032  4.25481  0.96145  3.01638  4.53705  4.78004  4.31619  4.33498  3.93565  3.65941  2.55378  4.69759  3.25302    140 l - - -
          2.68618  4.42225  2.77519  2.73123  3.46354  2.40513  3.72494  3.29354  2.67741  2.69355  4.24690  2.90347  2.73739  3.18146  2.89801  2.37887  2.77519  2.98518  4.58477  3.61503
          0.02390  4.14142  4.86377  0.61958  0.77255  0.48576  0.95510
    140   2.24218  4.57137  3.12845  2.68648  4.17077  3.27174  3.85258  3.56433  2.34864  3.20496  4.03314  3.11179  3.82530  3.03814  3.06169  1.57879  2.45205  3.17977  5.45337  4.16429    141 s - - -
          2.68618  4.42225  2.77519  2.73123  3.46354  2.40513  3.72494  3.29354  2.67741  2.69355  4.24690  2.90347  2.73739  3.18146  2.89801  2.37887  2.77519  2.98518  4.58477  3.61503
          0.02390  4.14142  4.86377  0.61958  0.77255  0.48576  0.95510
    141   2.67177  4.91009  3.05066  2.47532  4.18543  3.46921  3.38883  3.21484  1.87652  2.88252  3.97775  2.71236  3.85371  2.76157  2.30732  2.55159  2.89393  3.26539  5.36896  4.04751    142 k - - -
          2.68618  4.42225  2.77519  2.73123  3.46354  2.40513  3.72494  3.29354  2.67741  2.69355  4.24690  2.90347  2.73739  3.18146  2.89801  2.37887  2.77519  2.98518  4.58477  3.61503
          0.02390  4.14142  4.86377  0.61958  0.77255  0.48576  0.95510
    142   2.70998  5.14332  2.73808  2.23658  4.48623  3.42764  3.32578  3.94154  1.74377  3.42591  4.19636  2.50883  3.83664  2.71681  2.35028  2.67537  2.93510  3.53566  5.55403  4.18573    143 k - - -
          2.68618  4.42225  2.77519  2.73123  3.46354  2.40513  3.72494  3.29354  2.67741  2.69355  4.24690  2.90347  2.73739  3.18146  2.89801  2.37887  2.77519  2.98518  4.58477  3.61503
          0.10645  4.14142  2.46417  0.61958  0.77255  0.48576  0.95510
    143   2.73896  5.07994  2.74773  2.36694  4.42119  3.39069  3.64323  3.86466  1.96181  3.38598  4.18945  2.04922  3.84574  2.54620  2.73302  2.35764  2.97805  3.48642  5.54135  4.18769    144 k - - -
          2.68618  4.42225  2.77519  2.73123  3.46354  2.40513  3.72494  3.29354  2.67741  2.69355  4.24690  2.90347  2.73739  3.18146  2.89801  2.37887  2.77519  2.98518  4.58477  3.61503
          0.01753  4.05251        *  0.61958  0.77255  0.00000        *
//
