HMMER3/f [3.2.1 | June 2018]
NAME  RM_restriction
LENG  125
ALPH  amino
RF    no
MM    no
CONS  yes
CS    no
MAP   yes
DATE  Fri Jun 18 18:44:29 2021
NSEQ  498
EFFN  13.651382
CKSUM 2594727608
STATS LOCAL MSV       -9.7119  0.71267
STATS LOCAL VITERBI  -11.0169  0.71267
STATS LOCAL FORWARD   -3.5796  0.71267
HMM          A        C        D        E        F        G        H        I        K        L        M        N        P        Q        R        S        T        V        W        Y   
            m->m     m->i     m->d     i->m     i->i     d->m     d->d
  COMPO   2.58364  4.59419  2.92221  2.63057  3.15426  2.96113  3.85951  2.63563  2.72767  2.29703  3.45148  3.05983  3.26391  3.13500  3.03107  2.78005  2.97579  2.68811  4.42934  3.38560
          2.68618  4.42225  2.77519  2.73123  3.46354  2.40513  3.72494  3.29354  2.67741  2.69355  4.24690  2.90347  2.73739  3.18146  2.89801  2.37887  2.77519  2.98518  4.58477  3.61503
          0.05046  6.01255  3.06278  0.61958  0.77255  0.00000        *
      1   5.16377  6.50802  6.92820  6.62932  4.66997  6.09791  6.88225  3.57643  6.31376  2.99530  0.14568  6.64569  6.47137  6.35946  6.26346  5.73990  5.50344  4.16196  6.87439  5.73787      1 M - - -
          2.68618  4.42225  2.77519  2.73123  3.46354  2.40513  3.72494  3.29354  2.67741  2.69355  4.24690  2.90347  2.73739  3.18146  2.89801  2.37887  2.77519  2.98518  4.58477  3.61503
          0.12648  5.96591  2.15204  0.61958  0.77255  0.78860  0.60602
      2   2.18691  5.82705  2.70386  2.48250  4.46942  3.16700  3.83490  3.83692  2.31766  3.38991  4.53254  2.36435  3.10874  2.90320  3.04172  2.05920  2.53918  3.49955  6.25969  4.21877      2 s - - -
          2.68618  4.42225  2.77519  2.73123  3.46354  2.40513  3.72494  3.29354  2.67741  2.69355  4.24690  2.90347  2.73739  3.18146  2.89801  2.37887  2.77519  2.98518  4.58477  3.61503
          0.14777  5.84866  2.00630  0.61958  0.77255  1.27677  0.32703
      3   2.81636  4.87445  2.63955  2.28154  3.74145  3.62603  3.85515  3.30080  2.12413  3.25335  4.08558  2.45286  3.31100  2.80860  2.85011  2.50950  2.58642  3.13401  5.46561  3.48571      3 k - - -
          2.68618  4.42225  2.77519  2.73123  3.46354  2.40513  3.72494  3.29354  2.67741  2.69355  4.24690  2.90347  2.73739  3.18146  2.89801  2.37887  2.77519  2.98518  4.58477  3.61503
          0.10653  5.70585  2.32563  0.61958  0.77255  1.61149  0.22263
      4   2.47709  4.88550  2.96250  2.48160  3.34050  3.35993  3.47343  2.88838  2.27285  2.61551  4.27982  2.79488  3.57894  2.80632  2.60643  2.81252  2.95310  3.31370  5.29340  3.00694      4 k - - -
          2.68618  4.42225  2.77519  2.73123  3.46354  2.40513  3.72494  3.29354  2.67741  2.69355  4.24690  2.90347  2.73739  3.18146  2.89801  2.37887  2.77519  2.98518  4.58477  3.61503
          0.17739  5.60480  1.83971  0.61958  0.77255  0.60966  0.78424
      5   2.95962  5.91972  1.38201  1.16593  5.26090  4.10456  4.33468  4.75282  2.85389  4.22325  4.96534  3.31171  4.23534  2.74493  3.25485  2.88359  3.57686  4.30902  6.35037  4.92746      5 e - - -
          2.68618  4.42225  2.77519  2.73123  3.46354  2.40513  3.72494  3.29354  2.67741  2.69355  4.24690  2.90347  2.73739  3.18146  2.89801  2.37887  2.77519  2.98518  4.58477  3.61503
          0.12871  5.77249  2.13998  0.61958  0.77255  0.85236  0.55584
      6   2.77787  4.28457  4.07969  3.51845  2.77366  4.18025  3.98551  1.91375  3.41566  1.59590  3.31923  3.78705  4.11665  3.49105  3.33533  3.23867  3.18344  2.06420  4.23942  3.35621      6 l - - -
          2.68618  4.42225  2.77519  2.73123  3.46354  2.40513  3.72494  3.29354  2.67741  2.69355  4.24690  2.90347  2.73739  3.18146  2.89801  2.37887  2.77519  2.98518  4.58477  3.61503
          0.00794  5.79211  5.32669  0.61958  0.77255  1.34809  0.30075
      7   2.57314  5.81106  2.43942  2.00384  4.77835  3.03680  4.12676  4.36529  1.87025  3.91492  4.85139  2.56011  3.74302  2.44415  2.43565  2.69987  3.08245  3.79265  5.42608  4.11811      7 k - - -
          2.68618  4.42225  2.77519  2.73123  3.46354  2.40513  3.72494  3.29354  2.67741  2.69355  4.24690  2.90347  2.73739  3.18146  2.89801  2.37887  2.77519  2.98518  4.58477  3.61503
          0.00442  5.81860  6.54094  0.61958  0.77255  1.52578  0.24520
      8   2.57590  5.13737  2.43479  1.88003  5.15918  3.57878  3.55882  4.44914  1.89554  3.71853  4.33953  2.87789  4.06031  2.44485  2.36377  2.58784  3.11281  3.69682  5.71496  4.23935      8 e - - -
          2.68618  4.42225  2.77519  2.73123  3.46354  2.40513  3.72494  3.29354  2.67741  2.69355  4.24690  2.90347  2.73739  3.18146  2.89801  2.37887  2.77519  2.98518  4.58477  3.61503
          0.00653  5.82188  5.64210  0.61958  0.77255  1.55219  0.23798
      9   2.98617  4.50971  5.37131  4.75524  2.71825  4.56803  4.90209  1.76818  4.34021  1.05459  3.45406  4.73371  4.93164  4.45061  3.60403  3.60141  3.37617  2.13348  4.83015  3.35043      9 l - - -
          2.68618  4.42225  2.77519  2.73123  3.46354  2.40513  3.72494  3.29354  2.67741  2.69355  4.24690  2.90347  2.73739  3.18146  2.89801  2.37887  2.77519  2.98518  4.58477  3.61503
          0.03232  5.81977  3.54610  0.61958  0.77255  1.55683  0.23674
     10   2.62352  4.80462  3.04861  2.63191  4.31352  3.17577  3.25036  3.96377  2.34855  2.89743  4.58151  2.79399  3.35789  2.55677  1.89267  2.44103  2.85005  3.31047  6.22081  3.99126     10 r - - -
          2.68618  4.42225  2.77519  2.73123  3.46354  2.40513  3.72494  3.29354  2.67741  2.69355  4.24690  2.90347  2.73739  3.18146  2.89801  2.37887  2.77519  2.98518  4.58477  3.61503
          0.01480  5.79200  4.45352  0.61958  0.77255  1.61518  0.22171
     11   2.32867  5.78651  2.62026  2.00657  4.25821  3.08998  3.84034  4.03703  2.17637  3.17999  4.45036  2.65506  3.73446  2.41937  2.50018  2.53323  3.07515  3.65756  6.21862  4.80708     11 e - - -
          2.68618  4.42225  2.77519  2.73123  3.46354  2.40513  3.72494  3.29354  2.67741  2.69355  4.24690  2.90347  2.73739  3.18146  2.89801  2.37887  2.77519  2.98518  4.58477  3.61503
          0.46817  5.77950  0.99219  0.61958  0.77255  0.75322  0.63648
     12   2.55516  4.59041  5.14584  4.53250  2.37496  4.21673  4.44019  1.71977  3.99812  1.52842  3.23227  3.82485  3.96881  4.46047  4.34221  2.96276  2.80672  2.19042  4.76974  3.70828     12 l - - -
          2.68618  4.42225  2.77519  2.73123  3.46354  2.40513  3.72494  3.29354  2.67741  2.69355  4.24690  2.90347  2.73739  3.18146  2.89801  2.37887  2.77519  2.98518  4.58477  3.61503
          0.00586  5.53905  6.26140  0.61958  0.77255  2.00223  0.14507
     13   2.16341  4.57902  3.15710  2.64047  4.81647  1.37386  3.95343  3.42205  2.45950  3.31261  4.11779  3.28341  4.33588  3.07269  3.24065  2.63144  2.85569  3.52607  5.98866  4.40248     13 g - - -
          2.68618  4.42225  2.77519  2.73123  3.46354  2.40513  3.72494  3.29354  2.67741  2.69355  4.24690  2.90347  2.73739  3.18146  2.89801  2.37887  2.77519  2.98518  4.58477  3.61503
          0.00578  5.55220  6.27454  0.61958  0.77255  2.00223  0.14507
     14   2.57258  5.01712  2.59304  2.53974  4.56531  3.37380  3.14172  3.98625  2.27311  3.19047  4.42454  2.96334  4.00390  2.77847  2.22138  2.22037  2.69993  3.81895  3.26351  3.71626     14 s - - -
          2.68618  4.42225  2.77519  2.73123  3.46354  2.40513  3.72494  3.29354  2.67741  2.69355  4.24690  2.90347  2.73739  3.18146  2.89801  2.37887  2.77519  2.98518  4.58477  3.61503
          0.03332  5.54802  3.54488  0.61958  0.77255  1.90591  0.16098
     15   2.90144  4.57278  4.75157  4.25669  2.56051  4.36762  4.69477  1.83335  3.93287  1.62790  2.37361  4.52368  4.72501  4.24650  4.08261  3.46093  3.07076  1.68288  5.17895  3.74117     15 l - - -
          2.68618  4.42225  2.77519  2.73123  3.46354  2.40513  3.72494  3.29354  2.67741  2.69355  4.24690  2.90347  2.73739  3.18146  2.89801  2.37887  2.77519  2.98518  4.58477  3.61503
          0.01972  5.54364  4.15970  0.61958  0.77255  1.86492  0.16831
     16   3.21458  4.58583  4.69098  4.49002  1.71816  4.17917  4.35395  2.52356  4.06171  2.22084  3.35872  4.29830  4.72458  4.18638  3.60613  3.68236  3.19326  2.66864  2.83523  1.50551     16 y - - -
          2.68618  4.42225  2.77519  2.73123  3.46354  2.40513  3.72494  3.29354  2.67741  2.69355  4.24690  2.90347  2.73739  3.18146  2.89801  2.37887  2.77519  2.98518  4.58477  3.61503
          0.01447  5.55254  4.55745  0.61958  0.77255  2.00981  0.14389
     17   2.91886  5.60420  2.33698  1.44478  4.66794  3.79189  3.92937  4.10212  2.39408  3.72533  4.40561  2.51641  4.08931  2.11866  3.21106  2.70916  3.09854  3.79496  6.01301  3.93467     17 e - - -
          2.68618  4.42225  2.77519  2.73123  3.46354  2.40513  3.72494  3.29354  2.67741  2.69355  4.24690  2.90347  2.73739  3.18146  2.89801  2.37887  2.77519  2.98518  4.58477  3.61503
          0.01198  5.54390  4.82860  0.61958  0.77255  1.98986  0.14701
     18   2.49604  3.65503  2.78714  2.36101  3.27488  2.88003  3.70136  4.43066  2.55117  3.32534  4.66334  2.65478  3.35378  2.67493  2.85537  2.53392  2.95033  3.85648  3.94640  2.55078     18 e - - -
          2.68618  4.42225  2.77519  2.73123  3.46354  2.40513  3.72494  3.29354  2.67741  2.69355  4.24690  2.90347  2.73739  3.18146  2.89801  2.37887  2.77519  2.98518  4.58477  3.61503
          0.00995  5.54154  5.11965  0.61958  0.77255  2.02143  0.14210
     19   2.82486  3.97455  4.73218  4.52408  2.05238  4.16163  3.96720  2.18013  4.31708  1.84681  3.25267  4.12134  4.73940  3.42526  3.74136  3.09707  2.87481  2.23700  3.30079  2.40728     19 l - - -
          2.68618  4.42225  2.77519  2.73123  3.46354  2.40513  3.72494  3.29354  2.67741  2.69355  4.24690  2.90347  2.73739  3.18146  2.89801  2.37887  2.77519  2.98518  4.58477  3.61503
          0.00924  5.53746  5.24778  0.61958  0.77255  2.02567  0.14145
     20   2.56859  4.79133  4.02473  3.31426  3.35272  3.70195  4.11680  2.32345  2.94934  1.37755  3.15954  2.91858  4.57427  3.57715  3.28544  2.91867  3.40472  2.42491  5.38629  3.50907     20 l - - -
          2.68618  4.42225  2.77519  2.73123  3.46354  2.40513  3.72494  3.29354  2.67741  2.69355  4.24690  2.90347  2.73739  3.18146  2.89801  2.37887  2.77519  2.98518  4.58477  3.61503
          0.31397  5.51426  1.32641  0.61958  0.77255  0.38725  1.13607
     21   2.16986  4.95578  2.52755  2.11179  4.16325  2.96042  3.64898  3.83709  2.44950  3.43114  4.81589  2.73739  3.38960  2.92082  2.87803  2.22636  2.64422  3.57195  5.45508  4.12146     21 e - - -
          2.68618  4.42225  2.77519  2.73123  3.46354  2.40513  3.72494  3.29354  2.67741  2.69355  4.24690  2.90347  2.73739  3.18146  2.89801  2.37887  2.77519  2.98518  4.58477  3.61503
          0.01297  5.76693  4.62991  0.61958  0.77255  0.57840  0.82278
     22   2.79451  3.98757  5.47370  4.85767  3.26654  4.67089  5.00493  1.98450  4.10556  1.31312  3.11004  4.83640  5.03450  4.26027  4.10302  3.60929  3.29983  1.36564  5.49594  4.00296     22 l - - -
          2.68618  4.42225  2.77519  2.73123  3.46354  2.40513  3.72494  3.29354  2.67741  2.69355  4.24690  2.90347  2.73739  3.18146  2.89801  2.37887  2.77519  2.98518  4.58477  3.61503
          0.00382  5.96511  6.68746  0.61958  0.77255  1.24711  0.33874
     23   2.95519  5.90406  1.66472  1.69637  5.25048  3.91382  3.14916  4.49619  2.34516  4.13660  4.71969  2.70385  3.81686  2.84836  2.57854  2.50678  3.25243  4.16676  5.79368  4.50001     23 d - - -
          2.68618  4.42225  2.77519  2.73123  3.46354  2.40513  3.72494  3.29354  2.67741  2.69355  4.24690  2.90347  2.73739  3.18146  2.89801  2.37887  2.77519  2.98518  4.58477  3.61503
          0.01673  5.96511  4.26686  0.61958  0.77255  1.16897  0.37206
     24   2.85497  5.89555  2.80920  2.07689  5.24189  3.62232  3.73470  4.49449  1.97178  3.58222  4.71055  2.40868  4.00739  2.52887  1.96489  2.51754  2.81274  3.64695  5.82828  4.32103     24 r - - -
          2.68618  4.42225  2.77519  2.73123  3.46354  2.40513  3.72494  3.29354  2.67741  2.69355  4.24690  2.90347  2.73739  3.18146  2.89801  2.37887  2.77519  2.98518  4.58477  3.61503
          0.10848  5.95225  2.30055  0.61958  0.77255  0.81715  0.58284
     25   3.15167  4.10903  5.43292  4.39889  3.45333  4.12024  4.75755  1.46811  4.44283  1.06171  3.09201  4.52764  4.99425  4.72928  4.34921  3.94230  3.49392  2.08847  5.45584  4.07431     25 l - - -
          2.68618  4.42225  2.77519  2.73123  3.46354  2.40513  3.72494  3.29354  2.67741  2.69355  4.24690  2.90347  2.73739  3.18146  2.89801  2.37887  2.77519  2.98518  4.58477  3.61503
          0.15349  5.90906  1.96915  0.61958  0.77255  0.75299  0.63668
     26   2.45013  5.83094  3.19946  2.32041  4.65192  3.89046  3.70510  3.73396  1.70310  3.55963  4.87148  2.70475  3.81343  2.85257  1.96170  2.75968  2.55786  3.57995  6.26336  4.06159     26 k - - -
          2.68618  4.42225  2.77519  2.73123  3.46354  2.40513  3.72494  3.29354  2.67741  2.69355  4.24690  2.90347  2.73739  3.18146  2.89801  2.37887  2.77519  2.98518  4.58477  3.61503
          0.00926  5.85355  5.05939  0.61958  0.77255  1.47254  0.26051
     27   2.69288  4.19112  5.39576  4.28907  2.52253  4.19096  4.10950  1.54009  4.26419  2.04444  3.01792  4.15710  4.46793  4.49934  4.57087  3.64422  2.97372  1.49635  4.72347  3.83164     27 v - - -
          2.68618  4.42225  2.77519  2.73123  3.46354  2.40513  3.72494  3.29354  2.67741  2.69355  4.24690  2.90347  2.73739  3.18146  2.89801  2.37887  2.77519  2.98518  4.58477  3.61503
          0.00423  5.86390  6.58625  0.61958  0.77255  1.47142  0.26084
     28   2.83937  3.29472  4.98052  4.13214  2.27819  4.25403  4.53203  1.87853  4.12644  1.31978  3.23379  3.65929  4.71275  4.44620  4.25600  3.60041  3.08921  2.45130  4.04865  3.18357     28 l - - -
          2.68618  4.42225  2.77519  2.73123  3.46354  2.40513  3.72494  3.29354  2.67741  2.69355  4.24690  2.90347  2.73739  3.18146  2.89801  2.37887  2.77519  2.98518  4.58477  3.61503
          0.00653  5.87182  5.60123  0.61958  0.77255  1.48224  0.25764
     29   2.97183  4.94523  1.20498  2.28267  5.19117  3.60283  4.13275  4.32004  2.52832  4.01475  4.88563  2.53576  2.74965  3.27511  3.08340  2.52631  3.23187  4.23632  6.27735  4.61767     29 d - - -
          2.68618  4.42225  2.77519  2.73123  3.46354  2.40513  3.72494  3.29354  2.67741  2.69355  4.24690  2.90347  2.73739  3.18146  2.89801  2.37887  2.77519  2.98518  4.58477  3.61503
          0.01103  5.87451  4.80821  0.61958  0.77255  1.52945  0.24418
     30   2.52117  5.78426  3.09278  2.52593  4.06952  2.98510  4.18913  3.27021  2.51948  3.17943  4.19403  3.17955  1.39922  3.08594  3.11826  2.66712  3.19401  3.53996  5.56063  4.45763     30 p - - -
          2.68618  4.42225  2.77519  2.73123  3.46354  2.40513  3.72494  3.29354  2.67741  2.69355  4.24690  2.90347  2.73739  3.18146  2.89801  2.37887  2.77519  2.98518  4.58477  3.61503
          0.32116  5.86635  1.30248  0.61958  0.77255  1.13014  0.39006
     31   2.22370  1.88361  3.87829  3.38867  3.66059  3.81641  3.94136  2.81666  3.45394  2.43563  2.80649  3.67546  2.39545  3.85006  3.64088  3.11634  2.52784  2.66565  5.04022  4.22492     31 c - - -
          2.68618  4.42225  2.77519  2.73123  3.46354  2.40513  3.72494  3.29354  2.67741  2.69355  4.24690  2.90347  2.73739  3.18146  2.89801  2.37887  2.77519  2.98518  4.58477  3.61503
          0.00541  5.61775  6.34010  0.61958  0.77255  1.90387  0.16133
     32   3.03574  5.65120  3.37108  2.83800  4.97295  0.85570  4.06639  4.03685  2.60325  3.83454  4.69958  3.26063  4.21909  3.06568  2.70083  2.98119  3.35222  3.90114  6.09658  4.70462     32 g - - -
          2.68618  4.42225  2.77519  2.73123  3.46354  2.40513  3.72494  3.29354  2.67741  2.69355  4.24690  2.90347  2.73739  3.18146  2.89801  2.37887  2.77519  2.98518  4.58477  3.61503
          0.01445  5.62495  4.53400  0.61958  0.77255  1.95478  0.15268
     33   2.40235  4.54740  2.95227  2.49665  4.54165  3.59570  3.76052  4.14625  2.36770  3.76270  4.48990  2.94792  4.04462  2.74700  2.92953  1.48155  2.26233  3.84897  6.11736  4.09941     33 s - - -
          2.68618  4.42225  2.77519  2.73123  3.46354  2.40513  3.72494  3.29354  2.67741  2.69355  4.24690  2.90347  2.73739  3.18146  2.89801  2.37887  2.77519  2.98518  4.58477  3.61503
          0.00947  5.61592  5.15163  0.61958  0.77255  1.96561  0.15090
     34   2.54139  4.67904  2.86606  2.78561  4.99217  1.15641  3.88711  4.46988  2.78200  3.77235  4.41064  2.59710  3.92515  3.16457  3.20334  2.40367  3.12121  4.04321  6.09880  4.46007     34 g - - -
          2.68618  4.42225  2.77519  2.73123  3.46354  2.40513  3.72494  3.29354  2.67741  2.69355  4.24690  2.90347  2.73739  3.18146  2.89801  2.37887  2.77519  2.98518  4.58477  3.61503
          0.10218  5.61189  2.37001  0.61958  0.77255  0.49372  0.94250
     35   2.04376  5.85442  2.81775  2.53892  4.64536  3.27887  2.60126  4.58714  2.57601  3.42125  4.89490  2.26060  3.59863  2.78790  2.83166  2.23830  2.57857  3.52963  5.33161  4.40301     35 a - - -
          2.68618  4.42225  2.77519  2.73123  3.46354  2.40513  3.72494  3.29354  2.67741  2.69355  4.24690  2.90347  2.73739  3.18146  2.89801  2.37887  2.77519  2.98518  4.58477  3.61503
          0.00412  5.89003  6.61237  0.61958  0.77255  1.51955  0.24694
     36   3.35539  4.82935  5.34968  4.20066  1.01515  4.60815  4.01386  2.25193  3.68874  2.54033  3.46443  4.75088  4.97243  4.67865  3.61539  3.79785  3.28897  2.94069  4.34927  2.04454     36 f - - -
          2.68618  4.42225  2.77519  2.73123  3.46354  2.40513  3.72494  3.29354  2.67741  2.69355  4.24690  2.90347  2.73739  3.18146  2.89801  2.37887  2.77519  2.98518  4.58477  3.61503
          0.00657  5.89003  5.57718  0.61958  0.77255  1.28601  0.32348
     37   2.56368  4.60775  5.04045  4.25515  3.17502  3.30724  4.47708  1.89214  4.13199  1.08599  3.11849  4.53260  4.22528  3.74093  4.18441  3.69868  3.19262  2.39458  4.42221  3.88252     37 l - - -
          2.68618  4.42225  2.77519  2.73123  3.46354  2.40513  3.72494  3.29354  2.67741  2.69355  4.24690  2.90347  2.73739  3.18146  2.89801  2.37887  2.77519  2.98518  4.58477  3.61503
          0.00403  5.91094  6.63328  0.61958  0.77255  1.38525  0.28803
     38   2.15801  4.45703  3.70802  3.51228  3.63589  3.66815  3.58932  1.98361  3.05373  2.25596  3.29340  3.20449  4.26800  3.71322  3.29601  3.23380  2.64345  1.92938  5.23108  3.34644     38 v - - -
          2.68618  4.42225  2.77519  2.73123  3.46354  2.40513  3.72494  3.29354  2.67741  2.69355  4.24690  2.90347  2.73739  3.18146  2.89801  2.37887  2.77519  2.98518  4.58477  3.61503
          0.00400  5.91834  6.64069  0.61958  0.77255  1.44683  0.26829
     39   2.61654  5.87086  2.85172  1.89909  5.21592  3.20992  3.88890  3.53367  2.50786  3.19629  3.67733  2.65965  3.77338  2.87795  2.23692  2.37587  2.79263  3.31286  6.30355  3.68270     39 e - - -
          2.68618  4.42225  2.77519  2.73123  3.46354  2.40513  3.72494  3.29354  2.67741  2.69355  4.24690  2.90347  2.73739  3.18146  2.89801  2.37887  2.77519  2.98518  4.58477  3.61503
          0.00400  5.91834  6.64069  0.61958  0.77255  1.44683  0.26829
     40   1.54820  4.26112  3.79100  3.11502  3.61960  3.46481  4.12382  2.47284  2.94885  2.37031  3.51414  3.43224  4.09625  3.49005  3.62528  2.74082  2.71059  2.27311  4.24970  4.03286     40 a - - -
          2.68618  4.42225  2.77519  2.73123  3.46354  2.40513  3.72494  3.29354  2.67741  2.69355  4.24690  2.90347  2.73739  3.18146  2.89801  2.37887  2.77519  2.98518  4.58477  3.61503
          0.33865  5.91094  1.25681  0.61958  0.77255  1.11064  0.39951
     41   2.45203  4.69906  3.33672  3.00414  3.06133  3.48773  3.94126  2.07856  2.71345  2.11094  3.91796  3.12440  3.57268  3.28028  3.47189  3.01027  2.74426  2.13244  5.65287  4.26503     41 i - - -
          2.68618  4.42225  2.77519  2.73123  3.46354  2.40513  3.72494  3.29354  2.67741  2.69355  4.24690  2.90347  2.73739  3.18146  2.89801  2.37887  2.77519  2.98518  4.58477  3.61503
          0.00532  5.63504  6.35739  0.61958  0.77255  1.93006  0.15682
     42   2.78168  4.14284  2.53969  1.91002  4.50191  3.46240  3.60674  3.87877  2.33900  2.86886  3.96272  3.29635  3.25617  2.53139  2.26759  2.81089  2.83424  3.55517  5.09561  3.88815     42 e - - -
          2.68618  4.42225  2.77519  2.73123  3.46354  2.40513  3.72494  3.29354  2.67741  2.69355  4.24690  2.90347  2.73739  3.18146  2.89801  2.37887  2.77519  2.98518  4.58477  3.61503
          0.00530  5.63820  6.36054  0.61958  0.77255  1.95315  0.15295
     43   2.87314  5.70401  2.56593  2.09966  5.05041  3.56370  2.71254  4.53731  1.97631  3.84094  4.74433  2.25811  4.09792  2.14200  2.73801  2.68301  3.03008  3.96851  6.13590  3.95134     43 k - - -
          2.68618  4.42225  2.77519  2.73123  3.46354  2.40513  3.72494  3.29354  2.67741  2.69355  4.24690  2.90347  2.73739  3.18146  2.89801  2.37887  2.77519  2.98518  4.58477  3.61503
          0.02028  5.63820  4.10338  0.61958  0.77255  1.92628  0.15746
     44   2.58648  3.52649  2.74886  2.63003  2.91608  3.83867  3.36895  3.47697  2.58865  3.25119  4.28126  2.05545  3.29386  2.40743  2.74236  2.54789  3.08862  3.76835  5.47395  3.91927     44 n - - -
          2.68618  4.42225  2.77519  2.73123  3.46354  2.40513  3.72494  3.29354  2.67741  2.69355  4.24690  2.90347  2.73739  3.18146  2.89801  2.37887  2.77519  2.98518  4.58477  3.61503
          0.00536  5.62648  6.34882  0.61958  0.77255  1.90478  0.16117
     45   3.16748  4.65160  5.24170  4.62633  2.56550  4.44692  4.51330  2.03663  3.73001  0.95715  3.13741  4.60960  4.81011  4.54168  4.17104  3.67391  3.50932  2.09273  5.27311  3.73398     45 l - - -
          2.68618  4.42225  2.77519  2.73123  3.46354  2.40513  3.72494  3.29354  2.67741  2.69355  4.24690  2.90347  2.73739  3.18146  2.89801  2.37887  2.77519  2.98518  4.58477  3.61503
          0.03102  5.63398  3.61315  0.61958  0.77255  0.44355  1.02653
     46   3.15414  4.42381  4.95083  3.85532  1.92983  4.25276  4.10802  2.71681  3.90550  1.94759  3.69729  3.98140  4.16827  4.11148  3.64123  2.98917  2.77715  2.43911  4.42333  1.61390     46 y - - -
          2.68618  4.42225  2.77519  2.73123  3.46354  2.40513  3.72494  3.29354  2.67741  2.69355  4.24690  2.90347  2.73739  3.18146  2.89801  2.37887  2.77519  2.98518  4.58477  3.61503
          0.00384  5.96001  6.68236  0.61958  0.77255  1.32362  0.30948
     47   2.43767  5.89431  3.31647  2.78544  5.23562  0.85451  4.22455  4.71907  2.63391  3.93293  4.93619  3.27736  4.23139  3.21925  3.42628  2.60978  3.39689  4.01180  6.32920  4.92026     47 g - - -
          2.68618  4.42225  2.77519  2.73123  3.46354  2.40513  3.72494  3.29354  2.67741  2.69355  4.24690  2.90347  2.73739  3.18146  2.89801  2.37887  2.77519  2.98518  4.58477  3.61503
          0.01048  5.96001  4.84827  0.61958  0.77255  1.32362  0.30948
     48   2.99009  4.31759  4.26507  3.64928  3.09732  4.28590  4.68204  1.67532  3.44774  1.62283  3.59509  3.71744  4.29207  3.66300  3.77649  3.59369  2.86006  1.67307  5.54026  3.84535     48 l - - -
          2.68618  4.42225  2.77519  2.73123  3.46354  2.40513  3.72494  3.29354  2.67741  2.69355  4.24690  2.90347  2.73739  3.18146  2.89801  2.37887  2.77519  2.98518  4.58477  3.61503
          0.32786  5.95340  1.28396  0.61958  0.77255  0.89048  0.52841
     49   2.79230  5.73805  1.45029  1.48226  5.08400  3.79589  3.56690  4.57064  2.76709  3.88883  4.77850  2.94282  3.92757  2.82590  3.06649  2.84152  3.25903  3.64566  6.17018  4.44876     49 d - - -
          2.68618  4.42225  2.77519  2.73123  3.46354  2.40513  3.72494  3.29354  2.67741  2.69355  4.24690  2.90347  2.73739  3.18146  2.89801  2.37887  2.77519  2.98518  4.58477  3.61503
          0.00500  5.69721  6.41956  0.61958  0.77255  1.87788  0.16595
     50   3.02646  4.68560  5.20590  4.59461  2.91441  3.70649  4.79482  1.41747  3.00712  1.68193  3.56467  4.60714  3.53547  4.29958  3.83279  3.33939  2.91815  2.18355  3.60228  3.51336     50 i - - -
          2.68618  4.42225  2.77519  2.73123  3.46354  2.40513  3.72494  3.29354  2.67741  2.69355  4.24690  2.90347  2.73739  3.18146  2.89801  2.37887  2.77519  2.98518  4.58477  3.61503
          0.01206  5.68003  4.75844  0.61958  0.77255  1.87788  0.16595
     51   2.72254  5.71842  2.10686  2.13471  4.11299  3.45405  3.23452  3.99587  2.40224  3.40002  4.06444  1.90419  4.11999  2.90105  2.91690  2.77744  2.93048  3.53294  5.02603  3.97947     51 n - - -
          2.68618  4.42225  2.77519  2.73123  3.46354  2.40513  3.72494  3.29354  2.67741  2.69355  4.24690  2.90347  2.73739  3.18146  2.89801  2.37887  2.77519  2.98518  4.58477  3.61503
          0.00512  5.67308  6.39543  0.61958  0.77255  1.88741  0.16424
     52   2.47402  5.22706  2.34348  1.91928  4.42743  2.79566  3.70387  3.86263  2.45540  3.66489  4.14527  2.80469  2.71277  3.02682  2.95569  2.57951  2.72890  3.69390  5.01080  3.82991     52 e - - -
          2.68618  4.42225  2.77519  2.73123  3.46354  2.40513  3.72494  3.29354  2.67741  2.69355  4.24690  2.90347  2.73739  3.18146  2.89801  2.37887  2.77519  2.98518  4.58477  3.61503
          0.24858  5.67308  1.52943  0.61958  0.77255  0.71519  0.67158
     53   2.68528  5.22701  2.82658  2.54403  2.93951  3.35886  3.67410  3.06419  2.49344  2.89905  3.80267  2.17601  3.45323  3.10082  2.42427  2.83119  2.92901  3.01918  4.58211  3.97586     53 n - - -
          2.68618  4.42225  2.77519  2.73123  3.46354  2.40513  3.72494  3.29354  2.67741  2.69355  4.24690  2.90347  2.73739  3.18146  2.89801  2.37887  2.77519  2.98518  4.58477  3.61503
          0.00986  5.70567  5.03817  0.61958  0.77255  1.80035  0.18061
     54   1.76503  4.57628  3.32445  2.69920  3.80692  3.19467  3.53178  3.07701  2.66564  3.11035  3.95325  3.19310  3.13921  3.05520  2.98668  2.33475  2.57602  2.69790  5.99408  3.97836     54 a - - -
          2.68618  4.42225  2.77519  2.73123  3.46354  2.40513  3.72494  3.29354  2.67741  2.69355  4.24690  2.90347  2.73739  3.18146  2.89801  2.37887  2.77519  2.98518  4.58477  3.61503
          0.00496  5.70530  6.42764  0.61958  0.77255  1.76447  0.18787
     55   2.13161  4.47621  3.63204  3.22486  2.92920  3.28660  2.55768  2.69056  2.99291  2.53548  3.69289  3.72689  4.29812  3.41429  3.59301  2.90648  3.02115  2.00634  4.45716  2.72149     55 v - - -
          2.68618  4.42225  2.77519  2.73123  3.46354  2.40513  3.72494  3.29354  2.67741  2.69355  4.24690  2.90347  2.73739  3.18146  2.89801  2.37887  2.77519  2.98518  4.58477  3.61503
          0.00491  5.71393  6.43628  0.61958  0.77255  1.54802  0.23911
     56   2.61253  4.88006  2.77290  1.40541  5.10717  3.54445  4.04515  3.77754  2.50279  3.54033  4.13077  2.79040  3.68851  2.37869  3.07332  2.73994  2.68585  3.46943  5.27041  4.22031     56 e - - -
          2.68618  4.42225  2.77519  2.73123  3.46354  2.40513  3.72494  3.29354  2.67741  2.69355  4.24690  2.90347  2.73739  3.18146  2.89801  2.37887  2.77519  2.98518  4.58477  3.61503
          0.00475  5.74801  6.47035  0.61958  0.77255  1.77550  0.18561
     57   3.20754  4.53672  5.51500  4.91109  3.67266  4.10823  5.09082  1.39740  4.70558  1.18038  3.16206  4.90135  5.08549  4.83919  4.71776  4.05478  3.59062  1.64984  5.56791  4.39218     57 l - - -
          2.68618  4.42225  2.77519  2.73123  3.46354  2.40513  3.72494  3.29354  2.67741  2.69355  4.24690  2.90347  2.73739  3.18146  2.89801  2.37887  2.77519  2.98518  4.58477  3.61503
          0.00475  5.74801  6.47035  0.61958  0.77255  1.77550  0.18561
     58   1.12354  4.21616  3.05055  2.57128  4.78294  3.29408  4.02817  3.79125  2.61154  3.43072  4.47232  3.06044  4.06500  3.11935  3.12503  2.53494  3.03156  3.19046  6.15525  4.56979     58 a - - -
          2.68618  4.42225  2.77519  2.73123  3.46354  2.40513  3.72494  3.29354  2.67741  2.69355  4.24690  2.90347  2.73739  3.18146  2.89801  2.37887  2.77519  2.98518  4.58477  3.61503
          0.00475  5.74801  6.47035  0.61958  0.77255  1.77550  0.18561
     59   2.55570  4.62276  2.93965  2.21768  4.60606  3.23917  3.46950  3.66113  1.83731  3.46561  4.33548  3.10771  3.85162  2.16326  2.34615  2.62726  3.09942  3.78962  4.90864  4.06297     59 k - - -
          2.68618  4.42225  2.77519  2.73123  3.46354  2.40513  3.72494  3.29354  2.67741  2.69355  4.24690  2.90347  2.73739  3.18146  2.89801  2.37887  2.77519  2.98518  4.58477  3.61503
          0.01901  5.74801  4.15804  0.61958  0.77255  1.77550  0.18561
     60   3.02594  4.83428  4.36766  3.22252  2.51397  3.94719  4.30599  2.68520  3.38631  1.47603  2.91272  3.81704  4.17518  3.01439  2.95024  3.38367  2.87819  2.11080  3.97421  3.75153     60 l - - -
          2.68618  4.42225  2.77519  2.73123  3.46354  2.40513  3.72494  3.29354  2.67741  2.69355  4.24690  2.90347  2.73739  3.18146  2.89801  2.37887  2.77519  2.98518  4.58477  3.61503
          0.07975  5.72288  2.61203  0.61958  0.77255  0.80333  0.59391
     61   3.05021  4.78887  4.98189  4.77523  2.55640  4.58862  4.58164  1.57197  4.55826  1.03780  3.39997  4.75441  4.95081  4.68654  4.56266  3.90072  3.50391  2.19358  5.41151  3.74274     61 l - - -
          2.68618  4.42225  2.77519  2.73123  3.46354  2.40513  3.72494  3.29354  2.67741  2.69355  4.24690  2.90347  2.73739  3.18146  2.89801  2.37887  2.77519  2.98518  4.58477  3.61503
          0.00439  5.82569  6.54803  0.61958  0.77255  1.58450  0.22948
     62   2.51145  5.32107  2.92430  2.14401  4.62781  3.66010  3.54742  4.08426  1.91123  3.65732  4.29433  2.66001  2.94082  2.86102  2.57732  2.45379  2.47385  3.41426  6.24000  4.30104     62 k - - -
          2.68618  4.42225  2.77519  2.73123  3.46354  2.40513  3.72494  3.29354  2.67741  2.69355  4.24690  2.90347  2.73739  3.18146  2.89801  2.37887  2.77519  2.98518  4.58477  3.61503
          0.19034  5.81523  1.76994  0.61958  0.77255  0.82799  0.57434
     63   2.46805  5.59441  2.39012  2.96204  4.01692  1.18272  3.94818  4.19201  2.97257  3.47167  4.02305  3.12563  4.47001  3.21914  3.52275  2.67093  2.82699  3.65802  5.27886  3.68562     63 g - - -
          2.68618  4.42225  2.77519  2.73123  3.46354  2.40513  3.72494  3.29354  2.67741  2.69355  4.24690  2.90347  2.73739  3.18146  2.89801  2.37887  2.77519  2.98518  4.58477  3.61503
          0.00469  5.76106  6.48341  0.61958  0.77255  1.71491  0.19843
     64   2.87403  5.77450  2.62526  2.62480  4.81586  3.84383  3.67566  4.39219  2.50822  4.07994  4.81508  1.01757  4.42995  3.11425  2.93993  2.57048  3.10891  4.04411  6.20694  4.55221     64 n - - -
          2.68618  4.42225  2.77519  2.73123  3.46354  2.40513  3.72494  3.29354  2.67741  2.69355  4.24690  2.90347  2.73739  3.18146  2.89801  2.37887  2.77519  2.98518  4.58477  3.61503
          0.01722  5.76106  4.27434  0.61958  0.77255  1.65186  0.21281
     65   2.83773  5.75328  2.35284  2.39114  4.39738  3.23913  4.22418  3.66673  2.44088  3.58148  4.40316  3.35377  1.38470  3.18519  2.93302  2.81409  2.96373  3.67788  6.19031  4.27483     65 p - - -
          2.68618  4.42225  2.77519  2.73123  3.46354  2.40513  3.72494  3.29354  2.67741  2.69355  4.24690  2.90347  2.73739  3.18146  2.89801  2.37887  2.77519  2.98518  4.58477  3.61503
          0.03994  5.75529  3.32461  0.61958  0.77255  0.54477  0.86744
     66   3.16080  5.85262  3.13983  2.96419  5.16349  3.71413  4.23089  4.37962  2.94437  3.96715  4.90736  3.60932  0.62480  3.51674  3.44774  3.20574  3.39745  4.09489  6.30894  4.91923     66 P - - -
          2.68618  4.42225  2.77519  2.73123  3.46354  2.40513  3.72494  3.29354  2.67741  2.69355  4.24690  2.90347  2.73739  3.18146  2.89801  2.37887  2.77519  2.98518  4.58477  3.61503
          0.01468  5.94692  4.42649  0.61958  0.77255  1.26527  0.33151
     67   3.15358  4.92329  3.76448  3.72763  2.01188  3.54080  4.14304  2.57402  3.53835  2.19918  3.62100  3.83510  4.94572  4.19385  3.92231  3.70078  3.34125  2.62622  3.28899  1.39466     67 y - - -
          2.68618  4.42225  2.77519  2.73123  3.46354  2.40513  3.72494  3.29354  2.67741  2.69355  4.24690  2.90347  2.73739  3.18146  2.89801  2.37887  2.77519  2.98518  4.58477  3.61503
          0.36054  5.93174  1.20383  0.61958  0.77255  1.12609  0.39201
     68   3.26105  4.21222  5.23108  4.61592  1.52328  4.43062  4.30455  2.31969  4.39905  2.49725  3.36748  4.59452  4.79407  4.26338  4.40427  3.52452  3.49320  2.05807  4.13179  1.54882     68 f - - -
          2.68618  4.42225  2.77519  2.73123  3.46354  2.40513  3.72494  3.29354  2.67741  2.69355  4.24690  2.90347  2.73739  3.18146  2.89801  2.37887  2.77519  2.98518  4.58477  3.61503
          0.00547  5.60772  6.33007  0.61958  0.77255  1.95004  0.15346
     69   2.02476  3.76148  3.47398  2.72771  4.01244  3.46709  3.88992  2.94979  2.53492  2.72035  3.41404  2.94508  4.23070  3.19883  2.88067  2.17538  2.61117  2.66098  5.83388  3.71423     69 a - - -
          2.68618  4.42225  2.77519  2.73123  3.46354  2.40513  3.72494  3.29354  2.67741  2.69355  4.24690  2.90347  2.73739  3.18146  2.89801  2.37887  2.77519  2.98518  4.58477  3.61503
          0.00547  5.60772  6.33007  0.61958  0.77255  1.95004  0.15346
     70   2.56381  3.41181  4.41256  3.39981  3.04770  3.43645  3.86304  2.30180  3.07752  1.93782  3.45086  3.71451  3.52346  3.76136  3.26622  2.86620  2.86722  2.15864  4.49999  2.71301     70 l - - -
          2.68618  4.42225  2.77519  2.73123  3.46354  2.40513  3.72494  3.29354  2.67741  2.69355  4.24690  2.90347  2.73739  3.18146  2.89801  2.37887  2.77519  2.98518  4.58477  3.61503
          0.10850  5.60772  2.31106  0.61958  0.77255  0.38132  1.14874
     71   3.01546  4.83546  5.43627  4.59893  1.16753  4.63260  4.96650  2.55515  4.60268  2.32199  3.51029  4.79841  4.99617  4.30146  4.60710  3.71145  3.55812  2.05865  2.92451  2.18637     71 f - - -
          2.68618  4.42225  2.77519  2.73123  3.46354  2.40513  3.72494  3.29354  2.67741  2.69355  4.24690  2.90347  2.73739  3.18146  2.89801  2.37887  2.77519  2.98518  4.58477  3.61503
          0.00403  5.91094  6.63328  0.61958  0.77255  1.39821  0.28374
     72   2.91937  4.38637  4.90114  4.42815  2.36331  4.32924  4.09621  1.82357  3.68951  1.71235  2.76283  4.24287  4.99584  4.35066  4.18397  3.36759  3.48619  1.72801  4.25475  2.91674     72 l - - -
          2.68618  4.42225  2.77519  2.73123  3.46354  2.40513  3.72494  3.29354  2.67741  2.69355  4.24690  2.90347  2.73739  3.18146  2.89801  2.37887  2.77519  2.98518  4.58477  3.61503
          0.00402  5.91397  6.63632  0.61958  0.77255  1.35400  0.29868
     73   2.17925  4.88422  2.57194  1.72519  4.48348  3.14832  3.84751  3.99763  2.37711  3.56583  4.38894  2.95640  3.81719  2.82623  2.43759  2.66231  2.97592  3.44270  5.39451  3.93961     73 e - - -
          2.68618  4.42225  2.77519  2.73123  3.46354  2.40513  3.72494  3.29354  2.67741  2.69355  4.24690  2.90347  2.73739  3.18146  2.89801  2.37887  2.77519  2.98518  4.58477  3.61503
          0.00521  5.91987  5.98615  0.61958  0.77255  1.38698  0.28745
     74   2.83713  4.78715  2.87112  2.14616  4.26714  3.76379  2.58945  4.69638  1.86988  3.16024  4.38784  3.07593  3.99958  2.73357  2.04626  2.68600  3.25238  3.71551  4.12800  3.76608     74 k - - -
          2.68618  4.42225  2.77519  2.73123  3.46354  2.40513  3.72494  3.29354  2.67741  2.69355  4.24690  2.90347  2.73739  3.18146  2.89801  2.37887  2.77519  2.98518  4.58477  3.61503
          0.02098  5.91174  4.01441  0.61958  0.77255  1.39045  0.28630
     75   1.64311  3.93415  3.04518  2.95009  3.56316  2.84219  3.85781  2.80265  3.07024  2.41887  3.88279  3.31702  3.44650  3.54178  3.31513  2.53680  2.52000  2.95629  5.04784  4.48477     75 a - - -
          2.68618  4.42225  2.77519  2.73123  3.46354  2.40513  3.72494  3.29354  2.67741  2.69355  4.24690  2.90347  2.73739  3.18146  2.89801  2.37887  2.77519  2.98518  4.58477  3.61503
          0.43146  5.88845  1.05651  0.61958  0.77255  1.24138  0.34106
     76   2.08767  3.95286  3.60006  2.73162  3.10069  3.93287  3.76088  3.05820  2.84365  2.32294  3.56469  3.16239  3.86473  3.27133  2.35214  2.50527  2.81484  2.77046  4.12186  3.56788     76 a - - -
          2.68618  4.42225  2.77519  2.73123  3.46354  2.40513  3.72494  3.29354  2.67741  2.69355  4.24690  2.90347  2.73739  3.18146  2.89801  2.37887  2.77519  2.98518  4.58477  3.61503
          0.00604  5.50894  6.23128  0.61958  0.77255  2.04164  0.13905
     77   2.12375  5.63151  1.85627  2.27671  4.46797  3.39937  3.72227  4.19117  2.26983  3.52295  4.67204  2.66854  3.99664  2.61941  2.76315  2.61859  2.95883  3.72520  5.51052  4.20064     77 d - - -
          2.68618  4.42225  2.77519  2.73123  3.46354  2.40513  3.72494  3.29354  2.67741  2.69355  4.24690  2.90347  2.73739  3.18146  2.89801  2.37887  2.77519  2.98518  4.58477  3.61503
          0.00602  5.51145  6.23379  0.61958  0.77255  2.05819  0.13660
     78   2.93447  4.11313  5.06423  4.45511  3.39249  4.35188  4.10293  2.15188  3.79582  1.12079  3.16019  4.33582  4.71650  3.71283  2.95311  3.17469  3.16496  2.33582  4.89356  2.89182     78 l - - -
          2.68618  4.42225  2.77519  2.73123  3.46354  2.40513  3.72494  3.29354  2.67741  2.69355  4.24690  2.90347  2.73739  3.18146  2.89801  2.37887  2.77519  2.98518  4.58477  3.61503
          0.01456  5.51145  4.56460  0.61958  0.77255  2.05819  0.13660
     79   2.56558  3.93971  5.12791  4.33303  3.19793  4.02385  4.68877  2.08855  3.52125  1.30935  2.34336  4.20764  4.72052  4.12255  4.32223  3.36870  2.90968  2.09462  5.19019  3.63528     79 l - - -
          2.68618  4.42225  2.77519  2.73123  3.46354  2.40513  3.72494  3.29354  2.67741  2.69355  4.24690  2.90347  2.73739  3.18146  2.89801  2.37887  2.77519  2.98518  4.58477  3.61503
          0.07578  5.50520  2.67494  0.61958  0.77255  0.37944  1.15278
     80   3.21042  4.67702  3.57810  3.24745  5.32217  0.43900  4.52843  4.76081  3.38427  4.22940  5.15094  3.20445  4.85599  3.77010  4.06541  3.48866  3.82157  4.39157  6.55584  5.19099     80 G - - -
          2.68618  4.42225  2.77519  2.73123  3.46354  2.40513  3.72494  3.29354  2.67741  2.69355  4.24690  2.90347  2.73739  3.18146  2.89801  2.37887  2.77519  2.98518  4.58477  3.61503
          0.02164  5.92122  3.97766  0.61958  0.77255  1.35031  0.29997
     81   2.64131  4.35701  3.32516  3.00633  2.92165  4.05770  3.71326  2.39245  2.67914  2.50412  3.31930  3.05828  3.98721  3.08040  2.59984  2.56150  2.85844  2.41363  4.20915  3.43118     81 i - - -
          2.68618  4.42225  2.77519  2.73123  3.46354  2.40513  3.72494  3.29354  2.67741  2.69355  4.24690  2.90347  2.73739  3.18146  2.89801  2.37887  2.77519  2.98518  4.58477  3.61503
          0.10996  5.89780  2.28883  0.61958  0.77255  0.68820  0.69812
     82   2.13422  3.92243  3.90862  3.39268  2.92732  3.99719  4.37256  2.57409  3.37575  2.02621  3.57071  3.77444  3.29244  3.55287  3.64993  2.91179  2.37990  2.01484  3.96627  3.23653     82 v - - -
          2.68618  4.42225  2.77519  2.73123  3.46354  2.40513  3.72494  3.29354  2.67741  2.69355  4.24690  2.90347  2.73739  3.18146  2.89801  2.37887  2.77519  2.98518  4.58477  3.61503
          0.00410  5.89492  6.61726  0.61958  0.77255  1.43455  0.27210
     83   1.73133  4.56204  2.22970  2.18183  4.90291  2.28562  3.93255  3.86645  2.56919  4.05322  4.75842  3.40281  3.58821  2.94071  2.96361  2.37348  2.94426  4.05775  6.28926  4.64783     83 a - - -
          2.68618  4.42225  2.77519  2.73123  3.46354  2.40513  3.72494  3.29354  2.67741  2.69355  4.24690  2.90347  2.73739  3.18146  2.89801  2.37887  2.77519  2.98518  4.58477  3.61503
          0.01316  5.89492  4.57326  0.61958  0.77255  1.43455  0.27210
     84   2.35629  4.86983  4.20878  3.89134  1.86403  4.14057  3.53083  2.46752  3.74605  2.07016  2.87866  4.34145  4.93108  3.39659  3.90593  3.66931  3.23170  2.00388  5.48554  2.37019     84 f - - -
          2.68618  4.42225  2.77519  2.73123  3.46354  2.40513  3.72494  3.29354  2.67741  2.69355  4.24690  2.90347  2.73739  3.18146  2.89801  2.37887  2.77519  2.98518  4.58477  3.61503
          0.00984  5.88589  4.95945  0.61958  0.77255  1.37091  0.29286
     85   3.73690  4.83886  6.02445  5.44949  3.72710  5.30583  5.71520  0.94011  5.27515  1.82385  3.54943  5.47415  5.61111  4.84341  5.30195  4.64797  4.23231  1.23982  6.13281  4.96907     85 i - - -
          2.68618  4.42225  2.77519  2.73123  3.46354  2.40513  3.72494  3.29354  2.67741  2.69355  4.24690  2.90347  2.73739  3.18146  2.89801  2.37887  2.77519  2.98518  4.58477  3.61503
          0.00660  5.88646  5.57362  0.61958  0.77255  1.45168  0.26680
     86   2.49533  5.10088  2.73211  2.66193  3.32275  3.41651  3.67211  3.17922  2.60231  2.95787  4.34288  2.81260  4.11538  3.06500  2.98412  2.24172  1.91295  3.16737  5.06823  3.66286     86 t - - -
          2.68618  4.42225  2.77519  2.73123  3.46354  2.40513  3.72494  3.29354  2.67741  2.69355  4.24690  2.90347  2.73739  3.18146  2.89801  2.37887  2.77519  2.98518  4.58477  3.61503
          0.26061  5.88106  1.48445  0.61958  0.77255  0.82632  0.57564
     87   2.62880  4.78665  2.85924  2.20697  5.09826  3.51675  3.64741  4.01216  2.06665  3.56205  4.42386  2.75507  2.74158  2.81532  2.25666  2.24235  2.94941  3.80271  6.18471  3.51974     87 k - - -
          2.68618  4.42225  2.77519  2.73123  3.46354  2.40513  3.72494  3.29354  2.67741  2.69355  4.24690  2.90347  2.73739  3.18146  2.89801  2.37887  2.77519  2.98518  4.58477  3.61503
          0.00729  5.72365  5.52365  0.61958  0.77255  1.68343  0.20547
     88   2.62680  4.93411  2.62310  2.18929  3.96980  3.25648  3.67573  4.01919  2.09799  3.34723  4.54008  2.97589  4.14034  2.69305  2.12694  2.38235  2.88990  3.32125  4.77540  3.89173     88 k - - -
          2.68618  4.42225  2.77519  2.73123  3.46354  2.40513  3.72494  3.29354  2.67741  2.69355  4.24690  2.90347  2.73739  3.18146  2.89801  2.37887  2.77519  2.98518  4.58477  3.61503
          0.01839  5.72279  4.20281  0.61958  0.77255  0.41213  1.08542
     89   3.23043  4.48681  5.48620  4.15352  2.86184  4.68015  4.57273  1.40481  4.65179  1.24630  2.99465  4.84684  5.04372  4.78050  4.48809  3.79000  3.12550  2.05074  5.06967  3.70381     89 l - - -
          2.68618  4.42225  2.77519  2.73123  3.46354  2.40513  3.72494  3.29354  2.67741  2.69355  4.24690  2.90347  2.73739  3.18146  2.89801  2.37887  2.77519  2.98518  4.58477  3.61503
          0.01092  5.97735  4.78869  0.61958  0.77255  0.99482  0.46170
     90   3.11311  4.76651  4.73938  4.15989  2.59039  4.29506  4.83929  1.96852  4.05970  0.99781  2.83950  4.40479  4.16372  4.50953  4.02413  3.83618  3.59187  2.26388  4.74439  3.74418     90 l - - -
          2.68618  4.42225  2.77519  2.73123  3.46354  2.40513  3.72494  3.29354  2.67741  2.69355  4.24690  2.90347  2.73739  3.18146  2.89801  2.37887  2.77519  2.98518  4.58477  3.61503
          0.00537  5.98215  5.86785  0.61958  0.77255  1.08365  0.41303
     91   2.62491  5.42600  1.95870  1.71626  5.25067  3.36860  3.97679  4.61529  2.27316  4.21010  4.65109  2.53319  3.49442  2.50851  2.71636  2.50393  3.20959  4.10427  6.33610  4.71296     91 e - - -
          2.68618  4.42225  2.77519  2.73123  3.46354  2.40513  3.72494  3.29354  2.67741  2.69355  4.24690  2.90347  2.73739  3.18146  2.89801  2.37887  2.77519  2.98518  4.58477  3.61503
          0.54112  5.96531  0.87867  0.61958  0.77255  0.97658  0.47256
     92   2.68729  3.95176  4.06174  3.27361  2.84527  3.96385  4.52659  2.00034  3.42244  1.93715  3.46862  3.77260  3.14024  3.54022  2.77762  2.77323  2.85215  2.25275  4.74057  3.35177     92 l - - -
          2.68618  4.42225  2.77519  2.73123  3.46354  2.40513  3.72494  3.29354  2.67741  2.69355  4.24690  2.90347  2.73739  3.18146  2.89801  2.37887  2.77519  2.98518  4.58477  3.61503
          0.00627  5.47107  6.19342  0.61958  0.77255  2.06329  0.13586
     93   2.84308  5.60408  1.72300  2.02064  4.42303  3.20566  3.95990  4.43432  2.43223  3.27042  4.10944  2.83788  3.42375  2.77693  3.09708  2.59532  2.48790  3.65189  6.03704  4.09361     93 d - - -
          2.68618  4.42225  2.77519  2.73123  3.46354  2.40513  3.72494  3.29354  2.67741  2.69355  4.24690  2.90347  2.73739  3.18146  2.89801  2.37887  2.77519  2.98518  4.58477  3.61503
          0.15617  5.46437  1.96360  0.61958  0.77255  0.48866  0.95050
     94   3.06314  6.09477  3.47790  3.60928  6.10559  0.31468  5.33283  5.61026  4.42316  4.87270  6.00564  3.73905  5.11178  4.28178  4.96140  2.92860  4.11584  5.02396  7.35630  5.95893     94 G - - -
          2.68618  4.42225  2.77519  2.73123  3.46354  2.40513  3.72494  3.29354  2.67741  2.69355  4.24690  2.90347  2.73739  3.18146  2.89801  2.37887  2.77519  2.98518  4.58477  3.61503
          0.01288  5.79377  4.63072  0.61958  0.77255  1.61965  0.22061
     95   2.97794  5.23677  2.67180  2.11953  4.29861  3.01662  3.89743  4.25482  2.10047  3.11820  4.53596  2.76876  4.14867  2.61771  2.44565  2.12212  2.76138  3.39700  4.95764  3.98864     95 k - - -
          2.68618  4.42225  2.77519  2.73123  3.46354  2.40513  3.72494  3.29354  2.67741  2.69355  4.24690  2.90347  2.73739  3.18146  2.89801  2.37887  2.77519  2.98518  4.58477  3.61503
          0.01325  5.78378  4.59672  0.61958  0.77255  1.54358  0.24031
     96   2.82282  5.15533  1.95071  1.91258  4.27403  3.25302  3.38901  3.88213  2.35075  3.62719  4.82627  2.71537  3.85857  2.91558  2.94640  2.33787  3.14027  3.54180  6.21817  3.13850     96 e - - -
          2.68618  4.42225  2.77519  2.73123  3.46354  2.40513  3.72494  3.29354  2.67741  2.69355  4.24690  2.90347  2.73739  3.18146  2.89801  2.37887  2.77519  2.98518  4.58477  3.61503
          0.13379  5.78036  2.10260  0.61958  0.77255  1.59998  0.22552
     97   2.55057  4.26955  3.32928  2.94065  2.63388  3.50051  3.59793  2.43689  2.79609  1.70725  3.78271  3.71343  4.14383  3.71630  3.11526  3.03274  3.09199  2.52420  4.02604  3.30094     97 l - - -
          2.68618  4.42225  2.77519  2.73123  3.46354  2.40513  3.72494  3.29354  2.67741  2.69355  4.24690  2.90347  2.73739  3.18146  2.89801  2.37887  2.77519  2.98518  4.58477  3.61503
          0.02371  5.65573  3.91557  0.61958  0.77255  1.81598  0.17755
     98   2.45438  4.78178  3.24488  2.73840  3.72769  3.32455  3.72658  2.49842  2.45470  2.53051  3.55308  2.89497  3.59790  2.85771  2.80725  2.63324  2.87655  2.43503  4.94246  4.00499     98 v - - -
          2.68618  4.42225  2.77519  2.73123  3.46354  2.40513  3.72494  3.29354  2.67741  2.69355  4.24690  2.90347  2.73739  3.18146  2.89801  2.37887  2.77519  2.98518  4.58477  3.61503
          0.33869  5.63339  1.25977  0.61958  0.77255  0.79438  0.60123
     99   2.71828  4.86914  3.00375  2.71707  3.19375  3.24732  3.42323  2.85837  2.42752  2.25376  4.24710  3.15859  3.89491  2.91025  2.64553  2.70188  2.90276  2.80341  4.47272  2.97589     99 l - - -
          2.68618  4.42225  2.77519  2.73123  3.46354  2.40513  3.72494  3.29354  2.67741  2.69355  4.24690  2.90347  2.73739  3.18146  2.89801  2.37887  2.77519  2.98518  4.58477  3.61503
          0.02851  5.57587  3.71665  0.61958  0.77255  1.45649  0.26534
    100   2.83703  5.09197  2.56460  2.50193  3.58753  3.20103  3.42061  2.97316  2.36503  2.97732  4.08732  2.27429  4.15134  2.86180  2.62376  2.48322  2.68802  3.27015  6.10585  3.79566    100 n - - -
          2.68618  4.42225  2.77519  2.73123  3.46354  2.40513  3.72494  3.29354  2.67741  2.69355  4.24690  2.90347  2.73739  3.18146  2.89801  2.37887  2.77519  2.98518  4.58477  3.61503
          0.00815  5.62833  5.39776  0.61958  0.77255  0.78526  0.60881
    101   3.10297  5.23976  3.37609  3.12505  5.12947  3.93770  4.51363  4.57174  3.18065  4.13336  4.92783  3.58754  0.54086  3.47451  3.65914  3.22819  3.56516  4.08420  6.33566  4.96926    101 P - - -
          2.68618  4.42225  2.77519  2.73123  3.46354  2.40513  3.72494  3.29354  2.67741  2.69355  4.24690  2.90347  2.73739  3.18146  2.89801  2.37887  2.77519  2.98518  4.58477  3.61503
          0.01730  5.83289  4.25311  0.61958  0.77255  1.50382  0.25139
    102   2.22717  4.89451  2.86072  2.03299  3.65038  3.47584  3.75579  2.98090  2.52161  3.04268  3.82723  3.01848  3.41099  3.03162  2.79929  2.66761  2.57876  2.86580  6.20110  3.89078    102 e - - -
          2.68618  4.42225  2.77519  2.73123  3.46354  2.40513  3.72494  3.29354  2.67741  2.69355  4.24690  2.90347  2.73739  3.18146  2.89801  2.37887  2.77519  2.98518  4.58477  3.61503
          0.01670  5.81889  4.29839  0.61958  0.77255  1.54555  0.23978
    103   2.43712  4.49361  3.16412  2.87773  3.27140  3.25199  3.90466  2.44316  2.80282  2.34141  3.64505  2.70263  4.30448  3.12018  3.09839  2.85998  2.82808  2.57844  4.45342  2.77221    103 l - - -
          2.68618  4.42225  2.77519  2.73123  3.46354  2.40513  3.72494  3.29354  2.67741  2.69355  4.24690  2.90347  2.73739  3.18146  2.89801  2.37887  2.77519  2.98518  4.58477  3.61503
          0.00697  5.80667  5.53608  0.61958  0.77255  1.55649  0.23683
    104   2.42559  5.33358  2.69518  2.50314  3.47520  3.36140  3.39057  3.13260  2.30931  2.81062  4.04457  2.70792  3.51222  2.73266  2.74253  2.71870  2.77056  3.06741  6.21248  3.37123    104 k - - -
          2.68618  4.42225  2.77519  2.73123  3.46354  2.40513  3.72494  3.29354  2.67741  2.69355  4.24690  2.90347  2.73739  3.18146  2.89801  2.37887  2.77519  2.98518  4.58477  3.61503
          0.00448  5.80572  6.52807  0.61958  0.77255  1.57413  0.23217
    105   2.47689  5.79634  2.86334  2.08709  3.43902  3.46592  3.38869  3.89273  2.24205  3.24553  4.49902  2.60132  3.65669  2.53460  2.73842  2.52389  2.81076  3.20317  6.22936  3.46828    105 e - - -
          2.68618  4.42225  2.77519  2.73123  3.46354  2.40513  3.72494  3.29354  2.67741  2.69355  4.24690  2.90347  2.73739  3.18146  2.89801  2.37887  2.77519  2.98518  4.58477  3.61503
          0.38895  5.80125  1.14192  0.61958  0.77255  0.64001  0.74927
    106   2.33640  5.04622  2.13539  2.02684  4.80731  2.82218  3.50954  3.31618  2.38520  3.52725  4.59355  2.70883  3.73860  2.92540  2.91146  2.47405  2.86422  3.72450  6.12850  4.16668    106 e - - -
          2.68618  4.42225  2.77519  2.73123  3.46354  2.40513  3.72494  3.29354  2.67741  2.69355  4.24690  2.90347  2.73739  3.18146  2.89801  2.37887  2.77519  2.98518  4.58477  3.61503
          0.00535  5.62890  6.35124  0.61958  0.77255  1.77107  0.18651
    107   3.24760  4.81483  5.31487  4.72767  0.92734  4.25287  4.75323  3.25326  4.04945  2.39426  3.75598  4.69836  4.94650  4.64183  4.54018  3.80629  3.67502  2.95825  3.91100  1.63954    107 f - - -
          2.68618  4.42225  2.77519  2.73123  3.46354  2.40513  3.72494  3.29354  2.67741  2.69355  4.24690  2.90347  2.73739  3.18146  2.89801  2.37887  2.77519  2.98518  4.58477  3.61503
          0.05744  5.63188  2.95187  0.61958  0.77255  0.36514  1.18450
    108   2.06539  5.23882  2.68668  2.24899  4.44067  2.55067  3.92532  4.11813  2.58634  3.45754  4.22558  2.78382  4.02936  2.92385  2.87442  2.07321  2.50223  3.58000  5.81275  3.97640    108 a - - -
          2.68618  4.42225  2.77519  2.73123  3.46354  2.40513  3.72494  3.29354  2.67741  2.69355  4.24690  2.90347  2.73739  3.18146  2.89801  2.37887  2.77519  2.98518  4.58477  3.61503
          0.00395  5.93202  6.65436  0.61958  0.77255  1.22322  0.34854
    109   2.68913  4.23821  5.12356  4.62003  2.77898  4.47143  4.54148  1.86284  3.52281  1.34594  2.72760  4.56870  5.00956  4.19888  4.26263  3.43948  3.44033  1.80038  4.27986  4.02567    109 l - - -
          2.68618  4.42225  2.77519  2.73123  3.46354  2.40513  3.72494  3.29354  2.67741  2.69355  4.24690  2.90347  2.73739  3.18146  2.89801  2.37887  2.77519  2.98518  4.58477  3.61503
          0.00395  5.93202  6.65436  0.61958  0.77255  1.22322  0.34854
    110   3.30905  4.84990  5.45174  4.39453  2.68320  4.64723  4.71204  1.58975  4.38821  1.13386  3.23640  4.81336  5.01082  4.74687  4.40460  3.48101  3.09787  2.33417  4.43494  2.91473    110 l - - -
          2.68618  4.42225  2.77519  2.73123  3.46354  2.40513  3.72494  3.29354  2.67741  2.69355  4.24690  2.90347  2.73739  3.18146  2.89801  2.37887  2.77519  2.98518  4.58477  3.61503
          0.00395  5.93202  6.65436  0.61958  0.77255  1.19806  0.35922
    111   2.73912  4.94635  2.70598  2.33899  5.22949  3.64066  3.21456  4.11491  2.29802  3.27908  4.56582  2.07096  3.93974  2.25834  2.65240  2.20778  2.87754  3.71413  6.31544  4.16722    111 n - - -
          2.68618  4.42225  2.77519  2.73123  3.46354  2.40513  3.72494  3.29354  2.67741  2.69355  4.24690  2.90347  2.73739  3.18146  2.89801  2.37887  2.77519  2.98518  4.58477  3.61503
          0.00394  5.93420  6.65655  0.61958  0.77255  1.21569  0.35169
    112   2.49659  4.67379  2.75206  2.43681  4.73827  3.18998  3.99659  3.90097  2.37327  4.06014  4.42423  2.55884  3.96307  2.90313  2.42121  1.65803  2.81693  3.82719  6.30985  3.43662    112 s - - -
          2.68618  4.42225  2.77519  2.73123  3.46354  2.40513  3.72494  3.29354  2.67741  2.69355  4.24690  2.90347  2.73739  3.18146  2.89801  2.37887  2.77519  2.98518  4.58477  3.61503
          0.00397  5.92712  6.64946  0.61958  0.77255  1.21569  0.35169
    113   2.31867  4.12525  2.99946  2.34715  4.79141  3.11348  3.74563  4.16333  1.95921  3.57491  4.61698  2.80470  3.16998  2.50087  2.36535  2.46212  2.92100  3.61389  5.10976  3.98403    113 k - - -
          2.68618  4.42225  2.77519  2.73123  3.46354  2.40513  3.72494  3.29354  2.67741  2.69355  4.24690  2.90347  2.73739  3.18146  2.89801  2.37887  2.77519  2.98518  4.58477  3.61503
          0.01077  5.92712  4.82307  0.61958  0.77255  1.21569  0.35169
    114   2.69181  4.99216  3.38832  3.14495  2.59935  2.76801  3.70935  2.58734  2.69354  1.88987  3.20422  3.41747  4.32343  3.15466  3.11034  3.20780  2.85204  2.52650  5.23569  3.33122    114 l - - -
          2.68618  4.42225  2.77519  2.73123  3.46354  2.40513  3.72494  3.29354  2.67741  2.69355  4.24690  2.90347  2.73739  3.18146  2.89801  2.37887  2.77519  2.98518  4.58477  3.61503
          0.49205  5.90696  0.95216  0.61958  0.77255  0.61509  0.77782
    115   2.81107  5.31416  5.28147  5.29704  6.12239  3.79554  6.14087  5.60450  5.40931  5.32180  6.09172  4.89357  0.21551  5.54924  5.46784  3.60706  3.98519  4.33963  7.45501  6.40661    115 P - - -
          2.68618  4.42225  2.77519  2.73123  3.46354  2.40513  3.72494  3.29354  2.67741  2.69355  4.24690  2.90347  2.73739  3.18146  2.89801  2.37887  2.77519  2.98518  4.58477  3.61503
          0.37891  5.54252  1.16644  0.61958  0.77255  0.46339  0.99196
    116   2.63605  5.65885  2.78205  2.41705  3.89655  2.68444  3.49614  3.21426  2.41823  2.92770  3.29324  2.87537  3.79292  2.77746  2.95956  2.52088  2.78541  3.67014  4.39218  2.77953    116 e - - -
          2.68618  4.42225  2.77519  2.73123  3.46354  2.40513  3.72494  3.29354  2.67741  2.69355  4.24690  2.90347  2.73739  3.18146  2.89801  2.37887  2.77519  2.98518  4.58477  3.61503
          0.00522  5.65428  6.37663  0.61958  0.77255  0.60064  0.79509
    117   2.67731  5.43561  1.98900  1.69802  4.85237  3.61293  3.97576  4.31590  2.18826  4.16984  4.90432  2.67804  4.33515  2.38013  2.78726  2.68416  2.65348  3.85780  6.29590  4.88416    117 e - - -
          2.68618  4.42225  2.77519  2.73123  3.46354  2.40513  3.72494  3.29354  2.67741  2.69355  4.24690  2.90347  2.73739  3.18146  2.89801  2.37887  2.77519  2.98518  4.58477  3.61503
          0.00407  5.90295  6.62530  0.61958  0.77255  0.72495  0.66232
    118   3.31108  4.72181  5.07729  4.41284  3.60893  4.67481  5.00894  1.10659  4.64141  1.64322  2.78134  4.83876  4.49359  4.37791  4.39385  3.98641  3.42364  1.68704  5.50117  4.32530    118 i - - -
          2.68618  4.42225  2.77519  2.73123  3.46354  2.40513  3.72494  3.29354  2.67741  2.69355  4.24690  2.90347  2.73739  3.18146  2.89801  2.37887  2.77519  2.98518  4.58477  3.61503
          0.47647  5.96610  0.97694  0.61958  0.77255  0.61216  0.78128
    119   5.79446  6.57509  6.46476  6.51123  2.48551  6.11922  4.62052  5.29824  6.26260  3.96179  5.78049  5.58531  6.35010  5.79239  5.97788  5.54121  5.96818  5.27743  0.34659  1.97764    119 W - - -
          2.68618  4.42225  2.77519  2.73123  3.46354  2.40513  3.72494  3.29354  2.67741  2.69355  4.24690  2.90347  2.73739  3.18146  2.89801  2.37887  2.77519  2.98518  4.58477  3.61503
          0.39631  5.55359  1.12909  0.61958  0.77255  0.33884  1.24687
    120   3.22726  4.75817  5.36702  4.75420  3.09031  4.57404  4.91201  1.52969  4.54103  0.97760  3.40190  4.48424  4.92978  4.66704  4.54691  3.88827  3.05285  2.22629  5.39220  3.92115    120 l - - -
          2.68618  4.42225  2.77519  2.73123  3.46354  2.40513  3.72494  3.29354  2.67741  2.69355  4.24690  2.90347  2.73739  3.18146  2.89801  2.37887  2.77519  2.98518  4.58477  3.61503
          0.26346  5.68832  1.47742  0.61958  0.77255  0.55726  0.85045
    121   3.45820  6.09218  0.76544  2.04634  5.42283  3.69880  4.44765  4.92522  3.01772  4.39160  5.14838  2.78549  3.47073  3.25967  3.70587  2.87271  3.77936  4.28275  6.52117  5.07556    121 d - - -
          2.68618  4.42225  2.77519  2.73123  3.46354  2.40513  3.72494  3.29354  2.67741  2.69355  4.24690  2.90347  2.73739  3.18146  2.89801  2.37887  2.77519  2.98518  4.58477  3.61503
          0.00499  5.69944  6.42179  0.61958  0.77255  1.69207  0.20351
    122   2.41767  5.32830  2.17310  1.95609  4.32470  2.85139  3.94479  4.06679  2.24470  3.47859  4.77850  2.80358  3.68598  2.64307  2.99352  2.48598  2.92092  3.81126  6.17030  3.51264    122 e - - -
          2.68618  4.42225  2.77519  2.73123  3.46354  2.40513  3.72494  3.29354  2.67741  2.69355  4.24690  2.90347  2.73739  3.18146  2.89801  2.37887  2.77519  2.98518  4.58477  3.61503
          0.02165  5.69944  4.01344  0.61958  0.77255  1.67487  0.20743
    123   2.28409  4.66458  4.04624  3.74955  3.28482  3.80929  4.72316  2.19168  4.00377  1.38521  3.09464  4.31955  3.88737  4.00330  3.82361  3.31726  3.05703  1.86203  4.29096  3.59643    123 l - - -
          2.68618  4.42225  2.77519  2.73123  3.46354  2.40513  3.72494  3.29354  2.67741  2.69355  4.24690  2.90347  2.73739  3.18146  2.89801  2.37887  2.77519  2.98518  4.58477  3.61503
          0.38523  5.62236  1.15172  0.61958  0.77255  0.58104  0.81943
    124   2.58721  4.62293  2.58614  2.14518  3.85900  3.22642  3.45218  3.83743  2.03751  3.56255  4.11727  2.63031  3.53041  2.77639  2.54008  2.50307  2.94842  4.04299  6.08534  3.29635    124 k - - -
          2.68618  4.42225  2.77519  2.73123  3.46354  2.40513  3.72494  3.29354  2.67741  2.69355  4.24690  2.90347  2.73739  3.18146  2.89801  2.37887  2.77519  2.98518  4.58477  3.61503
          0.01172  5.55305  4.85617  0.61958  0.77255  0.72515  0.66214
    125   3.10596  4.74290  4.66556  3.80378  3.47863  4.52748  4.43841  1.16535  4.25814  1.89729  3.41289  4.41196  4.89154  4.60683  4.09970  3.83712  3.59445  1.46601  5.36418  3.83091    125 i - - -
          2.68618  4.42225  2.77519  2.73123  3.46354  2.40513  3.72494  3.29354  2.67741  2.69355  4.24690  2.90347  2.73739  3.18146  2.89801  2.37887  2.77519  2.98518  4.58477  3.61503
          0.00313  5.76790        *  0.61958  0.77255  0.00000        *
//
