HMMER3/f [3.2.1 | June 2018]
NAME  RM_methyltransferase
LENG  139
ALPH  amino
RF    no
MM    no
CONS  yes
CS    no
MAP   yes
DATE  Fri Jun 18 18:44:29 2021
NSEQ  498
EFFN  15.855057
CKSUM 3596947249
STATS LOCAL MSV       -9.7510  0.71070
STATS LOCAL VITERBI  -11.0890  0.71070
STATS LOCAL FORWARD   -3.9637  0.71070
HMM          A        C        D        E        F        G        H        I        K        L        M        N        P        Q        R        S        T        V        W        Y   
            m->m     m->i     m->d     i->m     i->i     d->m     d->d
  COMPO   2.48859  4.33013  2.96029  2.66455  3.25167  2.75577  3.88242  2.68923  2.77402  2.37975  3.54590  3.18191  2.99063  3.23827  2.90626  2.82618  2.96726  2.62853  4.72470  3.49570
          2.68618  4.42225  2.77519  2.73123  3.46354  2.40513  3.72494  3.29354  2.67741  2.69355  4.24690  2.90347  2.73739  3.18146  2.89801  2.37887  2.77519  2.98518  4.58477  3.61503
          0.06447  6.18725  2.80710  0.61958  0.77255  0.00000        *
      1   4.06026  5.76097  6.43085  5.84510  4.17616  5.70783  6.09106  2.98970  5.66157  2.47379  0.30000  5.89616  5.96602  5.70044  5.65371  4.48807  4.28536  3.45868  6.38786  5.30331      1 M - - -
          2.68618  4.42225  2.77519  2.73123  3.46354  2.40513  3.72494  3.29354  2.67741  2.69355  4.24690  2.90347  2.73739  3.18146  2.89801  2.37887  2.77519  2.98518  4.58477  3.61503
          0.01782  6.12603  4.16857  0.61958  0.77255  0.92330  0.50618
      2   2.10634  4.35119  2.63014  2.47729  4.03531  3.31794  3.88460  3.45884  2.11902  3.45612  4.45255  2.78966  3.38769  3.02983  2.99094  2.27890  2.28880  3.58205  5.72341  4.47040      2 a - - -
          2.68618  4.42225  2.77519  2.73123  3.46354  2.40513  3.72494  3.29354  2.67741  2.69355  4.24690  2.90347  2.73739  3.18146  2.89801  2.37887  2.77519  2.98518  4.58477  3.61503
          0.03610  6.11375  3.40378  0.61958  0.77255  1.00110  0.45804
      3   2.63309  4.65425  2.64714  2.35322  4.22059  3.50695  3.92802  3.05363  2.03975  2.86745  4.63860  2.70469  3.73006  2.82718  2.70534  2.57441  2.56299  3.37092  4.83290  3.43952      3 k - - -
          2.68618  4.42225  2.77519  2.73123  3.46354  2.40513  3.72494  3.29354  2.67741  2.69355  4.24690  2.90347  2.73739  3.18146  2.89801  2.37887  2.77519  2.98518  4.58477  3.61503
          0.47704  6.06891  0.97533  0.61958  0.77255  0.88341  0.53336
      4   3.12905  4.57670  3.64483  3.02667  4.46021  3.94055  4.31071  3.68447  3.16167  3.36883  4.34633  3.67344  0.80321  3.28392  3.38780  2.83405  2.90134  3.57098  5.79546  3.78803      4 p - - -
          2.68618  4.42225  2.77519  2.73123  3.46354  2.40513  3.72494  3.29354  2.67741  2.69355  4.24690  2.90347  2.73739  3.18146  2.89801  2.37887  2.77519  2.98518  4.58477  3.61503
          0.24821  5.64015  1.53132  0.61958  0.77255  0.88353  0.53328
      5   3.06067  4.04178  4.76868  4.69227  2.66882  4.30167  4.83667  1.44186  4.47414  1.42384  3.09157  4.43418  4.86603  4.60283  4.24506  3.81429  3.42575  2.08851  3.44722  3.24963      5 l - - -
          2.68618  4.42225  2.77519  2.73123  3.46354  2.40513  3.72494  3.29354  2.67741  2.69355  4.24690  2.90347  2.73739  3.18146  2.89801  2.37887  2.77519  2.98518  4.58477  3.61503
          0.00487  5.72310  6.44545  0.61958  0.77255  2.01312  0.14338
      6   2.86088  4.96190  2.14846  2.02342  4.87784  3.54114  3.75897  3.37311  1.98305  3.42788  4.07956  2.76330  4.00855  2.64595  2.27846  2.85459  3.00516  3.72669  5.04643  4.30703      6 k - - -
          2.68618  4.42225  2.77519  2.73123  3.46354  2.40513  3.72494  3.29354  2.67741  2.69355  4.24690  2.90347  2.73739  3.18146  2.89801  2.37887  2.77519  2.98518  4.58477  3.61503
          0.00860  5.72310  5.24172  0.61958  0.77255  2.01312  0.14338
      7   2.60584  5.74550  2.57151  2.12055  4.13296  3.44929  3.31584  3.02212  2.15692  2.91120  4.54639  2.99483  3.54440  2.70613  2.68350  2.51814  2.67987  3.39553  6.17893  4.25112      7 e - - -
          2.68618  4.42225  2.77519  2.73123  3.46354  2.40513  3.72494  3.29354  2.67741  2.69355  4.24690  2.90347  2.73739  3.18146  2.89801  2.37887  2.77519  2.98518  4.58477  3.61503
          0.27924  5.71939  1.42562  0.61958  0.77255  0.76179  0.62892
      8   2.49596  4.29591  2.87128  3.07612  3.13984  3.42564  4.29994  1.87368  3.14041  2.23753  3.56550  3.39292  3.47480  3.52524  3.39665  2.75956  2.78851  2.49182  3.91923  3.68799      8 i - - -
          2.68618  4.42225  2.77519  2.73123  3.46354  2.40513  3.72494  3.29354  2.67741  2.69355  4.24690  2.90347  2.73739  3.18146  2.89801  2.37887  2.77519  2.98518  4.58477  3.61503
          0.00474  5.74993  6.47227  0.61958  0.77255  1.51029  0.24955
      9   2.73641  4.36689  3.02239  2.30489  4.19326  3.72800  3.22196  3.30759  2.06227  3.27069  4.46297  3.15647  4.08564  2.97642  2.00298  2.72923  2.35354  3.52286  5.00771  3.21980      9 r - - -
          2.68618  4.42225  2.77519  2.73123  3.46354  2.40513  3.72494  3.29354  2.67741  2.69355  4.24690  2.90347  2.73739  3.18146  2.89801  2.37887  2.77519  2.98518  4.58477  3.61503
          0.00880  5.81020  5.15554  0.61958  0.77255  1.13046  0.38992
     10   3.02206  3.89932  5.05175  4.81360  2.37533  4.40756  4.96558  1.80524  4.04956  1.94567  3.40964  4.29494  4.48040  4.02727  3.72728  3.55371  3.30957  1.51113  4.26253  2.52787     10 v - - -
          2.68618  4.42225  2.77519  2.73123  3.46354  2.40513  3.72494  3.29354  2.67741  2.69355  4.24690  2.90347  2.73739  3.18146  2.89801  2.37887  2.77519  2.98518  4.58477  3.61503
          0.00403  5.91199  6.63433  0.61958  0.77255  0.76378  0.62718
     11   2.64184  3.06644  3.95312  3.43935  3.42221  3.39319  3.45916  2.02948  3.97131  1.67382  3.26868  3.48988  3.88629  4.09361  4.01774  3.44368  3.08775  2.04082  3.70875  3.22673     11 l - - -
          2.68618  4.42225  2.77519  2.73123  3.46354  2.40513  3.72494  3.29354  2.67741  2.69355  4.24690  2.90347  2.73739  3.18146  2.89801  2.37887  2.77519  2.98518  4.58477  3.61503
          0.00352  6.04592  6.76827  0.61958  0.77255  1.31577  0.31234
     12   3.23593  5.96315  1.04069  1.74496  5.03199  4.02769  3.96681  4.55290  2.87139  4.00881  3.98262  3.18471  4.61785  3.09176  2.91698  2.63557  3.34135  4.09520  6.39541  4.98403     12 d - - -
          2.68618  4.42225  2.77519  2.73123  3.46354  2.40513  3.72494  3.29354  2.67741  2.69355  4.24690  2.90347  2.73739  3.18146  2.89801  2.37887  2.77519  2.98518  4.58477  3.61503
          0.02342  6.05663  3.87260  0.61958  0.77255  1.32511  0.30894
     13   3.00885  4.61550  4.22726  3.63381  2.78041  3.78590  4.22531  2.38787  3.47392  1.58755  3.94132  3.82692  1.55520  4.13345  4.11491  3.53070  3.17354  2.49047  5.24170  3.53451     13 p - - -
          2.68618  4.42225  2.77519  2.73123  3.46354  2.40513  3.72494  3.29354  2.67741  2.69355  4.24690  2.90347  2.73739  3.18146  2.89801  2.37887  2.77519  2.98518  4.58477  3.61503
          0.00683  6.03960  5.41990  0.61958  0.77255  1.41668  0.27776
     14   2.11156  3.81263  4.87176  4.18157  1.14449  3.74967  3.69446  2.78452  4.33016  2.43833  3.79284  4.84012  4.45353  4.76633  4.22134  3.00552  3.38859  2.66583  4.32045  2.60976     14 f - - -
          2.68618  4.42225  2.77519  2.73123  3.46354  2.40513  3.72494  3.29354  2.67741  2.69355  4.24690  2.90347  2.73739  3.18146  2.89801  2.37887  2.77519  2.98518  4.58477  3.61503
          0.00359  6.02702  6.74937  0.61958  0.77255  1.37325  0.29207
     15   1.81678  1.82216  3.73485  2.83558  3.45942  3.08310  4.43507  3.64805  3.39804  2.63736  3.48919  3.41787  3.83158  3.20625  3.78983  2.49622  3.10593  2.56866  5.01978  4.23014     15 a - - -
          2.68618  4.42225  2.77519  2.73123  3.46354  2.40513  3.72494  3.29354  2.67741  2.69355  4.24690  2.90347  2.73739  3.18146  2.89801  2.37887  2.77519  2.98518  4.58477  3.61503
          0.03058  6.03132  3.58573  0.61958  0.77255  0.75832  0.63197
     16   3.28172  6.15732  3.70263  3.12891  5.51786  0.42537  4.76670  4.71932  3.23748  4.50858  5.29491  3.41215  3.89139  3.89690  3.83266  3.58592  4.03730  4.22266  6.68487  5.29482     16 G - - -
          2.68618  4.42225  2.77519  2.73123  3.46354  2.40513  3.72494  3.29354  2.67741  2.69355  4.24690  2.90347  2.73739  3.18146  2.89801  2.37887  2.77519  2.98518  4.58477  3.61503
          0.00338  6.08879  6.81114  0.61958  0.77255  1.20391  0.35670
     17   2.37480  3.48530  2.09362  2.63350  4.41741  2.30186  4.33859  3.29341  2.92286  3.36044  4.29398  3.40156  3.86774  3.37229  3.45218  1.78738  2.58032  3.43454  6.35426  3.94016     17 s - - -
          2.68618  4.42225  2.77519  2.73123  3.46354  2.40513  3.72494  3.29354  2.67741  2.69355  4.24690  2.90347  2.73739  3.18146  2.89801  2.37887  2.77519  2.98518  4.58477  3.61503
          0.05547  6.09304  2.96232  0.61958  0.77255  1.24368  0.34013
     18   2.31151  5.12246  3.36988  2.93828  4.61498  0.92043  4.44687  3.95517  2.81135  3.54776  4.15866  3.21584  4.49617  3.46325  3.56554  2.68308  2.94578  3.85432  6.28671  4.70290     18 g - - -
          2.68618  4.42225  2.77519  2.73123  3.46354  2.40513  3.72494  3.29354  2.67741  2.69355  4.24690  2.90347  2.73739  3.18146  2.89801  2.37887  2.77519  2.98518  4.58477  3.61503
          0.21014  6.04832  1.67573  0.61958  0.77255  1.28196  0.32503
     19   1.87579  5.79971  3.05690  2.93093  4.66196  1.80801  3.25270  4.10497  2.93233  3.47982  4.84410  2.63391  4.49544  3.03241  2.94058  2.30767  2.41657  3.46572  4.51645  4.83865     19 g - - -
          2.68618  4.42225  2.77519  2.73123  3.46354  2.40513  3.72494  3.29354  2.67741  2.69355  4.24690  2.90347  2.73739  3.18146  2.89801  2.37887  2.77519  2.98518  4.58477  3.61503
          0.01522  5.85690  4.40246  0.61958  0.77255  1.86224  0.16880
     20   3.08403  4.78920  5.38973  4.77364  1.37418  4.35705  4.63877  2.13864  4.55616  1.75420  3.42274  4.75199  4.94984  4.23147  4.05894  3.80307  3.02824  1.94452  3.64373  3.32580     20 f - - -
          2.68618  4.42225  2.77519  2.73123  3.46354  2.40513  3.72494  3.29354  2.67741  2.69355  4.24690  2.90347  2.73739  3.18146  2.89801  2.37887  2.77519  2.98518  4.58477  3.61503
          0.00430  5.84598  6.56833  0.61958  0.77255  1.88029  0.16552
     21   2.52506  4.68486  3.31619  3.80412  2.75275  2.99242  4.27322  2.58539  3.80005  1.27530  3.55228  4.16208  3.56477  4.21609  3.21993  2.48824  3.04135  2.70491  5.54551  3.99835     21 l - - -
          2.68618  4.42225  2.77519  2.73123  3.46354  2.40513  3.72494  3.29354  2.67741  2.69355  4.24690  2.90347  2.73739  3.18146  2.89801  2.37887  2.77519  2.98518  4.58477  3.61503
          0.00430  5.84598  6.56833  0.61958  0.77255  1.88029  0.16552
     22   2.42389  4.52408  4.09160  3.71970  2.45332  3.15992  4.27515  2.45898  3.25958  1.66871  3.67435  3.62184  4.57349  3.71784  3.15036  2.73322  2.90068  2.29350  4.13339  3.26018     22 l - - -
          2.68618  4.42225  2.77519  2.73123  3.46354  2.40513  3.72494  3.29354  2.67741  2.69355  4.24690  2.90347  2.73739  3.18146  2.89801  2.37887  2.77519  2.98518  4.58477  3.61503
          0.09996  5.84598  2.38345  0.61958  0.77255  1.88029  0.16552
     23   2.22376  5.76679  2.94689  1.90416  4.33011  2.22626  3.87508  3.86611  2.80144  3.78195  4.59142  2.86484  3.91359  2.38918  2.47170  2.39278  3.31966  3.57068  6.19953  3.91327     23 e - - -
          2.68618  4.42225  2.77519  2.73123  3.46354  2.40513  3.72494  3.29354  2.67741  2.69355  4.24690  2.90347  2.73739  3.18146  2.89801  2.37887  2.77519  2.98518  4.58477  3.61503
          0.00474  5.75076  6.47311  0.61958  0.77255  2.01829  0.14258
     24   1.48172  3.84517  4.02030  3.42994  2.75785  3.70178  3.58866  2.91261  2.69049  1.95701  3.74372  4.17767  4.47333  3.84519  3.16447  2.97507  2.90634  2.60083  4.84313  3.91257     24 a - - -
          2.68618  4.42225  2.77519  2.73123  3.46354  2.40513  3.72494  3.29354  2.67741  2.69355  4.24690  2.90347  2.73739  3.18146  2.89801  2.37887  2.77519  2.98518  4.58477  3.61503
          0.09042  5.75076  2.48562  0.61958  0.77255  2.01829  0.14258
     25   2.36547  4.51456  3.35564  2.19130  3.72653  3.72424  3.75559  2.74177  2.65467  2.38047  3.29352  3.29250  3.52918  2.89674  2.83799  2.83280  2.75210  2.56066  5.31656  3.59558     25 e - - -
          2.68618  4.42225  2.77519  2.73123  3.46354  2.40513  3.72494  3.29354  2.67741  2.69355  4.24690  2.90347  2.73739  3.18146  2.89801  2.37887  2.77519  2.98518  4.58477  3.61503
          0.33150  5.66853  1.27762  0.61958  0.77255  1.10562  0.40198
     26   2.70019  4.33944  5.21791  4.60227  3.02209  4.17748  4.51492  1.75895  4.11138  1.64004  2.76476  4.58374  4.44774  4.28505  4.24540  3.64302  3.29361  1.42236  5.24641  3.72837     26 v - - -
          2.68618  4.42225  2.77519  2.73123  3.46354  2.40513  3.72494  3.29354  2.67741  2.69355  4.24690  2.90347  2.73739  3.18146  2.89801  2.37887  2.77519  2.98518  4.58477  3.61503
          0.28172  5.59959  1.41957  0.61958  0.77255  0.83153  0.57161
     27   2.57005  4.27019  4.70236  3.87946  2.20666  3.31323  4.01787  2.52135  3.86753  2.05021  3.47503  3.85509  4.45978  3.87065  3.07313  3.49085  2.78884  2.29219  3.22624  2.10546     27 l - - -
          2.68618  4.42225  2.77519  2.73123  3.46354  2.40513  3.72494  3.29354  2.67741  2.69355  4.24690  2.90347  2.73739  3.18146  2.89801  2.37887  2.77519  2.98518  4.58477  3.61503
          0.00491  5.71428  6.43663  0.61958  0.77255  2.03670  0.13979
     28   2.35052  4.57199  3.74367  3.23581  3.25033  1.08203  4.26265  3.65791  3.39023  2.87561  3.95981  3.61564  3.99166  3.53414  3.52279  2.68165  3.09113  2.87364  5.69143  3.61852     28 g - - -
          2.68618  4.42225  2.77519  2.73123  3.46354  2.40513  3.72494  3.29354  2.67741  2.69355  4.24690  2.90347  2.73739  3.18146  2.89801  2.37887  2.77519  2.98518  4.58477  3.61503
          0.00488  5.72045  6.44280  0.61958  0.77255  2.08587  0.13262
     29   2.82730  3.77627  5.27851  4.45395  3.11741  4.49714  4.82993  1.40514  3.76517  2.13987  3.23034  3.65049  4.86098  4.39747  4.26459  2.96316  3.22281  1.50800  5.32799  3.37301     29 i - - -
          2.68618  4.42225  2.77519  2.73123  3.46354  2.40513  3.72494  3.29354  2.67741  2.69355  4.24690  2.90347  2.73739  3.18146  2.89801  2.37887  2.77519  2.98518  4.58477  3.61503
          0.02659  5.72045  3.77407  0.61958  0.77255  0.62732  0.76361
     30   3.31949  5.99332  1.20652  1.16982  5.33695  4.22266  4.42816  4.82541  2.92185  3.99036  5.03601  3.26067  4.62909  2.88412  3.46359  3.20471  3.50855  4.38350  6.42493  4.30816     30 e - - -
          2.68618  4.42225  2.77519  2.73123  3.46354  2.40513  3.72494  3.29354  2.67741  2.69355  4.24690  2.90347  2.73739  3.18146  2.89801  2.37887  2.77519  2.98518  4.58477  3.61503
          0.31008  6.00481  1.33126  0.61958  0.77255  1.40858  0.28036
     31   2.81037  4.17851  4.27915  3.67202  2.84325  3.60441  4.02292  1.79144  3.30001  1.66511  3.27953  3.61300  4.80811  3.67970  3.18631  3.24626  2.96940  2.37655  3.74258  3.14767     31 l - - -
          2.68618  4.42225  2.77519  2.73123  3.46354  2.40513  3.72494  3.29354  2.67741  2.69355  4.24690  2.90347  2.73739  3.18146  2.89801  2.37887  2.77519  2.98518  4.58477  3.61503
          0.01453  5.72232  4.49589  0.61958  0.77255  2.08367  0.13293
     32   2.81728  5.74641  1.55876  2.22352  5.09213  3.57506  3.64939  4.32792  2.55311  4.05197  4.58639  1.63628  4.40105  3.18433  3.28548  2.64751  2.90387  4.13740  5.58993  4.76729     32 d - - -
          2.68618  4.42225  2.77519  2.73123  3.46354  2.40513  3.72494  3.29354  2.67741  2.69355  4.24690  2.90347  2.73739  3.18146  2.89801  2.37887  2.77519  2.98518  4.58477  3.61503
          0.16393  5.71271  1.91127  0.61958  0.77255  0.57471  0.82752
     33   0.95558  2.88077  3.46114  2.60459  4.68161  3.58028  4.01824  4.44205  3.06040  3.80864  4.54216  3.31196  3.60736  3.41867  3.51955  2.40414  3.28938  3.12957  6.18954  4.82049     33 a - - -
          2.68618  4.42225  2.77519  2.73123  3.46354  2.40513  3.72494  3.29354  2.67741  2.69355  4.24690  2.90347  2.73739  3.18146  2.89801  2.37887  2.77519  2.98518  4.58477  3.61503
          0.07563  5.92453  2.65685  0.61958  0.77255  0.79189  0.60328
     34   1.96964  3.54020  4.25411  4.02469  3.17385  4.30621  4.09272  2.17518  3.54376  1.93949  3.17090  4.26749  4.49288  3.59442  3.36492  3.13427  3.05768  1.71017  4.44002  3.54910     34 v - - -
          2.68618  4.42225  2.77519  2.73123  3.46354  2.40513  3.72494  3.29354  2.67741  2.69355  4.24690  2.90347  2.73739  3.18146  2.89801  2.37887  2.77519  2.98518  4.58477  3.61503
          0.00370  5.99838  6.72073  0.61958  0.77255  1.57488  0.23197
     35   2.22283  5.24954  2.58050  1.60785  4.62617  3.66578  3.63925  4.46819  2.12416  3.31410  4.79328  3.14241  4.16606  2.59800  2.31655  2.60887  3.31134  4.09932  5.70249  4.47779     35 e - - -
          2.68618  4.42225  2.77519  2.73123  3.46354  2.40513  3.72494  3.29354  2.67741  2.69355  4.24690  2.90347  2.73739  3.18146  2.89801  2.37887  2.77519  2.98518  4.58477  3.61503
          0.00369  6.00088  6.72323  0.61958  0.77255  1.60769  0.22358
     36   2.50703  4.66475  4.44978  4.44238  2.49480  4.29318  4.34802  2.00098  4.22686  1.73968  3.45433  4.21068  4.58800  3.56142  3.43505  3.29070  2.17599  1.91431  4.71245  3.62140     36 l - - -
          2.68618  4.42225  2.77519  2.73123  3.46354  2.40513  3.72494  3.29354  2.67741  2.69355  4.24690  2.90347  2.73739  3.18146  2.89801  2.37887  2.77519  2.98518  4.58477  3.61503
          0.00873  6.00088  5.08054  0.61958  0.77255  1.57604  0.23167
     37   1.85168  3.89567  5.45606  4.04529  2.67983  4.41759  3.58894  2.41657  3.72827  1.60429  2.78748  4.84040  4.59880  4.35019  4.28785  3.27451  2.91795  2.40366  4.88836  2.49640     37 l - - -
          2.68618  4.42225  2.77519  2.73123  3.46354  2.40513  3.72494  3.29354  2.67741  2.69355  4.24690  2.90347  2.73739  3.18146  2.89801  2.37887  2.77519  2.98518  4.58477  3.61503
          0.23411  5.99510  1.57875  0.61958  0.77255  1.37583  0.29120
     38   2.74329  5.26895  3.41959  2.21915  3.80131  3.65809  3.89501  4.22110  1.66864  3.16832  4.39728  2.86407  4.32756  2.89580  1.86514  2.57043  3.39099  3.84751  6.21756  3.01272     38 k - - -
          2.68618  4.42225  2.77519  2.73123  3.46354  2.40513  3.72494  3.29354  2.67741  2.69355  4.24690  2.90347  2.73739  3.18146  2.89801  2.37887  2.77519  2.98518  4.58477  3.61503
          0.00454  5.79254  6.51489  0.61958  0.77255  1.98717  0.14744
     39   2.34083  4.84164  3.92466  3.02993  3.21362  4.28560  3.65810  2.38734  2.81104  1.41986  4.05103  3.28660  4.09761  3.39981  3.34665  3.04946  2.99894  2.43686  5.64830  3.64557     39 l - - -
          2.68618  4.42225  2.77519  2.73123  3.46354  2.40513  3.72494  3.29354  2.67741  2.69355  4.24690  2.90347  2.73739  3.18146  2.89801  2.37887  2.77519  2.98518  4.58477  3.61503
          0.38463  5.76777  1.15148  0.61958  0.77255  0.64551  0.74317
     40   2.19909  5.76622  2.29320  2.00807  5.11251  2.78603  3.67179  4.17926  2.28662  3.52073  4.57080  2.56007  3.35890  2.62982  2.90136  2.58967  2.97104  3.78126  6.19817  4.54925     40 e - - -
          2.68618  4.42225  2.77519  2.73123  3.46354  2.40513  3.72494  3.29354  2.67741  2.69355  4.24690  2.90347  2.73739  3.18146  2.89801  2.37887  2.77519  2.98518  4.58477  3.61503
          0.00476  5.74488  6.46723  0.61958  0.77255  1.85553  0.17004
     41   2.66154  5.30702  1.74735  2.04347  4.72641  3.68624  3.97072  4.21343  2.42053  3.31590  4.38748  2.47781  4.14803  2.81277  2.48850  2.40292  3.02056  3.92952  5.07131  4.79725     41 d - - -
          2.68618  4.42225  2.77519  2.73123  3.46354  2.40513  3.72494  3.29354  2.67741  2.69355  4.24690  2.90347  2.73739  3.18146  2.89801  2.37887  2.77519  2.98518  4.58477  3.61503
          0.01394  5.76385  4.53742  0.61958  0.77255  1.93659  0.15571
     42   3.20716  4.47945  5.46859  4.86006  2.93172  4.67863  5.02600  1.24615  4.46455  1.42241  3.05696  4.84538  5.03273  4.78023  4.65800  3.99558  3.13438  1.78159  5.50565  4.33103     42 i - - -
          2.68618  4.42225  2.77519  2.73123  3.46354  2.40513  3.72494  3.29354  2.67741  2.69355  4.24690  2.90347  2.73739  3.18146  2.89801  2.37887  2.77519  2.98518  4.58477  3.61503
          0.01290  5.76137  4.63893  0.61958  0.77255  2.00373  0.14483
     43   2.23025  3.85296  3.10140  2.04525  4.29850  3.07329  3.07430  3.34182  2.36556  3.22327  4.40936  3.08694  3.65206  2.91507  2.41110  2.50319  2.91605  3.51199  4.22663  4.28987     43 e - - -
          2.68618  4.42225  2.77519  2.73123  3.46354  2.40513  3.72494  3.29354  2.67741  2.69355  4.24690  2.90347  2.73739  3.18146  2.89801  2.37887  2.77519  2.98518  4.58477  3.61503
          0.03422  5.75320  3.49116  0.61958  0.77255  2.01445  0.14317
     44   2.00991  4.10762  2.62994  2.18599  5.09837  2.99293  3.73575  4.26001  2.23209  3.69925  4.61392  2.83888  3.74484  2.25659  2.77465  2.61066  2.75529  3.80171  5.42350  4.14208     44 a - - -
          2.68618  4.42225  2.77519  2.73123  3.46354  2.40513  3.72494  3.29354  2.67741  2.69355  4.24690  2.90347  2.73739  3.18146  2.89801  2.37887  2.77519  2.98518  4.58477  3.61503
          0.00766  5.72385  5.43380  0.61958  0.77255  2.05132  0.13761
     45   2.03924  4.25115  4.31254  3.37253  3.16215  4.29149  4.12227  2.05864  3.91313  1.88428  3.02439  4.25228  4.84127  3.72309  3.94061  3.31866  2.99750  1.73558  4.27720  3.08897     45 v - - -
          2.68618  4.42225  2.77519  2.73123  3.46354  2.40513  3.72494  3.29354  2.67741  2.69355  4.24690  2.90347  2.73739  3.18146  2.89801  2.37887  2.77519  2.98518  4.58477  3.61503
          0.02381  5.72106  3.89947  0.61958  0.77255  2.05469  0.13712
     46   1.81997  4.62650  2.49236  2.54021  4.09318  2.90262  3.20011  3.55330  2.43900  3.45712  4.51991  2.97248  3.75829  3.16142  2.73587  2.40601  2.69294  3.31896  6.15775  4.00976     46 a - - -
          2.68618  4.42225  2.77519  2.73123  3.46354  2.40513  3.72494  3.29354  2.67741  2.69355  4.24690  2.90347  2.73739  3.18146  2.89801  2.37887  2.77519  2.98518  4.58477  3.61503
          0.02391  5.70222  3.89792  0.61958  0.77255  2.03545  0.13998
     47   2.28104  5.28731  2.75025  2.43352  4.11373  2.73909  3.39602  3.84036  2.30848  3.18698  4.51318  2.90590  2.99786  2.47093  2.67389  2.54590  2.68974  3.60735  5.28428  4.07991     47 a - - -
          2.68618  4.42225  2.77519  2.73123  3.46354  2.40513  3.72494  3.29354  2.67741  2.69355  4.24690  2.90347  2.73739  3.18146  2.89801  2.37887  2.77519  2.98518  4.58477  3.61503
          0.01790  5.68316  4.24485  0.61958  0.77255  0.62306  0.76852
     48   2.24085  4.16725  2.86084  2.08587  4.05261  3.68787  4.03837  4.20758  2.16787  3.23153  4.12042  3.10866  4.18997  2.71940  2.24330  2.48661  2.60879  3.31771  6.34302  3.68838     48 e - - -
          2.68618  4.42225  2.77519  2.73123  3.46354  2.40513  3.72494  3.29354  2.67741  2.69355  4.24690  2.90347  2.73739  3.18146  2.89801  2.37887  2.77519  2.98518  4.58477  3.61503
          0.00722  5.98533  5.36556  0.61958  0.77255  0.84667  0.56009
     49   3.66066  5.02733  5.64029  5.02558  3.07075  4.83949  5.17477  1.51549  4.80985  0.97742  2.97696  5.00682  5.19447  4.93170  4.28930  4.03926  3.60870  1.93716  5.65071  4.06966     49 l - - -
          2.68618  4.42225  2.77519  2.73123  3.46354  2.40513  3.72494  3.29354  2.67741  2.69355  4.24690  2.90347  2.73739  3.18146  2.89801  2.37887  2.77519  2.98518  4.58477  3.61503
          0.29740  6.06509  1.36676  0.61958  0.77255  0.81691  0.58303
     50   2.47177  4.55227  2.97193  2.04641  4.46002  3.74114  3.88449  3.25244  2.13878  3.20779  4.65240  3.14641  2.28096  2.71445  2.78691  2.61645  2.92563  3.20290  4.98837  4.19237     50 e - - -
          2.68618  4.42225  2.77519  2.73123  3.46354  2.40513  3.72494  3.29354  2.67741  2.69355  4.24690  2.90347  2.73739  3.18146  2.89801  2.37887  2.77519  2.98518  4.58477  3.61503
          0.00835  5.83965  5.21987  0.61958  0.77255  1.62376  0.21959
     51   2.54978  4.97859  2.17190  2.25394  4.55806  2.42189  3.85668  4.05276  2.41622  3.45153  4.65812  2.81678  3.17275  2.83105  2.73631  2.54754  2.83594  3.30605  4.87732  3.85263     51 d - - -
          2.68618  4.42225  2.77519  2.73123  3.46354  2.40513  3.72494  3.29354  2.67741  2.69355  4.24690  2.90347  2.73739  3.18146  2.89801  2.37887  2.77519  2.98518  4.58477  3.61503
          0.00599  5.86213  5.76638  0.61958  0.77255  0.83653  0.56777
     52   2.39737  4.95071  3.09421  2.26082  4.17760  2.38292  3.57866  3.34341  2.48019  3.25256  3.28632  2.45087  3.08488  2.64899  2.83724  2.67158  2.94199  3.70200  5.72828  4.54160     52 e - - -
          2.68618  4.42225  2.77519  2.73123  3.46354  2.40513  3.72494  3.29354  2.67741  2.69355  4.24690  2.90347  2.73739  3.18146  2.89801  2.37887  2.77519  2.98518  4.58477  3.61503
          0.00772  6.00741  5.25382  0.61958  0.77255  1.18780  0.36369
     53   2.69495  4.46065  2.64532  2.26821  4.56323  2.75157  3.72426  4.44387  2.19906  3.96980  4.72057  2.44977  3.50647  2.51810  2.61142  1.99537  2.90227  3.76850  6.38129  4.45798     53 s - - -
          2.68618  4.42225  2.77519  2.73123  3.46354  2.40513  3.72494  3.29354  2.67741  2.69355  4.24690  2.90347  2.73739  3.18146  2.89801  2.37887  2.77519  2.98518  4.58477  3.61503
          0.00957  6.03441  4.94397  0.61958  0.77255  1.40047  0.28300
     54   2.33413  4.13220  4.48977  4.15982  1.77196  3.68293  3.72357  2.04595  3.89080  2.10013  3.67357  4.09439  3.74009  4.57078  4.27648  3.77034  3.27393  1.99106  4.74123  2.62312     54 f - - -
          2.68618  4.42225  2.77519  2.73123  3.46354  2.40513  3.72494  3.29354  2.67741  2.69355  4.24690  2.90347  2.73739  3.18146  2.89801  2.37887  2.77519  2.98518  4.58477  3.61503
          0.00357  6.03173  6.75408  0.61958  0.77255  1.29371  0.32055
     55   2.98667  5.95783  0.84915  2.62836  4.85177  3.66479  3.52842  4.79068  2.86842  4.26354  4.99828  2.90566  4.42584  3.08198  2.65601  2.95039  3.23366  4.18505  6.38986  4.97815     55 d - - -
          2.68618  4.42225  2.77519  2.73123  3.46354  2.40513  3.72494  3.29354  2.67741  2.69355  4.24690  2.90347  2.73739  3.18146  2.89801  2.37887  2.77519  2.98518  4.58477  3.61503
          0.03257  6.04481  3.51758  0.61958  0.77255  0.72637  0.66099
     56   2.70507  3.72768  5.57517  4.95888  2.51101  4.76781  5.10232  2.17291  4.74049  1.05346  3.31052  4.93507  4.59332  4.86887  4.74344  3.95299  3.30457  1.71339  5.59161  3.85831     56 l - - -
          2.68618  4.42225  2.77519  2.73123  3.46354  2.40513  3.72494  3.29354  2.67741  2.69355  4.24690  2.90347  2.73739  3.18146  2.89801  2.37887  2.77519  2.98518  4.58477  3.61503
          0.02519  6.09231  3.78925  0.61958  0.77255  0.77195  0.62010
     57   2.96340  4.04695  5.59272  4.97652  2.99295  4.57259  5.11997  1.42539  4.75814  1.98888  3.34162  4.95261  5.14858  4.88657  4.76107  3.96903  3.57167  1.09624  5.21485  4.07165     57 v - - -
          2.68618  4.42225  2.77519  2.73123  3.46354  2.40513  3.72494  3.29354  2.67741  2.69355  4.24690  2.90347  2.73739  3.18146  2.89801  2.37887  2.77519  2.98518  4.58477  3.61503
          0.03533  6.11319  3.42662  0.61958  0.77255  0.87774  0.53737
     58   2.95510  3.88129  5.58638  4.96998  2.37390  4.77892  4.70259  1.66007  4.34216  1.89015  2.85668  4.94612  5.14248  4.46923  4.75445  3.72268  3.12981  1.63556  5.18943  2.37478     58 v - - -
          2.68618  4.42225  2.77519  2.73123  3.46354  2.40513  3.72494  3.29354  2.67741  2.69355  4.24690  2.90347  2.73739  3.18146  2.89801  2.37887  2.77519  2.98518  4.58477  3.61503
          0.04065  6.11092  3.28023  0.61958  0.77255  1.14934  0.38104
     59   1.97079  3.50177  3.70984  3.36215  4.18434  1.43670  4.47897  3.44077  3.38863  2.40789  3.80370  3.83579  4.84042  3.87723  3.85634  2.39046  2.16484  3.23753  5.92747  4.67046     59 g - - -
          2.68618  4.42225  2.77519  2.73123  3.46354  2.40513  3.72494  3.29354  2.67741  2.69355  4.24690  2.90347  2.73739  3.18146  2.89801  2.37887  2.77519  2.98518  4.58477  3.61503
          0.11211  6.08256  2.26553  0.61958  0.77255  0.63091  0.75952
     60   3.33232  4.70007  1.36626  2.73106  4.96095  2.26788  4.20009  4.48979  2.90954  4.04440  4.58226  1.77588  4.42715  3.51164  3.26361  2.31413  3.30514  4.14327  6.39241  4.30474     60 d - - -
          2.68618  4.42225  2.77519  2.73123  3.46354  2.40513  3.72494  3.29354  2.67741  2.69355  4.24690  2.90347  2.73739  3.18146  2.89801  2.37887  2.77519  2.98518  4.58477  3.61503
          0.00348  6.05908  6.78142  0.61958  0.77255  1.33773  0.30441
     61   3.17690  4.52634  3.20061  2.91328  3.23479  3.86519  4.48252  4.21128  3.06414  3.48749  4.57131  3.43888  0.77227  3.27542  3.32452  3.03547  3.51214  3.96075  5.34656  4.73286     61 p - - -
          2.68618  4.42225  2.77519  2.73123  3.46354  2.40513  3.72494  3.29354  2.67741  2.69355  4.24690  2.90347  2.73739  3.18146  2.89801  2.37887  2.77519  2.98518  4.58477  3.61503
          0.01129  6.06573  4.72124  0.61958  0.77255  1.40079  0.28290
     62   3.13430  5.09058  3.71998  3.40368  5.22035  4.31937  4.82173  4.63786  3.55270  4.24633  5.06746  4.08883  0.41318  3.88461  3.58708  3.38263  3.87591  3.98061  6.48824  5.16776     62 P - - -
          2.68618  4.42225  2.77519  2.73123  3.46354  2.40513  3.72494  3.29354  2.67741  2.69355  4.24690  2.90347  2.73739  3.18146  2.89801  2.37887  2.77519  2.98518  4.58477  3.61503
          0.19340  6.05471  1.75158  0.61958  0.77255  1.42597  0.27480
     63   3.42952  4.81088  5.34990  4.46834  2.30597  4.59400  4.92429  2.84500  4.11589  2.53010  3.92960  4.50534  4.95809  4.42785  4.01870  3.62757  3.38149  2.55164  2.61935  0.93375     63 y - - -
          2.68618  4.42225  2.77519  2.73123  3.46354  2.40513  3.72494  3.29354  2.67741  2.69355  4.24690  2.90347  2.73739  3.18146  2.89801  2.37887  2.77519  2.98518  4.58477  3.61503
          0.07287  5.86553  2.69648  0.61958  0.77255  1.82276  0.17623
     64   2.34655  4.53168  3.26861  2.83556  3.19369  2.40712  3.78991  2.67279  3.21535  2.59153  3.88319  2.32746  3.82363  3.10409  3.33915  2.82840  3.24550  2.54201  3.63665  3.33591     64 n - - -
          2.68618  4.42225  2.77519  2.73123  3.46354  2.40513  3.72494  3.29354  2.67741  2.69355  4.24690  2.90347  2.73739  3.18146  2.89801  2.37887  2.77519  2.98518  4.58477  3.61503
          0.01741  5.80100  4.25214  0.61958  0.77255  1.96159  0.15156
     65   2.73465  4.91411  2.83819  2.63234  4.39885  2.61987  3.70362  3.46948  2.43107  2.12630  4.33839  3.05013  3.59505  2.90887  2.63406  2.34356  2.85055  2.95016  5.47016  3.70197     65 l - - -
          2.68618  4.42225  2.77519  2.73123  3.46354  2.40513  3.72494  3.29354  2.67741  2.69355  4.24690  2.90347  2.73739  3.18146  2.89801  2.37887  2.77519  2.98518  4.58477  3.61503
          0.33842  5.78034  1.25872  0.61958  0.77255  0.38779  1.13492
     66   2.51636  5.22588  2.41294  2.04928  4.64216  3.30207  2.76744  3.92463  2.20508  3.25029  4.32200  2.71184  4.07609  2.90846  2.44671  2.87561  2.91422  3.55526  5.36328  3.33025     66 e - - -
          2.68618  4.42225  2.77519  2.73123  3.46354  2.40513  3.72494  3.29354  2.67741  2.69355  4.24690  2.90347  2.73739  3.18146  2.89801  2.37887  2.77519  2.98518  4.58477  3.61503
          0.01434  5.88357  4.46940  0.61958  0.77255  0.91518  0.51157
     67   3.11880  4.29192  5.48654  4.87123  1.72439  4.51700  3.99906  2.90086  4.26551  2.86943  3.37852  4.85324  5.05401  4.78614  4.66284  4.00177  3.65278  2.86152  3.06018  0.96054     67 y - - -
          2.68618  4.42225  2.77519  2.73123  3.46354  2.40513  3.72494  3.29354  2.67741  2.69355  4.24690  2.90347  2.73739  3.18146  2.89801  2.37887  2.77519  2.98518  4.58477  3.61503
          0.00939  5.99133  4.98455  0.61958  0.77255  1.56887  0.23355
     68   2.28222  3.98126  3.12725  3.14080  3.47727  2.87629  4.12360  2.53549  3.07625  2.09653  3.38829  3.19284  4.12219  3.13133  2.93300  2.86997  2.75844  2.40158  5.93402  3.23661     68 l - - -
          2.68618  4.42225  2.77519  2.73123  3.46354  2.40513  3.72494  3.29354  2.67741  2.69355  4.24690  2.90347  2.73739  3.18146  2.89801  2.37887  2.77519  2.98518  4.58477  3.61503
          0.00916  5.98568  5.02067  0.61958  0.77255  1.58325  0.22980
     69   2.65559  5.21737  2.40193  2.01110  4.55302  3.15433  3.49064  4.56995  2.25703  3.59322  4.45024  2.59218  3.97803  2.82889  2.17098  2.57978  2.56276  3.49666  6.34043  4.56793     69 e - - -
          2.68618  4.42225  2.77519  2.73123  3.46354  2.40513  3.72494  3.29354  2.67741  2.69355  4.24690  2.90347  2.73739  3.18146  2.89801  2.37887  2.77519  2.98518  4.58477  3.61503
          0.04401  5.97258  3.20621  0.61958  0.77255  0.48289  0.95971
     70   2.37566  4.57211  3.19060  2.47041  2.85638  3.24334  4.28514  2.72206  2.60129  2.46378  3.62184  3.57109  3.57597  2.73823  2.89406  2.67974  2.97401  2.59468  4.07887  3.83769     70 a - - -
          2.68618  4.42225  2.77519  2.73123  3.46354  2.40513  3.72494  3.29354  2.67741  2.69355  4.24690  2.90347  2.73739  3.18146  2.89801  2.37887  2.77519  2.98518  4.58477  3.61503
          0.00777  6.11608  5.19754  0.61958  0.77255  1.05177  0.42974
     71   3.04341  4.74296  5.20509  4.97121  1.60986  4.44102  4.23474  2.14696  4.42350  1.63089  3.22814  4.60142  4.18656  4.67387  3.91484  3.47731  3.13612  2.03990  3.14097  3.25316     71 f - - -
          2.68618  4.42225  2.77519  2.73123  3.46354  2.40513  3.72494  3.29354  2.67741  2.69355  4.24690  2.90347  2.73739  3.18146  2.89801  2.37887  2.77519  2.98518  4.58477  3.61503
          0.01011  6.12417  4.84512  0.61958  0.77255  1.13094  0.38969
     72   1.95022  4.66121  4.73229  4.44727  2.53141  3.49727  4.59470  2.09662  4.22249  1.59523  2.68564  4.26847  4.82157  4.25425  3.73547  3.61879  2.93813  2.20758  3.89454  3.53837     72 l - - -
          2.68618  4.42225  2.77519  2.73123  3.46354  2.40513  3.72494  3.29354  2.67741  2.69355  4.24690  2.90347  2.73739  3.18146  2.89801  2.37887  2.77519  2.98518  4.58477  3.61503
          0.00327  6.12090  6.84325  0.61958  0.77255  1.10214  0.40371
     73   2.64624  5.02996  2.06803  1.30183  5.05239  3.40258  3.62834  4.19325  2.45441  3.69326  4.83763  3.26633  3.69345  2.91487  2.64315  2.93788  3.36454  3.29043  6.44400  4.68397     73 e - - -
          2.68618  4.42225  2.77519  2.73123  3.46354  2.40513  3.72494  3.29354  2.67741  2.69355  4.24690  2.90347  2.73739  3.18146  2.89801  2.37887  2.77519  2.98518  4.58477  3.61503
          0.00684  6.12770  5.37411  0.61958  0.77255  1.16420  0.37422
     74   2.43929  5.49333  2.57594  1.93792  4.69052  3.78139  3.81810  4.03553  2.61374  2.73033  4.40459  2.08480  4.24300  2.81330  2.28564  2.95209  2.83904  3.74467  4.09995  4.20376     74 e - - -
          2.68618  4.42225  2.77519  2.73123  3.46354  2.40513  3.72494  3.29354  2.67741  2.69355  4.24690  2.90347  2.73739  3.18146  2.89801  2.37887  2.77519  2.98518  4.58477  3.61503
          0.00326  6.12278  6.84512  0.61958  0.77255  1.17987  0.36718
     75   2.23872  2.88839  4.45100  4.31338  3.32253  4.07927  4.72629  2.08025  3.86032  1.89713  3.43420  4.11138  4.82657  3.64186  4.21840  2.91070  3.03465  1.56374  5.63334  3.17362     75 v - - -
          2.68618  4.42225  2.77519  2.73123  3.46354  2.40513  3.72494  3.29354  2.67741  2.69355  4.24690  2.90347  2.73739  3.18146  2.89801  2.37887  2.77519  2.98518  4.58477  3.61503
          0.03073  6.12278  3.57298  0.61958  0.77255  1.13050  0.38990
     76   2.71582  4.81625  3.16950  2.27317  3.63439  3.54724  3.34246  2.90166  2.24708  2.53748  3.92381  3.08759  3.09359  2.79597  2.29429  2.90091  3.12382  3.28271  4.26591  3.59896     76 k - - -
          2.68618  4.42225  2.77519  2.73123  3.46354  2.40513  3.72494  3.29354  2.67741  2.69355  4.24690  2.90347  2.73739  3.18146  2.89801  2.37887  2.77519  2.98518  4.58477  3.61503
          0.00542  6.09908  5.75585  0.61958  0.77255  1.27642  0.32716
     77   2.48217  5.99147  2.57926  1.96956  4.85487  2.24340  3.81319  4.60183  2.42810  3.81530  4.71732  2.71761  4.24679  2.82136  1.93806  2.53227  3.44938  4.04412  4.41628  4.74237     77 r - - -
          2.68618  4.42225  2.77519  2.73123  3.46354  2.40513  3.72494  3.29354  2.67741  2.69355  4.24690  2.90347  2.73739  3.18146  2.89801  2.37887  2.77519  2.98518  4.58477  3.61503
          0.08398  6.09701  2.54720  0.61958  0.77255  0.78916  0.60555
     78   2.67433  4.05749  5.55281  4.47077  2.84965  3.73801  4.81004  2.06914  3.94895  1.09416  2.94890  4.56495  4.48440  4.84969  4.27535  3.75231  3.60955  1.89779  4.02801  4.25673     78 l - - -
          2.68618  4.42225  2.77519  2.73123  3.46354  2.40513  3.72494  3.29354  2.67741  2.69355  4.24690  2.90347  2.73739  3.18146  2.89801  2.37887  2.77519  2.98518  4.58477  3.61503
          0.01008  6.07545  4.86296  0.61958  0.77255  1.30458  0.31648
     79   2.66671  3.63630  4.86206  3.30696  3.60545  4.44039  4.27936  2.37668  3.26209  1.23393  3.23422  4.00830  4.74162  3.62676  3.77453  3.20610  2.78685  1.91736  5.64150  4.12411     79 l - - -
          2.68618  4.42225  2.77519  2.73123  3.46354  2.40513  3.72494  3.29354  2.67741  2.69355  4.24690  2.90347  2.73739  3.18146  2.89801  2.37887  2.77519  2.98518  4.58477  3.61503
          0.25716  6.07289  1.49409  0.61958  0.77255  1.13750  0.38658
     80   2.50137  5.83045  3.16899  2.54639  3.79880  3.70799  3.85301  4.66315  1.24080  4.13614  4.87086  2.87952  4.48443  2.99077  2.25067  2.25591  2.99686  4.08457  6.26254  4.85102     80 k - - -
          2.68618  4.42225  2.77519  2.73123  3.46354  2.40513  3.72494  3.29354  2.67741  2.69355  4.24690  2.90347  2.73739  3.18146  2.89801  2.37887  2.77519  2.98518  4.58477  3.61503
          0.15826  5.85071  1.94147  0.61958  0.77255  0.86644  0.54550
     81   2.40346  5.84729  2.60485  2.45021  5.19307  3.97700  3.25422  4.05434  2.23278  3.92616  4.65327  2.89904  1.53637  3.13625  3.10016  2.54616  2.85616  3.66414  6.27955  4.86816     81 p - - -
          2.68618  4.42225  2.77519  2.73123  3.46354  2.40513  3.72494  3.29354  2.67741  2.69355  4.24690  2.90347  2.73739  3.18146  2.89801  2.37887  2.77519  2.98518  4.58477  3.61503
          0.00417  5.87865  6.60100  0.61958  0.77255  1.86008  0.16920
     82   2.93183  5.43963  1.77273  2.53488  5.19501  2.03661  3.28174  4.68189  2.66845  4.05228  4.88899  2.15998  3.71368  2.93039  2.96117  2.44328  2.82932  4.14925  6.28058  4.86884     82 d - - -
          2.68618  4.42225  2.77519  2.73123  3.46354  2.40513  3.72494  3.29354  2.67741  2.69355  4.24690  2.90347  2.73739  3.18146  2.89801  2.37887  2.77519  2.98518  4.58477  3.61503
          0.05676  5.87865  2.94923  0.61958  0.77255  0.47606  0.97082
     83   2.83953  5.38484  3.36677  2.93388  5.36747  0.60622  4.29549  4.84915  2.95428  4.33396  5.07946  3.03792  4.36083  3.47405  3.59660  3.16446  3.68936  4.41827  6.47102  5.06090     83 G - - -
          2.68618  4.42225  2.77519  2.73123  3.46354  2.40513  3.72494  3.29354  2.67741  2.69355  4.24690  2.90347  2.73739  3.18146  2.89801  2.37887  2.77519  2.98518  4.58477  3.61503
          0.33072  6.07752  1.27548  0.61958  0.77255  1.18102  0.36668
     84   2.51285  4.44140  3.69490  3.08701  3.62074  3.57875  3.28145  3.29191  2.43241  2.64951  3.79632  2.84888  4.02170  2.74445  2.51727  2.36044  2.60204  2.38233  4.61782  3.35822     84 s - - -
          2.68618  4.42225  2.77519  2.73123  3.46354  2.40513  3.72494  3.29354  2.67741  2.69355  4.24690  2.90347  2.73739  3.18146  2.89801  2.37887  2.77519  2.98518  4.58477  3.61503
          0.00462  5.77460  6.49695  0.61958  0.77255  1.97535  0.14933
     85   2.73555  3.82055  5.34416  4.72802  2.69491  4.10540  4.64579  1.83100  4.35390  1.41420  2.84421  4.52274  4.90352  4.63944  3.41368  3.58596  3.19202  1.81713  4.20423  3.71006     85 l - - -
          2.68618  4.42225  2.77519  2.73123  3.46354  2.40513  3.72494  3.29354  2.67741  2.69355  4.24690  2.90347  2.73739  3.18146  2.89801  2.37887  2.77519  2.98518  4.58477  3.61503
          0.00460  5.77885  6.50120  0.61958  0.77255  2.01121  0.14367
     86   2.29742  3.49557  3.94764  3.93288  2.91009  2.26784  3.96267  2.72770  3.78719  2.56210  3.04021  3.95785  3.68765  3.57415  3.46617  2.75839  2.88427  2.15113  3.49495  2.64725     86 v - - -
          2.68618  4.42225  2.77519  2.73123  3.46354  2.40513  3.72494  3.29354  2.67741  2.69355  4.24690  2.90347  2.73739  3.18146  2.89801  2.37887  2.77519  2.98518  4.58477  3.61503
          0.00460  5.77885  6.50120  0.61958  0.77255  2.01121  0.14367
     87   3.01816  4.73320  5.33726  4.72097  2.27014  4.53108  4.86530  1.93787  4.26161  1.28938  2.78222  4.69783  4.46608  4.63146  4.50626  3.67764  3.34256  1.95408  4.28172  2.92179     87 l - - -
          2.68618  4.42225  2.77519  2.73123  3.46354  2.40513  3.72494  3.29354  2.67741  2.69355  4.24690  2.90347  2.73739  3.18146  2.89801  2.37887  2.77519  2.98518  4.58477  3.61503
          0.52740  5.76478  0.89962  0.61958  0.77255  0.56374  0.84182
     88   2.46165  5.73540  2.72607  2.11741  4.71830  3.25416  3.49116  3.37535  1.89462  3.75184  4.57868  2.75988  2.83717  2.66648  2.62050  2.57350  2.87663  3.82222  6.16744  4.75584     88 k - - -
          2.68618  4.42225  2.77519  2.73123  3.46354  2.40513  3.72494  3.29354  2.67741  2.69355  4.24690  2.90347  2.73739  3.18146  2.89801  2.37887  2.77519  2.98518  4.58477  3.61503
          0.00502  5.69341  6.41575  0.61958  0.77255  1.81238  0.17825
     89   1.82460  4.57311  3.21545  2.22761  3.79605  3.10349  3.72634  3.24873  2.46447  2.69528  3.88801  3.28509  3.86688  2.88938  3.29748  2.52813  2.73658  2.93809  4.35770  4.14592     89 a - - -
          2.68618  4.42225  2.77519  2.73123  3.46354  2.40513  3.72494  3.29354  2.67741  2.69355  4.24690  2.90347  2.73739  3.18146  2.89801  2.37887  2.77519  2.98518  4.58477  3.61503
          0.00725  5.72986  5.52691  0.61958  0.77255  0.67614  0.71044
     90   2.93555  4.43239  5.50995  4.67040  2.79509  4.70232  5.03669  1.68445  4.67508  1.09500  2.50305  4.86964  5.06575  4.80335  4.67791  3.88159  3.51567  2.11030  4.82321  3.78994     90 l - - -
          2.68618  4.42225  2.77519  2.73123  3.46354  2.40513  3.72494  3.29354  2.67741  2.69355  4.24690  2.90347  2.73739  3.18146  2.89801  2.37887  2.77519  2.98518  4.58477  3.61503
          0.06335  6.00513  2.83152  0.61958  0.77255  0.83342  0.57015
     91   3.10410  5.94908  2.50990  2.08461  5.29545  4.04455  3.95174  4.55622  1.94056  4.04847  4.03303  2.72463  4.19827  2.28574  1.65495  2.93084  2.92618  3.61714  6.38098  4.96924     91 r - - -
          2.68618  4.42225  2.77519  2.73123  3.46354  2.40513  3.72494  3.29354  2.67741  2.69355  4.24690  2.90347  2.73739  3.18146  2.89801  2.37887  2.77519  2.98518  4.58477  3.61503
          0.33363  6.03369  1.26840  0.61958  0.77255  1.28143  0.32523
     92   2.61567  4.87994  1.84132  1.68661  5.09203  3.42608  3.60905  4.26926  2.10146  4.05151  4.78602  2.74389  4.21748  2.83449  3.00129  2.47752  3.00092  4.13701  6.17761  4.76589     92 e - - -
          2.68618  4.42225  2.77519  2.73123  3.46354  2.40513  3.72494  3.29354  2.67741  2.69355  4.24690  2.90347  2.73739  3.18146  2.89801  2.37887  2.77519  2.98518  4.58477  3.61503
          0.20003  5.71003  1.72608  0.61958  0.77255  0.78077  0.61259
     93   2.87406  5.32332  2.89990  2.81909  4.79050  1.09487  3.53845  3.69207  2.48165  3.87040  4.62337  2.89780  3.74598  3.22286  3.01058  2.88331  3.17768  3.70519  5.09252  4.09899     93 g - - -
          2.68618  4.42225  2.77519  2.73123  3.46354  2.40513  3.72494  3.29354  2.67741  2.69355  4.24690  2.90347  2.73739  3.18146  2.89801  2.37887  2.77519  2.98518  4.58477  3.61503
          0.03226  5.80727  3.54943  0.61958  0.77255  1.93142  0.15659
     94   3.30033  4.44353  5.32194  4.70738  1.40536  4.00598  4.31291  2.73202  4.21678  2.21341  3.21534  4.45308  4.90149  4.29184  3.91312  3.84847  3.47089  2.81102  2.77416  1.59161     94 f - - -
          2.68618  4.42225  2.77519  2.73123  3.46354  2.40513  3.72494  3.29354  2.67741  2.69355  4.24690  2.90347  2.73739  3.18146  2.89801  2.37887  2.77519  2.98518  4.58477  3.61503
          0.01050  5.77961  4.91168  0.61958  0.77255  1.97125  0.14999
     95   2.76933  5.32110  2.69457  2.30499  4.55724  3.21991  3.14226  3.53384  1.82197  3.62477  4.48463  2.84974  3.74705  3.02241  2.71199  2.51375  2.45529  3.42726  4.32642  3.39387     95 k - - -
          2.68618  4.42225  2.77519  2.73123  3.46354  2.40513  3.72494  3.29354  2.67741  2.69355  4.24690  2.90347  2.73739  3.18146  2.89801  2.37887  2.77519  2.98518  4.58477  3.61503
          0.01324  5.77374  4.60056  0.61958  0.77255  1.97937  0.14868
     96   2.97435  4.41981  5.28903  4.11523  2.20500  4.52332  3.86618  1.80267  3.71941  1.77573  3.34526  4.24629  3.98448  4.14880  3.63384  3.60351  2.96693  1.85712  4.13856  2.92098     96 l - - -
          2.68618  4.42225  2.77519  2.73123  3.46354  2.40513  3.72494  3.29354  2.67741  2.69355  4.24690  2.90347  2.73739  3.18146  2.89801  2.37887  2.77519  2.98518  4.58477  3.61503
          0.24804  5.76260  1.53005  0.61958  0.77255  0.56001  0.84678
     97   2.86482  4.90132  2.54965  2.08989  4.50575  2.92248  3.35692  3.79969  2.23758  3.69115  3.96212  2.78285  3.18565  2.82089  2.90222  2.30196  2.53574  3.12452  5.64438  4.09929     97 e - - -
          2.68618  4.42225  2.77519  2.73123  3.46354  2.40513  3.72494  3.29354  2.67741  2.69355  4.24690  2.90347  2.73739  3.18146  2.89801  2.37887  2.77519  2.98518  4.58477  3.61503
          0.00420  5.87118  6.59353  0.61958  0.77255  1.78495  0.18369
     98   2.51524  5.09519  3.14502  2.48477  4.24622  3.30185  3.29931  3.54710  2.39968  2.77057  4.23668  2.41191  3.31681  2.65910  2.28144  2.34151  2.72762  3.55305  6.27303  4.43980     98 r - - -
          2.68618  4.42225  2.77519  2.73123  3.46354  2.40513  3.72494  3.29354  2.67741  2.69355  4.24690  2.90347  2.73739  3.18146  2.89801  2.37887  2.77519  2.98518  4.58477  3.61503
          0.02198  5.87567  3.96692  0.61958  0.77255  0.80150  0.59540
     99   2.46663  5.84145  3.64441  3.02624  4.13479  0.77199  4.00462  4.60813  2.99494  4.01799  4.89263  3.33497  3.83946  3.35198  3.46093  2.70049  3.34604  3.88124  6.29793  4.91136     99 g - - -
          2.68618  4.42225  2.77519  2.73123  3.46354  2.40513  3.72494  3.29354  2.67741  2.69355  4.24690  2.90347  2.73739  3.18146  2.89801  2.37887  2.77519  2.98518  4.58477  3.61503
          0.02348  6.01064  3.87483  0.61958  0.77255  1.33569  0.30514
    100   2.09394  4.78358  3.29536  2.82014  4.23058  3.64004  4.02255  2.72463  2.51613  2.76545  2.90142  2.99411  4.08515  3.04913  2.92830  2.63196  2.53080  2.13927  6.19889  4.63059    100 a - - -
          2.68618  4.42225  2.77519  2.73123  3.46354  2.40513  3.72494  3.29354  2.67741  2.69355  4.24690  2.90347  2.73739  3.18146  2.89801  2.37887  2.77519  2.98518  4.58477  3.61503
          0.02028  6.00801  4.03878  0.61958  0.77255  1.53615  0.24234
    101   1.95186  5.44841  3.47837  2.78780  4.54552  2.85349  4.01712  4.36146  2.72028  2.80542  4.18248  2.77651  1.70551  3.25922  3.27813  2.58019  2.78746  3.40549  5.65824  3.62741    101 p - - -
          2.68618  4.42225  2.77519  2.73123  3.46354  2.40513  3.72494  3.29354  2.67741  2.69355  4.24690  2.90347  2.73739  3.18146  2.89801  2.37887  2.77519  2.98518  4.58477  3.61503
          0.13314  5.99145  2.10247  0.61958  0.77255  0.95734  0.48437
    102   2.56632  4.82991  2.50412  2.54307  4.09782  3.43110  3.12978  3.66054  2.39695  3.48738  4.27269  2.36318  3.44864  2.92098  2.63379  2.46823  2.20505  3.44035  4.86293  4.23087    102 t - - -
          2.68618  4.42225  2.77519  2.73123  3.46354  2.40513  3.72494  3.29354  2.67741  2.69355  4.24690  2.90347  2.73739  3.18146  2.89801  2.37887  2.77519  2.98518  4.58477  3.61503
          0.00392  5.93903  6.66137  0.61958  0.77255  1.66114  0.21063
    103   2.88506  5.22024  3.25860  2.60816  4.88590  3.59309  3.81408  4.16104  1.85953  4.19370  4.92857  3.37335  4.13960  2.34019  1.20436  2.78464  3.29153  3.96128  6.32034  4.63968    103 r - - -
          2.68618  4.42225  2.77519  2.73123  3.46354  2.40513  3.72494  3.29354  2.67741  2.69355  4.24690  2.90347  2.73739  3.18146  2.89801  2.37887  2.77519  2.98518  4.58477  3.61503
          0.00553  5.94256  5.84681  0.61958  0.77255  1.60386  0.22454
    104   2.17499  4.45815  2.31770  2.05176  4.71256  3.44936  2.52053  4.36138  2.42997  4.01454  4.68193  2.71090  3.69608  2.92270  2.97407  2.52184  2.54537  3.79620  5.46521  4.08065    104 e - - -
          2.68618  4.42225  2.77519  2.73123  3.46354  2.40513  3.72494  3.29354  2.67741  2.69355  4.24690  2.90347  2.73739  3.18146  2.89801  2.37887  2.77519  2.98518  4.58477  3.61503
          0.02167  5.94896  3.97265  0.61958  0.77255  0.91699  0.51036
    105   2.93567  5.94519  2.69455  1.45061  5.29161  3.70508  3.80701  4.77853  2.37406  3.99541  4.98550  2.68946  4.24234  3.03830  1.61204  2.76188  3.24723  4.33655  6.37706  4.06461    105 e - - -
          2.68618  4.42225  2.77519  2.73123  3.46354  2.40513  3.72494  3.29354  2.67741  2.69355  4.24690  2.90347  2.73739  3.18146  2.89801  2.37887  2.77519  2.98518  4.58477  3.61503
          0.01302  6.02753  4.55446  0.61958  0.77255  1.48826  0.25588
    106   2.60549  4.61499  3.03162  2.60733  3.36991  3.53202  3.88249  2.99814  2.68721  2.52330  4.03851  2.96475  3.37470  2.98321  2.89044  2.78968  2.08156  2.58350  5.24014  3.34426    106 t - - -
          2.68618  4.42225  2.77519  2.73123  3.46354  2.40513  3.72494  3.29354  2.67741  2.69355  4.24690  2.90347  2.73739  3.18146  2.89801  2.37887  2.77519  2.98518  4.58477  3.61503
          0.00362  6.01814  6.74048  0.61958  0.77255  1.27058  0.32943
    107   2.90167  3.48526  4.58541  4.91583  2.66621  4.72688  5.06104  1.26689  4.36470  1.78128  3.35921  4.68016  5.09047  4.64519  4.03690  4.03867  3.07047  1.76691  5.08911  3.47891    107 i - - -
          2.68618  4.42225  2.77519  2.73123  3.46354  2.40513  3.72494  3.29354  2.67741  2.69355  4.24690  2.90347  2.73739  3.18146  2.89801  2.37887  2.77519  2.98518  4.58477  3.61503
          0.00354  6.04146  6.76381  0.61958  0.77255  1.36706  0.29418
    108   2.66646  4.94629  4.58780  3.59463  1.97729  4.71516  4.60953  1.75756  3.90289  1.74468  3.39932  4.23009  5.07981  4.77066  2.95479  3.59461  3.12952  2.33946  3.69374  2.92179    108 l - - -
          2.68618  4.42225  2.77519  2.73123  3.46354  2.40513  3.72494  3.29354  2.67741  2.69355  4.24690  2.90347  2.73739  3.18146  2.89801  2.37887  2.77519  2.98518  4.58477  3.61503
          0.00825  6.04529  5.14258  0.61958  0.77255  1.40740  0.28075
    109   2.46723  4.43864  4.65766  4.57344  2.97524  3.88128  4.02736  1.86184  3.98369  1.66478  3.43298  4.18347  5.07135  4.53954  3.49380  3.15480  2.70104  1.83169  3.37503  3.44751    109 l - - -
          2.68618  4.42225  2.77519  2.73123  3.46354  2.40513  3.72494  3.29354  2.67741  2.69355  4.24690  2.90347  2.73739  3.18146  2.89801  2.37887  2.77519  2.98518  4.58477  3.61503
          0.29820  6.02645  1.36480  0.61958  0.77255  0.87896  0.53651
    110   2.90647  4.78215  5.38761  4.77140  2.57705  4.00417  4.91556  1.43615  4.55327  1.50174  2.93411  4.74818  4.94424  4.68147  4.55643  3.89320  3.55014  1.75728  4.78263  3.42639    110 i - - -
          2.68618  4.42225  2.77519  2.73123  3.46354  2.40513  3.72494  3.29354  2.67741  2.69355  4.24690  2.90347  2.73739  3.18146  2.89801  2.37887  2.77519  2.98518  4.58477  3.61503
          0.11477  5.82927  2.24919  0.61958  0.77255  0.81983  0.58072
    111   2.13877  4.87997  3.33851  2.62004  5.21236  2.44416  3.45679  4.69890  2.09805  3.81130  4.90693  2.50452  4.37641  2.91766  2.49904  1.98756  2.79292  3.96306  6.29869  3.45479    111 s - - -
          2.68618  4.42225  2.77519  2.73123  3.46354  2.40513  3.72494  3.29354  2.67741  2.69355  4.24690  2.90347  2.73739  3.18146  2.89801  2.37887  2.77519  2.98518  4.58477  3.61503
          0.09483  5.90864  2.43319  0.61958  0.77255  0.49849  0.93509
    112   3.24381  5.98521  4.75670  4.41200  6.41033  4.62392  5.90052  5.84847  3.49517  5.46216  6.28821  4.89938  0.20159  5.14962  4.89741  3.82758  4.52520  4.47797  7.60281  6.42856    112 P - - -
          2.68618  4.42225  2.77519  2.73123  3.46354  2.40513  3.72494  3.29354  2.67741  2.69355  4.24690  2.90347  2.73739  3.18146  2.89801  2.37887  2.77519  2.98518  4.58477  3.61503
          0.45652  6.02588  1.01032  0.61958  0.77255  0.81231  0.58669
    113   3.44900  6.09819  1.39878  0.98329  5.42896  3.84303  4.44783  4.93206  2.75102  4.39717  5.15483  3.34284  4.61589  2.88214  3.60413  3.11101  3.63722  4.48343  6.52594  5.07923    113 e - - -
          2.68618  4.42225  2.77519  2.73123  3.46354  2.40513  3.72494  3.29354  2.67741  2.69355  4.24690  2.90347  2.73739  3.18146  2.89801  2.37887  2.77519  2.98518  4.58477  3.61503
          0.37661  5.68623  1.16981  0.61958  0.77255  0.82214  0.57891
    114   2.43005  4.69102  2.91206  2.61769  3.70775  3.25108  3.76933  3.02534  2.22989  2.25011  3.98847  3.16875  3.79559  2.83222  2.94651  2.54707  2.89116  2.99777  4.36344  3.30389    114 k - - -
          2.68618  4.42225  2.77519  2.73123  3.46354  2.40513  3.72494  3.29354  2.67741  2.69355  4.24690  2.90347  2.73739  3.18146  2.89801  2.37887  2.77519  2.98518  4.58477  3.61503
          0.00520  5.65791  6.38025  0.61958  0.77255  1.83487  0.17392
    115   2.62795  5.30098  2.51103  2.34223  3.72329  2.73781  3.02240  3.22472  2.50503  2.95333  4.41524  3.08662  3.49201  2.72955  2.52690  2.70047  2.87090  3.07349  3.99754  4.37808    115 e - - -
          2.68618  4.42225  2.77519  2.73123  3.46354  2.40513  3.72494  3.29354  2.67741  2.69355  4.24690  2.90347  2.73739  3.18146  2.89801  2.37887  2.77519  2.98518  4.58477  3.61503
          0.00501  5.69409  6.41643  0.61958  0.77255  2.02843  0.14104
    116   2.36621  5.34163  2.91241  2.24721  4.36845  3.80670  1.92684  4.42878  2.57233  3.47429  4.54614  2.65533  4.13065  2.68501  2.89463  2.48084  3.02500  2.85310  6.19203  3.53599    116 h - - -
          2.68618  4.42225  2.77519  2.73123  3.46354  2.40513  3.72494  3.29354  2.67741  2.69355  4.24690  2.90347  2.73739  3.18146  2.89801  2.37887  2.77519  2.98518  4.58477  3.61503
          0.00477  5.74368  6.46602  0.61958  0.77255  1.32244  0.30991
    117   3.09135  4.90481  3.78919  2.51082  3.96308  3.95495  4.25801  3.62413  3.31770  3.22211  4.20448  3.82419  0.74288  3.50062  3.54947  3.18678  3.41621  3.58205  5.89621  4.41405    117 p - - -
          2.68618  4.42225  2.77519  2.73123  3.46354  2.40513  3.72494  3.29354  2.67741  2.69355  4.24690  2.90347  2.73739  3.18146  2.89801  2.37887  2.77519  2.98518  4.58477  3.61503
          0.01078  5.85296  4.84768  0.61958  0.77255  1.91948  0.15862
    118   2.33350  3.74100  3.24143  2.92232  3.84707  3.17147  3.95196  2.27163  2.89109  2.37465  4.17905  3.28525  3.53749  3.48861  3.14478  3.07448  2.10696  2.20565  5.01983  4.41163    118 t - - -
          2.68618  4.42225  2.77519  2.73123  3.46354  2.40513  3.72494  3.29354  2.67741  2.69355  4.24690  2.90347  2.73739  3.18146  2.89801  2.37887  2.77519  2.98518  4.58477  3.61503
          0.09566  5.84649  2.42657  0.61958  0.77255  0.69519  0.69110
    119   3.56564  6.10345  4.12229  3.43024  6.46950  4.53022  5.72979  5.96367  4.44284  5.54864  6.39063  4.55875  0.20749  4.97039  5.14999  3.88067  3.83516  5.25677  7.69573  6.38895    119 P - - -
          2.68618  4.42225  2.77519  2.73123  3.46354  2.40513  3.72494  3.29354  2.67741  2.69355  4.24690  2.90347  2.73739  3.18146  2.89801  2.37887  2.77519  2.98518  4.58477  3.61503
          0.30160  5.91232  1.35610  0.61958  0.77255  1.28875  0.32243
    120   2.78762  5.24823  3.26428  2.04461  4.64784  3.56927  3.89820  4.37257  2.04525  3.91117  4.36310  3.21615  4.37757  2.89904  1.25608  2.92496  3.18741  3.61740  6.15001  4.11523    120 r - - -
          2.68618  4.42225  2.77519  2.73123  3.46354  2.40513  3.72494  3.29354  2.67741  2.69355  4.24690  2.90347  2.73739  3.18146  2.89801  2.37887  2.77519  2.98518  4.58477  3.61503
          0.07860  5.67144  2.62909  0.61958  0.77255  0.90401  0.51910
    121   2.96855  5.81538  2.61702  2.12436  4.44988  3.40369  3.83022  4.37992  2.26457  3.82740  3.95418  3.29191  3.70723  2.39867  1.54699  2.89197  3.09132  3.82302  3.94205  3.83958    121 r - - -
          2.68618  4.42225  2.77519  2.73123  3.46354  2.40513  3.72494  3.29354  2.67741  2.69355  4.24690  2.90347  2.73739  3.18146  2.89801  2.37887  2.77519  2.98518  4.58477  3.61503
          0.00716  5.82946  5.47360  0.61958  0.77255  1.62510  0.21927
    122   2.97338  3.61019  4.73100  4.78096  2.88098  4.59107  4.92530  1.57772  4.56281  1.23875  3.36661  4.75781  4.03651  4.69148  4.56626  3.58508  3.56718  1.96725  4.74148  3.22754    122 l - - -
          2.68618  4.42225  2.77519  2.73123  3.46354  2.40513  3.72494  3.29354  2.67741  2.69355  4.24690  2.90347  2.73739  3.18146  2.89801  2.37887  2.77519  2.98518  4.58477  3.61503
          0.01021  5.85221  4.92165  0.61958  0.77255  1.80470  0.17975
    123   2.64516  4.21103  4.95275  4.32276  3.30005  4.33274  4.61907  1.56766  4.49377  1.75615  3.54781  4.46135  3.47518  4.63354  3.74365  3.11698  2.24271  1.84523  5.39565  3.73434    123 i - - -
          2.68618  4.42225  2.77519  2.73123  3.46354  2.40513  3.72494  3.29354  2.67741  2.69355  4.24690  2.90347  2.73739  3.18146  2.89801  2.37887  2.77519  2.98518  4.58477  3.61503
          0.24962  5.81450  1.52364  0.61958  0.77255  1.14941  0.38100
    124   2.14809  2.85427  4.21525  3.99348  3.47843  3.78749  4.37016  2.32132  3.83111  2.28442  3.63710  4.44989  4.25634  4.10396  3.26140  2.19397  2.41231  1.91769  5.05193  3.14139    124 v - - -
          2.68618  4.42225  2.77519  2.73123  3.46354  2.40513  3.72494  3.29354  2.67741  2.69355  4.24690  2.90347  2.73739  3.18146  2.89801  2.37887  2.77519  2.98518  4.58477  3.61503
          0.00822  5.69207  5.33621  0.61958  0.77255  1.88249  0.16512
    125   1.83222  4.65577  2.82223  2.14396  4.06746  3.14554  3.37624  3.48344  2.39356  3.06622  4.58006  2.68551  3.15964  2.81538  3.00992  2.65184  3.16308  3.72781  5.41375  3.93973    125 a - - -
          2.68618  4.42225  2.77519  2.73123  3.46354  2.40513  3.72494  3.29354  2.67741  2.69355  4.24690  2.90347  2.73739  3.18146  2.89801  2.37887  2.77519  2.98518  4.58477  3.61503
          0.00497  5.70323  6.42558  0.61958  0.77255  1.90028  0.16196
    126   2.39014  5.73927  3.26514  2.29629  4.77944  3.76691  3.45804  4.07690  1.97284  3.39843  4.17366  3.15930  3.03088  2.70228  1.63719  2.94712  3.03132  3.69294  6.17234  3.99270    126 r - - -
          2.68618  4.42225  2.77519  2.73123  3.46354  2.40513  3.72494  3.29354  2.67741  2.69355  4.24690  2.90347  2.73739  3.18146  2.89801  2.37887  2.77519  2.98518  4.58477  3.61503
          0.06895  5.70660  2.75987  0.61958  0.77255  0.47488  0.97275
    127   2.02197  3.57506  2.75244  2.70746  3.02946  2.85834  3.81798  3.46527  2.76881  2.89426  3.24609  3.03180  3.43326  3.07977  3.13934  2.44285  2.71536  3.03855  5.57193  3.98587    127 a - - -
          2.68618  4.42225  2.77519  2.73123  3.46354  2.40513  3.72494  3.29354  2.67741  2.69355  4.24690  2.90347  2.73739  3.18146  2.89801  2.37887  2.77519  2.98518  4.58477  3.61503
          0.00373  5.98794  6.71029  0.61958  0.77255  1.36371  0.29532
    128   3.27503  5.88321  4.01256  4.44160  6.23942  0.24192  5.83869  5.72450  4.95881  5.35279  6.15259  3.99509  4.42389  4.72729  5.36257  3.23312  4.38651  3.72101  7.54362  6.28995    128 G - - -
          2.68618  4.42225  2.77519  2.73123  3.46354  2.40513  3.72494  3.29354  2.67741  2.69355  4.24690  2.90347  2.73739  3.18146  2.89801  2.37887  2.77519  2.98518  4.58477  3.61503
          0.08168  5.98215  2.57823  0.61958  0.77255  0.75884  0.63151
    129   2.77811  3.77615  4.63560  4.13901  3.08582  4.10593  4.61607  1.52868  4.07040  1.71142  3.42029  4.03851  5.04621  4.45653  3.78172  3.44740  3.26320  1.76643  4.22734  2.88314    129 i - - -
          2.68618  4.42225  2.77519  2.73123  3.46354  2.40513  3.72494  3.29354  2.67741  2.69355  4.24690  2.90347  2.73739  3.18146  2.89801  2.37887  2.77519  2.98518  4.58477  3.61503
          0.00686  5.98670  5.44341  0.61958  0.77255  1.31024  0.31438
    130   2.55847  4.36266  3.59862  2.91402  5.17315  0.80095  4.24677  4.64067  2.98150  3.80362  4.54765  2.89508  3.89345  2.95702  3.55985  2.93795  3.45552  4.11984  6.30386  4.90966    130 g - - -
          2.68618  4.42225  2.77519  2.73123  3.46354  2.40513  3.72494  3.29354  2.67741  2.69355  4.24690  2.90347  2.73739  3.18146  2.89801  2.37887  2.77519  2.98518  4.58477  3.61503
          0.00373  5.98864  6.71098  0.61958  0.77255  1.40355  0.28200
    131   2.90232  4.23246  2.73314  2.66781  3.85998  3.18564  4.04911  2.57042  2.56505  3.25596  4.00128  1.66153  4.31038  2.81200  2.61555  2.68810  3.02503  3.33463  6.31103  4.16330    131 n - - -
          2.68618  4.42225  2.77519  2.73123  3.46354  2.40513  3.72494  3.29354  2.67741  2.69355  4.24690  2.90347  2.73739  3.18146  2.89801  2.37887  2.77519  2.98518  4.58477  3.61503
          0.17637  5.97579  1.83789  0.61958  0.77255  1.07824  0.41581
    132   1.86249  5.81994  2.46394  1.76472  5.16612  3.25307  4.26699  4.44587  2.50187  3.91958  4.47053  3.33346  3.78754  3.05976  2.46277  1.92597  3.18775  4.21117  6.25196  4.84033    132 e - - -
          2.68618  4.42225  2.77519  2.73123  3.46354  2.40513  3.72494  3.29354  2.67741  2.69355  4.24690  2.90347  2.73739  3.18146  2.89801  2.37887  2.77519  2.98518  4.58477  3.61503
          0.00436  5.83338  6.55573  0.61958  0.77255  1.72376  0.19649
    133   3.14143  4.43966  5.36920  4.75423  3.44871  4.57925  4.91264  1.53376  3.70261  1.49869  3.20312  4.05896  4.94295  4.49235  3.96163  3.68541  3.53787  1.38603  5.40780  4.23172    133 v - - -
          2.68618  4.42225  2.77519  2.73123  3.46354  2.40513  3.72494  3.29354  2.67741  2.69355  4.24690  2.90347  2.73739  3.18146  2.89801  2.37887  2.77519  2.98518  4.58477  3.61503
          0.01506  5.83734  4.42016  0.61958  0.77255  1.72376  0.19649
    134   2.10511  4.32638  2.53330  2.21102  4.60913  3.54837  4.01483  3.93815  2.67356  3.93766  4.84479  2.53663  2.16840  3.11362  2.56715  2.41493  2.91744  3.34582  6.23695  4.82625    134 a - - -
          2.68618  4.42225  2.77519  2.73123  3.46354  2.40513  3.72494  3.29354  2.67741  2.69355  4.24690  2.90347  2.73739  3.18146  2.89801  2.37887  2.77519  2.98518  4.58477  3.61503
          0.01186  5.81322  4.73297  0.61958  0.77255  1.74362  0.19223
    135   2.44420  4.45754  3.21132  2.26090  4.50437  3.38865  3.91120  3.92511  2.47323  3.60122  4.19939  3.10555  2.15652  2.46325  2.94435  2.53096  2.96520  2.67105  3.87377  3.63205    135 p - - -
          2.68618  4.42225  2.77519  2.73123  3.46354  2.40513  3.72494  3.29354  2.67741  2.69355  4.24690  2.90347  2.73739  3.18146  2.89801  2.37887  2.77519  2.98518  4.58477  3.61503
          0.07854  5.80045  2.62401  0.61958  0.77255  1.16741  0.37276
    136   2.21349  4.91362  3.02059  2.20642  4.50637  3.71422  3.57354  3.97397  1.59614  3.48746  4.31223  2.93071  4.00125  2.89171  2.11260  2.83889  3.11655  3.73239  5.57468  4.07712    136 k - - -
          2.68618  4.42225  2.77519  2.73123  3.46354  2.40513  3.72494  3.29354  2.67741  2.69355  4.24690  2.90347  2.73739  3.18146  2.89801  2.37887  2.77519  2.98518  4.58477  3.61503
          0.00444  5.81618  6.53853  0.61958  0.77255  1.67091  0.20835
    137   1.85627  5.79736  3.27326  2.61414  4.90472  3.42154  3.87014  4.15640  2.28612  3.48701  4.11332  2.99485  4.32324  2.88800  1.74295  2.57658  2.74607  3.67797  4.94862  3.27475    137 r - - -
          2.68618  4.42225  2.77519  2.73123  3.46354  2.40513  3.72494  3.29354  2.67741  2.69355  4.24690  2.90347  2.73739  3.18146  2.89801  2.37887  2.77519  2.98518  4.58477  3.61503
          0.00886  5.81813  5.14119  0.61958  0.77255  1.61987  0.22055
    138   3.25272  4.76886  5.36743  4.75147  3.32124  4.56546  4.47252  1.43668  4.04333  1.34276  3.05280  4.73067  3.85145  4.66395  4.24084  3.59676  3.54328  1.81860  4.20534  3.48651    138 l - - -
          2.68618  4.42225  2.77519  2.73123  3.46354  2.40513  3.72494  3.29354  2.67741  2.69355  4.24690  2.90347  2.73739  3.18146  2.89801  2.37887  2.77519  2.98518  4.58477  3.61503
          0.13884  5.81640  2.06628  0.61958  0.77255  1.71744  0.19787
    139   1.99277  4.82275  3.10058  2.16879  3.54446  3.46043  4.06462  3.39581  2.44435  2.86070  3.54055  3.23847  4.40256  2.55306  2.42257  2.81927  2.61775  3.20826  6.09068  3.96374    139 a - - -
          2.68618  4.42225  2.77519  2.73123  3.46354  2.40513  3.72494  3.29354  2.67741  2.69355  4.24690  2.90347  2.73739  3.18146  2.89801  2.37887  2.77519  2.98518  4.58477  3.61503
          0.00342  5.68098        *  0.61958  0.77255  0.00000        *
//
