HMMER3/f [3.2.1 | June 2018]
NAME  WADJET_JetB
LENG  202
ALPH  amino
RF    no
MM    no
CONS  yes
CS    no
MAP   yes
DATE  Fri Jun 18 18:44:33 2021
NSEQ  500
EFFN  14.118195
CKSUM 2166248798
STATS LOCAL MSV      -10.1495  0.70523
STATS LOCAL VITERBI  -11.1896  0.70523
STATS LOCAL FORWARD   -5.0780  0.70523
HMM          A        C        D        E        F        G        H        I        K        L        M        N        P        Q        R        S        T        V        W        Y   
            m->m     m->i     m->d     i->m     i->i     d->m     d->d
  COMPO   2.47643  4.78865  2.75050  2.41719  3.38998  3.19572  3.81500  2.95961  2.84941  2.14803  3.76842  3.30771  3.54866  3.05374  2.53275  2.84215  2.94782  2.72932  4.72390  3.45846
          2.68618  4.42225  2.77519  2.73123  3.46354  2.40513  3.72494  3.29354  2.67741  2.69355  4.24690  2.90347  2.73739  3.18146  2.89801  2.37887  2.77519  2.98518  4.58477  3.61503
          0.08625  6.26702  2.51660  0.61958  0.77255  0.00000        *
      1   3.56661  5.04229  5.59040  4.11545  3.27230  4.10143  5.15922  2.96964  4.49990  2.76214  0.52570  4.71017  4.91080  4.90804  4.57980  3.72526  3.78580  3.04652  3.74948  4.10867      1 M - - -
          2.68618  4.42225  2.77519  2.73123  3.46354  2.40513  3.72494  3.29354  2.67741  2.69355  4.24690  2.90347  2.73739  3.18146  2.89801  2.37887  2.77519  2.98518  4.58477  3.61503
          0.09285  6.18385  2.44635  0.61958  0.77255  0.88422  0.53279
      2   2.66937  5.96344  2.94164  2.48804  4.00946  3.97133  3.72158  3.14455  2.90517  2.62805  3.98512  2.56332  3.44760  3.21424  3.04081  1.69225  2.08017  3.79307  5.54046  4.59093      2 s - - -
          2.68618  4.42225  2.77519  2.73123  3.46354  2.40513  3.72494  3.29354  2.67741  2.69355  4.24690  2.90347  2.73739  3.18146  2.89801  2.37887  2.77519  2.98518  4.58477  3.61503
          0.41944  6.10941  1.07775  0.61958  0.77255  1.07475  0.41761
      3   2.12960  5.75768  2.68546  1.77778  5.10308  3.23419  4.09939  3.79908  2.73273  3.77617  4.05669  3.14136  2.63842  2.57883  2.54352  2.43915  2.97376  3.40817  6.19017  4.77902      3 e - - -
          2.68618  4.42225  2.77519  2.73123  3.46354  2.40513  3.72494  3.29354  2.67741  2.69355  4.24690  2.90347  2.73739  3.18146  2.89801  2.37887  2.77519  2.98518  4.58477  3.61503
          0.00776  5.73395  5.40553  0.61958  0.77255  0.51081  0.91632
      4   2.67123  5.98138  1.48340  1.97209  5.32756  3.73414  3.97788  4.06120  2.71861  4.01454  4.23754  2.91571  3.05950  2.59116  3.30774  2.38970  2.87365  3.50696  6.41340  5.00178      4 d - - -
          2.68618  4.42225  2.77519  2.73123  3.46354  2.40513  3.72494  3.29354  2.67741  2.69355  4.24690  2.90347  2.73739  3.18146  2.89801  2.37887  2.77519  2.98518  4.58477  3.61503
          0.00340  6.08249  6.80484  0.61958  0.77255  1.11323  0.39824
      5   2.51565  4.76829  3.00448  2.20683  5.34360  2.94719  3.79269  3.77462  2.54454  2.95816  4.44534  3.16625  3.57414  2.50615  2.26589  2.38079  2.27902  3.16162  5.84535  4.55195      5 e - - -
          2.68595  4.42269  2.77464  2.73094  3.46398  2.40515  3.72496  3.29391  2.67779  2.69399  4.24734  2.90374  2.73768  3.18154  2.89772  2.37898  2.77467  2.98439  4.58479  3.61547
          0.48184  1.03726  3.57808  0.02863  3.56758  0.78206  0.61150
      6   2.57726  6.01518  2.35615  1.70642  3.45150  3.70161  4.18962  4.20080  2.81343  1.96661  3.59413  2.89548  3.84846  2.78482  3.06839  2.78142  2.85552  3.96369  6.44942  5.04004      7 e - - -
          2.68618  4.42225  2.77519  2.73123  3.46354  2.40513  3.72494  3.29354  2.67741  2.69355  4.24690  2.90347  2.73739  3.18146  2.89801  2.37887  2.77519  2.98518  4.58477  3.61503
          0.00319  6.14402  6.86637  0.61958  0.77255  0.74267  0.64596
      7   2.31096  5.54786  2.53712  2.43288  4.43670  3.45491  4.24833  3.30452  2.25333  2.94691  4.12511  3.53245  2.21264  2.49689  2.40541  2.93671  2.84617  3.55416  6.48153  4.66050      8 p - - -
          2.68618  4.42225  2.77519  2.73123  3.46354  2.40513  3.72494  3.29354  2.67741  2.69355  4.24690  2.90347  2.73739  3.18146  2.89801  2.37887  2.77519  2.98518  4.58477  3.61503
          0.00305  6.18951  6.91186  0.61958  0.77255  1.04349  0.43421
      8   2.25249  6.05153  2.12927  1.54164  4.69266  3.30967  3.52326  4.03439  2.92476  2.78358  4.17273  3.17482  3.08524  2.83150  2.96335  2.86129  3.35121  3.64468  5.89761  4.10094      9 e - - -
          2.68618  4.42225  2.77519  2.73123  3.46354  2.40513  3.72494  3.29354  2.67741  2.69355  4.24690  2.90347  2.73739  3.18146  2.89801  2.37887  2.77519  2.98518  4.58477  3.61503
          0.00305  6.18951  6.91186  0.61958  0.77255  0.98604  0.46689
      9   2.59084  6.05799  1.94808  1.51727  5.40429  3.94125  4.01731  4.40957  2.47243  3.43540  4.10053  2.93176  3.01273  2.69404  2.74810  2.75691  3.06402  4.07448  5.68552  4.72079     10 e - - -
          2.68618  4.42225  2.77519  2.73123  3.46354  2.40513  3.72494  3.29354  2.67741  2.69355  4.24690  2.90347  2.73739  3.18146  2.89801  2.37887  2.77519  2.98518  4.58477  3.61503
          0.00304  6.19343  6.91577  0.61958  0.77255  1.02244  0.44584
     10   2.36347  5.05003  5.59412  4.80255  1.65004  4.63132  4.38339  2.71887  3.94297  1.87675  3.32357  4.77204  5.19844  3.80332  3.03407  3.29780  3.22001  1.94602  4.05204  2.56005     11 f - - -
          2.68618  4.42225  2.77519  2.73123  3.46354  2.40513  3.72494  3.29354  2.67741  2.69355  4.24690  2.90347  2.73739  3.18146  2.89801  2.37887  2.77519  2.98518  4.58477  3.61503
          0.00304  6.19343  6.91577  0.61958  0.77255  1.02244  0.44584
     11   2.44012  4.03025  3.79975  2.84964  5.38184  4.00980  4.27894  4.14138  2.42163  4.18972  4.87231  3.69096  4.16498  2.31602  1.34000  1.91428  2.73107  3.52801  6.47865  5.07121     12 r - - -
          2.68618  4.42225  2.77519  2.73123  3.46354  2.40513  3.72494  3.29354  2.67741  2.69355  4.24690  2.90347  2.73739  3.18146  2.89801  2.37887  2.77519  2.98518  4.58477  3.61503
          0.00304  6.19343  6.91577  0.61958  0.77255  0.47865  0.96659
     12   2.52302  6.08761  3.07782  2.16683  5.43240  4.19657  3.48221  3.57555  2.45469  3.28866  4.04135  3.16252  3.97057  2.47836  1.41610  3.06092  2.94095  3.75222  4.21086  4.39768     13 r - - -
          2.68618  4.42225  2.77519  2.73123  3.46354  2.40513  3.72494  3.29354  2.67741  2.69355  4.24690  2.90347  2.73739  3.18146  2.89801  2.37887  2.77519  2.98518  4.58477  3.61503
          0.00290  6.24012  6.96246  0.61958  0.77255  0.72146  0.66561
     13   1.10542  3.15215  5.59002  3.57288  4.18518  3.48709  5.19493  2.38981  4.78210  2.10307  3.94000  5.00170  4.57686  4.92808  4.81800  3.28183  2.93258  1.80632  5.71252  4.53470     14 a - - -
          2.68618  4.42225  2.77519  2.73123  3.46354  2.40513  3.72494  3.29354  2.67741  2.69355  4.24690  2.90347  2.73739  3.18146  2.89801  2.37887  2.77519  2.98518  4.58477  3.61503
          0.00290  6.24012  6.96246  0.61958  0.77255  0.67191  0.71485
     14   1.66186  3.22184  5.68552  5.06926  3.10919  4.22240  5.21398  1.97333  4.59333  1.26556  3.23352  4.61804  5.24336  4.62796  4.85485  3.87903  3.70906  2.02585  5.70406  4.40681     15 l - - -
          2.68618  4.42225  2.77519  2.73123  3.46354  2.40513  3.72494  3.29354  2.67741  2.69355  4.24690  2.90347  2.73739  3.18146  2.89801  2.37887  2.77519  2.98518  4.58477  3.61503
          0.00289  6.24332  6.96566  0.61958  0.77255  0.69646  0.68985
     15   2.93604  5.59493  3.56295  2.88557  5.28040  3.82030  3.77630  2.37740  3.04214  3.24735  4.69431  2.19458  4.77337  2.49589  1.72780  3.14786  3.18730  2.02597  5.66702  3.86059     16 r - - -
          2.68618  4.42225  2.77519  2.73123  3.46354  2.40513  3.72494  3.29354  2.67741  2.69355  4.24690  2.90347  2.73739  3.18146  2.89801  2.37887  2.77519  2.98518  4.58477  3.61503
          0.00289  6.24332  6.96566  0.61958  0.77255  0.61447  0.77854
     16   2.18966  6.06510  3.60420  2.60018  4.96278  3.98813  3.32703  3.22648  2.18683  2.40758  4.12955  3.47648  4.06314  2.72633  1.80734  3.09424  2.81225  3.24248  6.50563  3.19095     17 r - - -
          2.68618  4.42225  2.77519  2.73123  3.46354  2.40513  3.72494  3.29354  2.67741  2.69355  4.24690  2.90347  2.73739  3.18146  2.89801  2.37887  2.77519  2.98518  4.58477  3.61503
          0.00288  6.24868  6.97103  0.61958  0.77255  0.59670  0.79990
     17   5.25972  6.78122  7.69526  7.10516  4.06355  7.25000  7.44149  3.27315  7.01560  0.15667  3.39505  7.46535  6.95496  6.57643  6.80791  6.73360  5.08448  3.42912  7.05782  6.25945     18 L - - -
          2.68618  4.42225  2.77519  2.73123  3.46354  2.40513  3.72494  3.29354  2.67741  2.69355  4.24690  2.90347  2.73739  3.18146  2.89801  2.37887  2.77519  2.98518  4.58477  3.61503
          0.00287  6.25230  6.97464  0.61958  0.77255  0.57459  0.82768
     18   3.37588  4.57836  5.69500  5.07873  2.65065  4.88923  4.65465  2.82957  4.25517  0.57988  2.66638  5.05582  5.25279  4.74378  4.51753  4.20105  3.54376  2.90334  4.70311  4.09927     19 L - - -
          2.68618  4.42225  2.77519  2.73123  3.46354  2.40513  3.72494  3.29354  2.67741  2.69355  4.24690  2.90347  2.73739  3.18146  2.89801  2.37887  2.77519  2.98518  4.58477  3.61503
          0.00286  6.25534  6.97769  0.61958  0.77255  0.57211  0.83088
     19   2.18584  6.10283  2.74879  2.29917  4.98979  3.46421  4.13932  4.62874  1.78011  3.86895  3.92923  2.70297  4.75610  2.40512  2.10896  2.61810  2.94904  3.66010  6.53478  4.78758     20 k - - -
          2.68618  4.42225  2.77519  2.73123  3.46354  2.40513  3.72494  3.29354  2.67741  2.69355  4.24690  2.90347  2.73739  3.18146  2.89801  2.37887  2.77519  2.98518  4.58477  3.61503
          0.00285  6.25683  6.97918  0.61958  0.77255  0.58248  0.81761
     20   3.11124  5.30401  3.35338  2.63757  4.85006  1.78009  2.51744  4.61124  2.62284  4.25293  5.14225  2.43573  4.75634  2.60813  2.02683  2.62086  3.23460  3.39665  6.53402  3.33394     21 g - - -
          2.68618  4.42225  2.77519  2.73123  3.46354  2.40513  3.72494  3.29354  2.67741  2.69355  4.24690  2.90347  2.73739  3.18146  2.89801  2.37887  2.77519  2.98518  4.58477  3.61503
          0.17792  6.25683  1.82587  0.61958  0.77255  0.58248  0.81761
     21   3.24973  3.86189  3.79920  3.24244  3.18762  2.51218  3.48748  4.55232  3.21059  3.95775  4.57165  3.05225  1.64493  2.31894  2.28702  3.09251  2.18475  3.97724  6.29705  3.62042     22 p - - -
          2.68618  4.42225  2.77519  2.73123  3.46354  2.40513  3.72494  3.29354  2.67741  2.69355  4.24690  2.90347  2.73739  3.18146  2.89801  2.37887  2.77519  2.98518  4.58477  3.61503
          0.00340  6.08230  6.80465  0.61958  0.77255  0.19953  1.70988
     22   3.22128  3.92143  5.69635  5.08005  1.66233  4.89024  4.50821  2.70357  4.86192  1.92632  3.83038  5.05695  3.50661  4.70194  4.22334  3.45917  3.49120  1.78800  2.40957  2.29041     23 f - - -
          2.68618  4.42225  2.77519  2.73123  3.46354  2.40513  3.72494  3.29354  2.67741  2.69355  4.24690  2.90347  2.73739  3.18146  2.89801  2.37887  2.77519  2.98518  4.58477  3.61503
          0.00285  6.25683  6.97918  0.61958  0.77255  0.58248  0.81761
     23   3.74200  5.21588  5.84069  5.22978  3.33881  5.04635  5.38881  1.19362  5.01746  1.26118  3.45986  5.21385  5.39877  4.79701  4.81224  4.07577  3.93892  1.52867  5.86318  4.69261     24 i - - -
          2.68618  4.42225  2.77519  2.73123  3.46354  2.40513  3.72494  3.29354  2.67741  2.69355  4.24690  2.90347  2.73739  3.18146  2.89801  2.37887  2.77519  2.98518  4.58477  3.61503
          0.01119  6.25683  4.68715  0.61958  0.77255  0.54255  0.87051
     24   3.42652  3.17083  3.01636  3.28388  3.66642  4.56331  4.09464  2.86102  4.36283  1.89214  4.03980  4.02831  4.55121  4.36913  3.49697  2.40908  2.14660  2.32130  4.37602  1.83696     25 y - - -
          2.68618  4.42225  2.77519  2.73123  3.46354  2.40513  3.72494  3.29354  2.67741  2.69355  4.24690  2.90347  2.73739  3.18146  2.89801  2.37887  2.77519  2.98518  4.58477  3.61503
          0.00680  6.25106  5.32917  0.61958  0.77255  0.63294  0.75722
     25   1.70737  6.09452  3.37022  2.60929  5.16703  2.58459  3.94293  4.45324  2.16313  3.91892  4.57669  3.70401  3.63913  2.98723  1.49381  2.77109  3.69006  4.09268  6.52685  3.93262     26 r - - -
          2.68618  4.42225  2.77519  2.73123  3.46354  2.40513  3.72494  3.29354  2.67741  2.69355  4.24690  2.90347  2.73739  3.18146  2.89801  2.37887  2.77519  2.98518  4.58477  3.61503
          0.02556  6.24714  3.75938  0.61958  0.77255  0.60490  0.78994
     26   2.50824  6.08184  1.74460  1.81736  4.77337  2.71774  3.52204  4.49230  2.84747  4.00011  4.61760  3.06879  4.73620  3.21524  2.50585  2.43069  2.69794  3.81674  5.23195  4.01277     27 d - - -
          2.68618  4.42225  2.77519  2.73123  3.46354  2.40513  3.72494  3.29354  2.67741  2.69355  4.24690  2.90347  2.73739  3.18146  2.89801  2.37887  2.77519  2.98518  4.58477  3.61503
          0.04740  6.22854  3.11619  0.61958  0.77255  0.80638  0.59144
     27   2.98252  6.05112  2.22142  2.08533  4.46234  2.99490  3.75986  4.05387  1.92886  3.83603  5.09150  3.07781  4.34026  2.87166  1.97701  2.81971  2.67129  3.47987  5.46126  3.86453     28 k - - -
          2.68618  4.42225  2.77519  2.73123  3.46354  2.40513  3.72494  3.29354  2.67741  2.69355  4.24690  2.90347  2.73739  3.18146  2.89801  2.37887  2.77519  2.98518  4.58477  3.61503
          0.35487  6.18420  1.21511  0.61958  0.77255  1.07118  0.41947
     28   2.96002  5.81758  1.70885  2.29495  4.22485  3.79238  3.37998  3.95510  2.79411  4.12287  4.58532  2.87541  2.27506  2.70573  2.77940  2.37594  3.47238  4.08517  5.02751  2.99575     29 d - - -
          2.68618  4.42225  2.77519  2.73123  3.46354  2.40513  3.72494  3.29354  2.67741  2.69355  4.24690  2.90347  2.73739  3.18146  2.89801  2.37887  2.77519  2.98518  4.58477  3.61503
          0.60019  5.83369  0.80215  0.61958  0.77255  0.12012  2.17871
     29   3.18326  5.86546  1.77395  2.10499  5.21138  3.54468  2.44151  3.66396  2.59847  3.78961  4.70838  2.50897  4.17192  2.60740  3.06433  2.58997  2.66561  3.76169  5.31701  3.84976     30 d - - -
          2.68618  4.42225  2.77519  2.73123  3.46354  2.40513  3.72494  3.29354  2.67741  2.69355  4.24690  2.90347  2.73739  3.18146  2.89801  2.37887  2.77519  2.98518  4.58477  3.61503
          0.00922  5.90685  5.04189  0.61958  0.77255  0.18646  1.77131
     30   2.42426  6.08536  3.10453  2.48809  4.59049  2.98730  4.53262  4.72537  2.29968  3.39742  5.12575  2.92189  1.71921  3.07510  1.87396  2.70826  3.30758  4.02584  6.51742  5.10584     31 p - - -
          2.68618  4.42225  2.77519  2.73123  3.46354  2.40513  3.72494  3.29354  2.67741  2.69355  4.24690  2.90347  2.73739  3.18146  2.89801  2.37887  2.77519  2.98518  4.58477  3.61503
          0.00509  6.23286  5.77086  0.61958  0.77255  0.69771  0.68860
     31   2.46405  6.08783  2.22061  1.71203  5.43411  3.82273  3.96705  3.96508  2.20833  3.70302  4.79802  2.83109  3.19280  2.71851  2.58271  2.69208  2.96474  3.36067  5.91751  3.99400     32 e - - -
          2.68618  4.42225  2.77519  2.73123  3.46354  2.40513  3.72494  3.29354  2.67741  2.69355  4.24690  2.90347  2.73739  3.18146  2.89801  2.37887  2.77519  2.98518  4.58477  3.61503
          0.00291  6.23584  6.95819  0.61958  0.77255  0.72031  0.66671
     32   2.17502  5.85546  2.35501  2.60363  4.56627  3.71678  3.40554  3.58114  3.01414  1.34718  4.04163  3.79825  4.66901  3.12627  3.40751  2.94329  3.02888  2.91120  4.93573  3.87238     33 l - - -
          2.68618  4.42225  2.77519  2.73123  3.46354  2.40513  3.72494  3.29354  2.67741  2.69355  4.24690  2.90347  2.73739  3.18146  2.89801  2.37887  2.77519  2.98518  4.58477  3.61503
          0.00291  6.23800  6.96034  0.61958  0.77255  0.44404  1.02566
     33   5.34561  7.00706  7.03163  6.96193  1.57472  6.60934  4.52988  4.33775  6.72368  2.81710  6.18652  6.17845  6.86351  6.35285  6.49280  6.00823  6.24570  4.94296  1.24284  0.93974     34 y - - -
          2.68618  4.42225  2.77519  2.73123  3.46354  2.40513  3.72494  3.29354  2.67741  2.69355  4.24690  2.90347  2.73739  3.18146  2.89801  2.37887  2.77519  2.98518  4.58477  3.61503
          0.00285  6.25936  6.98170  0.61958  0.77255  0.55946  0.84750
     34   2.56028  6.10121  2.32651  2.55422  3.42924  3.18038  3.89921  3.78696  2.94596  3.50187  4.90115  3.06040  3.04255  2.24106  2.09218  2.67716  3.00817  3.66789  6.53409  2.67968     35 r - - -
          2.68618  4.42225  2.77519  2.73123  3.46354  2.40513  3.72494  3.29354  2.67741  2.69355  4.24690  2.90347  2.73739  3.18146  2.89801  2.37887  2.77519  2.98518  4.58477  3.61503
          0.00285  6.25936  6.98170  0.61958  0.77255  0.55946  0.84750
     35   2.22173  5.25506  3.02591  3.23601  2.18293  4.36356  3.94662  3.01222  3.14353  1.71893  3.92670  3.67542  4.96866  3.37856  2.85214  2.89966  2.59932  2.67187  3.88753  3.94311     36 l - - -
          2.68618  4.42225  2.77519  2.73123  3.46354  2.40513  3.72494  3.29354  2.67741  2.69355  4.24690  2.90347  2.73739  3.18146  2.89801  2.37887  2.77519  2.98518  4.58477  3.61503
          0.00648  6.25936  5.39440  0.61958  0.77255  0.55946  0.84750
     36   2.58733  3.51454  5.08241  5.08358  3.37024  4.89326  5.22785  1.56265  4.86544  1.25017  4.09049  5.06024  5.25665  4.99407  4.25228  4.05391  3.95410  1.51340  5.71741  3.80086     37 l - - -
          2.68618  4.42225  2.77519  2.73123  3.46354  2.40513  3.72494  3.29354  2.67741  2.69355  4.24690  2.90347  2.73739  3.18146  2.89801  2.37887  2.77519  2.98518  4.58477  3.61503
          0.00286  6.25574  6.97808  0.61958  0.77255  0.53556  0.88030
     37   3.22480  4.23959  3.41787  2.37952  4.79623  4.07929  3.98051  3.00122  2.46830  1.79867  3.87159  3.38792  4.43544  3.11685  1.69274  2.75947  3.41501  2.70327  6.43592  4.07107     38 r - - -
          2.68618  4.42225  2.77519  2.73123  3.46354  2.40513  3.72494  3.29354  2.67741  2.69355  4.24690  2.90347  2.73739  3.18146  2.89801  2.37887  2.77519  2.98518  4.58477  3.61503
          0.00285  6.25936  6.98170  0.61958  0.77255  0.55946  0.84750
     38   2.48033  6.10485  2.30772  2.17844  5.45125  3.39072  3.45317  4.58843  2.51810  3.51609  4.84826  3.12276  4.75787  2.65903  1.41983  2.62519  3.08962  4.29360  6.53673  5.12498     39 r - - -
          2.68618  4.42225  2.77519  2.73123  3.46354  2.40513  3.72494  3.29354  2.67741  2.69355  4.24690  2.90347  2.73739  3.18146  2.89801  2.37887  2.77519  2.98518  4.58477  3.61503
          0.00285  6.25936  6.98170  0.61958  0.77255  0.55946  0.84750
     39   3.31576  4.01401  2.88591  2.96726  3.75807  3.80039  1.66879  3.68532  3.23727  2.75875  4.47948  1.98772  4.81306  3.23633  2.69788  3.20948  3.75388  3.81260  3.76619  2.26021     40 h - - -
          2.68618  4.42225  2.77519  2.73123  3.46354  2.40513  3.72494  3.29354  2.67741  2.69355  4.24690  2.90347  2.73739  3.18146  2.89801  2.37887  2.77519  2.98518  4.58477  3.61503
          0.00285  6.25936  6.98170  0.61958  0.77255  0.55946  0.84750
     40   2.29708  6.04704  3.81847  1.70693  3.76257  4.03762  4.05945  3.95750  2.54997  2.78488  4.83873  3.85572  4.21735  1.85732  2.04578  3.13332  3.27073  3.60460  5.09560  3.42372     41 e - - -
          2.68618  4.42225  2.77519  2.73123  3.46354  2.40513  3.72494  3.29354  2.67741  2.69355  4.24690  2.90347  2.73739  3.18146  2.89801  2.37887  2.77519  2.98518  4.58477  3.61503
          0.00285  6.25936  6.98170  0.61958  0.77255  0.55946  0.84750
     41   2.13876  6.10480  2.39676  1.82000  5.03477  3.07277  3.50682  4.52997  2.42808  3.89742  4.95128  3.09270  3.02006  2.77286  2.90759  2.46198  2.48790  3.73358  6.53670  4.35789     42 e - - -
          2.68618  4.42225  2.77519  2.73123  3.46354  2.40513  3.72494  3.29354  2.67741  2.69355  4.24690  2.90347  2.73739  3.18146  2.89801  2.37887  2.77519  2.98518  4.58477  3.61503
          0.00285  6.25936  6.98170  0.61958  0.77255  0.55946  0.84750
     42   2.06822  5.32725  3.00857  2.04573  3.19364  3.90322  4.01148  3.14235  3.01637  2.26667  4.42371  3.62240  3.02007  2.63425  3.07863  3.12556  3.37286  2.65991  3.70828  3.29732     43 e - - -
          2.68618  4.42225  2.77519  2.73123  3.46354  2.40513  3.72494  3.29354  2.67741  2.69355  4.24690  2.90347  2.73739  3.18146  2.89801  2.37887  2.77519  2.98518  4.58477  3.61503
          0.00285  6.25936  6.98170  0.61958  0.77255  0.55946  0.84750
     43   3.72542  5.28068  5.90960  4.97750  1.81536  5.11792  5.45753  1.59699  5.08726  1.15192  3.82773  5.28600  5.46186  5.20265  5.08850  4.43537  4.08163  1.81547  5.91652  3.62903     44 l - - -
          2.68618  4.42225  2.77519  2.73123  3.46354  2.40513  3.72494  3.29354  2.67741  2.69355  4.24690  2.90347  2.73739  3.18146  2.89801  2.37887  2.77519  2.98518  4.58477  3.61503
          0.00285  6.25936  6.98170  0.61958  0.77255  0.55946  0.84750
     44   2.44123  6.10419  3.10043  2.13916  4.98343  3.81227  4.10742  4.02244  2.25444  4.30046  4.51633  3.44199  4.75801  2.67393  1.28326  2.62391  2.71825  3.78997  6.53626  5.12468     45 r - - -
          2.68618  4.42225  2.77519  2.73123  3.46354  2.40513  3.72494  3.29354  2.67741  2.69355  4.24690  2.90347  2.73739  3.18146  2.89801  2.37887  2.77519  2.98518  4.58477  3.61503
          0.00285  6.25936  6.98170  0.61958  0.77255  0.55946  0.84750
     45   2.47537  5.40961  1.77181  1.91540  4.68763  3.42897  3.91487  4.45362  2.41833  4.21971  4.73362  2.79080  4.06618  2.84968  2.45841  2.14600  3.20959  3.95174  6.53669  4.78339     46 d - - -
          2.68618  4.42225  2.77519  2.73123  3.46354  2.40513  3.72494  3.29354  2.67741  2.69355  4.24690  2.90347  2.73739  3.18146  2.89801  2.37887  2.77519  2.98518  4.58477  3.61503
          0.00604  6.25936  5.49491  0.61958  0.77255  0.55946  0.84750
     46   3.14914  5.20558  3.76176  4.04207  2.25873  4.77881  3.05819  3.25243  4.21069  2.59497  4.00712  4.71480  5.14996  4.09517  2.11704  3.55553  3.83725  3.13420  2.54528  1.27046     47 y - - -
          2.68618  4.42225  2.77519  2.73123  3.46354  2.40513  3.72494  3.29354  2.67741  2.69355  4.24690  2.90347  2.73739  3.18146  2.89801  2.37887  2.77519  2.98518  4.58477  3.61503
          0.00285  6.25617  6.97852  0.61958  0.77255  0.53832  0.87641
     47   3.49022  4.09867  5.87869  5.26525  1.09490  5.08271  5.41828  2.91435  5.05177  1.08659  3.71127  5.25082  5.42846  5.16552  5.05129  4.39874  4.00353  2.22156  5.87876  4.28614     48 l - - -
          2.68618  4.42225  2.77519  2.73123  3.46354  2.40513  3.72494  3.29354  2.67741  2.69355  4.24690  2.90347  2.73739  3.18146  2.89801  2.37887  2.77519  2.98518  4.58477  3.61503
          0.00285  6.25936  6.98170  0.61958  0.77255  0.55946  0.84750
     48   1.68512  5.31638  2.55623  2.40767  4.37848  3.21893  2.91803  4.69945  2.73722  3.65637  4.00157  2.72128  4.58870  2.59905  2.71173  2.03880  3.23576  3.81829  5.69993  5.12431     49 a - - -
          2.68618  4.42225  2.77519  2.73123  3.46354  2.40513  3.72494  3.29354  2.67741  2.69355  4.24690  2.90347  2.73739  3.18146  2.89801  2.37887  2.77519  2.98518  4.58477  3.61503
          0.00285  6.25936  6.98170  0.61958  0.77255  0.55946  0.84750
     49   2.89059  4.16213  2.48967  1.76308  4.01796  4.00914  4.22293  3.35415  2.79930  2.69840  4.02002  3.13654  3.14715  2.79310  2.59929  3.27602  2.91096  2.33811  6.49364  3.49368     50 e - - -
          2.68618  4.42225  2.77519  2.73123  3.46354  2.40513  3.72494  3.29354  2.67741  2.69355  4.24690  2.90347  2.73739  3.18146  2.89801  2.37887  2.77519  2.98518  4.58477  3.61503
          0.00285  6.25936  6.98170  0.61958  0.77255  0.55946  0.84750
     50   2.61545  3.43841  4.62672  5.07916  2.55975  4.00393  5.22589  2.02690  4.86171  0.99459  2.67498  5.05755  4.62689  4.99098  4.86626  3.29887  2.95099  2.83640  5.71672  4.03175     51 l - - -
          2.68618  4.42225  2.77519  2.73123  3.46354  2.40513  3.72494  3.29354  2.67741  2.69355  4.24690  2.90347  2.73739  3.18146  2.89801  2.37887  2.77519  2.98518  4.58477  3.61503
          0.00285  6.25936  6.98170  0.61958  0.77255  0.55946  0.84750
     51   3.38381  5.69895  2.70385  3.58793  2.38072  0.68110  4.73224  4.29293  3.39307  3.55810  4.58090  3.45293  4.90277  3.84953  3.81860  3.65507  3.88279  4.00895  6.22857  3.65495     52 G - - -
          2.68618  4.42225  2.77519  2.73123  3.46354  2.40513  3.72494  3.29354  2.67741  2.69355  4.24690  2.90347  2.73739  3.18146  2.89801  2.37887  2.77519  2.98518  4.58477  3.61503
          0.00285  6.25936  6.98170  0.61958  0.77255  0.55946  0.84750
     52   3.63225  4.11242  5.03059  5.08350  2.43436  4.63482  4.91676  2.70170  4.86502  1.27704  3.18451  5.05964  5.25601  4.61393  4.63717  4.20435  3.81708  2.49638  1.96334  1.87184     53 l - - -
          2.68618  4.42225  2.77519  2.73123  3.46354  2.40513  3.72494  3.29354  2.67741  2.69355  4.24690  2.90347  2.73739  3.18146  2.89801  2.37887  2.77519  2.98518  4.58477  3.61503
          0.00285  6.25936  6.98170  0.61958  0.77255  0.55946  0.84750
     53   2.97696  6.10447  2.09876  1.80853  5.09234  3.73225  3.64263  3.90331  2.86230  3.85017  4.93570  3.25264  3.95832  2.88802  1.67342  2.57049  2.47366  3.53881  6.53646  5.12480     54 r - - -
          2.68618  4.42225  2.77519  2.73123  3.46354  2.40513  3.72494  3.29354  2.67741  2.69355  4.24690  2.90347  2.73739  3.18146  2.89801  2.37887  2.77519  2.98518  4.58477  3.61503
          0.00648  6.25936  5.39440  0.61958  0.77255  0.55946  0.84750
     54   4.35180  5.67961  6.33203  5.71910  3.32367  5.56727  5.88097  2.51647  5.51669  0.39905  3.77638  5.73839  4.92648  5.55508  5.49076  4.89494  4.57402  2.26228  4.96599  4.60205     55 L - - -
          2.68618  4.42225  2.77519  2.73123  3.46354  2.40513  3.72494  3.29354  2.67741  2.69355  4.24690  2.90347  2.73739  3.18146  2.89801  2.37887  2.77519  2.98518  4.58477  3.61503
          0.00286  6.25574  6.97808  0.61958  0.77255  0.59227  0.80536
     55   3.24532  5.04075  3.63573  2.63811  3.56694  4.32021  2.97069  1.86829  3.57452  2.49001  3.72116  3.97003  5.02047  2.79255  2.97191  3.56033  2.92333  1.50696  5.53701  3.55000     56 v - - -
          2.68618  4.42225  2.77519  2.73123  3.46354  2.40513  3.72494  3.29354  2.67741  2.69355  4.24690  2.90347  2.73739  3.18146  2.89801  2.37887  2.77519  2.98518  4.58477  3.61503
          0.00286  6.25574  6.97808  0.61958  0.77255  0.59227  0.80536
     56   3.57545  5.11487  4.82274  3.99290  3.70777  4.46245  2.67903  1.68929  3.47830  1.85488  3.45427  4.79082  5.22995  4.21689  3.65359  3.78318  3.54603  1.21890  5.10246  3.74295     57 v - - -
          2.68618  4.42225  2.77519  2.73123  3.46354  2.40513  3.72494  3.29354  2.67741  2.69355  4.24690  2.90347  2.73739  3.18146  2.89801  2.37887  2.77519  2.98518  4.58477  3.61503
          0.00520  6.25574  5.72382  0.61958  0.77255  0.59227  0.80536
     57   3.32595  6.09962  1.06403  2.21736  5.21488  3.64666  3.10053  4.61888  2.77549  4.09659  5.14005  2.25153  4.75383  3.22835  3.32164  3.08572  2.80487  3.58649  5.40232  4.74843     58 d - - -
          2.68618  4.42225  2.77519  2.73123  3.46354  2.40513  3.72494  3.29354  2.67741  2.69355  4.24690  2.90347  2.73739  3.18146  2.89801  2.37887  2.77519  2.98518  4.58477  3.61503
          0.00286  6.25340  6.97574  0.61958  0.77255  0.57595  0.82593
     58   2.58687  6.10222  2.48404  1.64492  5.44861  3.72369  3.18123  4.61420  2.78728  4.12085  4.78994  3.39449  2.44204  2.90450  1.92475  2.58661  3.04483  3.88019  6.53412  4.28018     59 e - - -
          2.68618  4.42225  2.77519  2.73123  3.46354  2.40513  3.72494  3.29354  2.67741  2.69355  4.24690  2.90347  2.73739  3.18146  2.89801  2.37887  2.77519  2.98518  4.58477  3.61503
          0.00286  6.25574  6.97808  0.61958  0.77255  0.59227  0.80536
     59   2.42216  6.10214  1.91653  2.05248  5.44850  3.60909  3.00753  4.43500  2.73252  4.07422  4.77305  2.68215  4.01376  2.59923  2.24099  2.57742  2.94141  3.39784  5.87736  4.00841     60 d - - -
          2.68618  4.42225  2.77519  2.73123  3.46354  2.40513  3.72494  3.29354  2.67741  2.69355  4.24690  2.90347  2.73739  3.18146  2.89801  2.37887  2.77519  2.98518  4.58477  3.61503
          0.00286  6.25574  6.97808  0.61958  0.77255  0.59227  0.80536
     60   2.63979  4.06716  2.60035  1.91977  2.34336  3.58332  3.32425  3.85088  3.35570  2.33707  3.70597  3.21432  4.58316  3.13662  2.62713  3.26025  2.98544  3.37699  5.48846  2.81027     61 e - - -
          2.68618  4.42225  2.77519  2.73123  3.46354  2.40513  3.72494  3.29354  2.67741  2.69355  4.24690  2.90347  2.73739  3.18146  2.89801  2.37887  2.77519  2.98518  4.58477  3.61503
          0.30348  6.25574  1.34770  0.61958  0.77255  0.59227  0.80536
     61   2.98507  4.75597  3.25437  2.16924  4.91908  1.03866  4.05887  4.72563  2.68138  3.99139  4.93567  3.35203  4.55210  2.58598  2.50285  3.06769  3.48433  4.28548  6.32773  4.50870     62 g - - -
          2.68618  4.42225  2.77519  2.73123  3.46354  2.40513  3.72494  3.29354  2.67741  2.69355  4.24690  2.90347  2.73739  3.18146  2.89801  2.37887  2.77519  2.98518  4.58477  3.61503
          0.00386  5.95611  6.67846  0.61958  0.77255  1.74920  0.19105
     62   3.36037  4.28612  5.47599  4.85962  2.25222  4.66838  4.80648  2.06888  4.64111  2.42822  2.88531  4.83564  5.03187  4.76942  4.64397  3.85810  3.55025  1.46631  4.56398  1.54528     63 v - - -
          2.68618  4.42225  2.77519  2.73123  3.46354  2.40513  3.72494  3.29354  2.67741  2.69355  4.24690  2.90347  2.73739  3.18146  2.89801  2.37887  2.77519  2.98518  4.58477  3.61503
          0.00384  5.95937  6.68171  0.61958  0.77255  0.14637  1.99392
     63   0.81745  4.18415  5.71775  5.10286  3.28776  4.39101  5.25142  1.83731  4.88619  2.87544  3.51391  5.08136  5.27729  5.01576  4.89089  4.22750  3.97249  1.93372  5.74058  3.95255     64 a - - -
          2.68618  4.42225  2.77519  2.73123  3.46354  2.40513  3.72494  3.29354  2.67741  2.69355  4.24690  2.90347  2.73739  3.18146  2.89801  2.37887  2.77519  2.98518  4.58477  3.61503
          0.00286  6.25574  6.97808  0.61958  0.77255  0.59227  0.80536
     64   3.02700  4.31953  4.75511  4.05870  1.87043  3.14487  4.73652  3.55985  2.35242  3.37433  3.12929  4.52861  5.08262  3.45589  1.62143  3.38884  3.69452  3.17922  4.00471  1.96431     65 r - - -
          2.68618  4.42225  2.77519  2.73123  3.46354  2.40513  3.72494  3.29354  2.67741  2.69355  4.24690  2.90347  2.73739  3.18146  2.89801  2.37887  2.77519  2.98518  4.58477  3.61503
          0.00286  6.25574  6.97808  0.61958  0.77255  0.59227  0.80536
     65   2.76648  5.09652  5.66830  5.05402  3.94036  4.88743  5.22027  2.16636  2.98388  0.74546  3.81368  5.04493  5.25116  4.67249  4.57795  4.10440  3.07460  2.15022  5.71832  4.32440     66 l - - -
          2.68618  4.42225  2.77519  2.73123  3.46354  2.40513  3.72494  3.29354  2.67741  2.69355  4.24690  2.90347  2.73739  3.18146  2.89801  2.37887  2.77519  2.98518  4.58477  3.61503
          0.00627  6.25574  5.44228  0.61958  0.77255  0.59227  0.80536
     66   3.09606  6.03916  3.79421  2.82606  4.24162  4.24377  4.35086  3.55950  1.31423  3.08700  5.08651  3.75086  4.23903  2.76152  1.66757  2.98655  2.84956  3.06307  6.48720  3.39205     67 k - - -
          2.68618  4.42225  2.77519  2.73123  3.46354  2.40513  3.72494  3.29354  2.67741  2.69355  4.24690  2.90347  2.73739  3.18146  2.89801  2.37887  2.77519  2.98518  4.58477  3.61503
          0.02615  6.25233  3.73470  0.61958  0.77255  0.62205  0.76969
     67   2.81195  5.36895  3.47509  3.27128  4.95508  2.84444  3.88932  4.24184  3.18486  3.98285  4.63478  2.35685  1.50385  1.74567  3.06037  2.54772  3.08435  3.74331  6.50032  4.71391     68 p - - -
          2.68618  4.42225  2.77519  2.73123  3.46354  2.40513  3.72494  3.29354  2.67741  2.69355  4.24690  2.90347  2.73739  3.18146  2.89801  2.37887  2.77519  2.98518  4.58477  3.61503
          0.25885  6.22912  1.48683  0.61958  0.77255  0.80230  0.59475
     68   1.93260  4.68657  3.12667  3.18828  4.12057  2.93287  3.67943  3.04532  3.00499  2.65895  4.59548  3.64524  2.34175  3.36129  2.49404  2.95159  3.14499  2.01728  4.86250  4.31720     69 a - - -
          2.68617  4.42285  2.77408  2.73019  3.46414  2.40472  3.72514  3.29384  2.67801  2.69409  4.24716  2.90378  2.73728  3.18155  2.89749  2.37917  2.77531  2.98534  4.58537  3.61563
          0.88322  0.59009  3.43351  0.02129  3.86000  1.75054  0.19077
     69   2.48971  5.20503  2.01038  1.65334  4.40680  2.74934  4.00017  4.02619  2.66539  3.42476  4.47305  3.38753  3.35240  2.84505  2.85184  2.66431  2.97989  3.13184  6.31801  4.62324     71 e - - -
          2.68618  4.42225  2.77519  2.73123  3.46354  2.40513  3.72494  3.29354  2.67741  2.69355  4.24690  2.90347  2.73739  3.18146  2.89801  2.37887  2.77519  2.98518  4.58477  3.61503
          0.07715  5.94253  2.63639  0.61958  0.77255  1.75680  0.18946
     70   2.84133  5.84337  1.53432  1.47290  4.82092  2.96970  3.80054  4.33132  2.80544  3.77534  4.40572  3.39622  3.92969  3.05791  3.31522  2.63297  2.86820  3.69478  6.27605  4.46312     72 e - - -
          2.68618  4.42225  2.77519  2.73123  3.46354  2.40513  3.72494  3.29354  2.67741  2.69355  4.24690  2.90347  2.73739  3.18146  2.89801  2.37887  2.77519  2.98518  4.58477  3.61503
          0.01036  5.87495  4.89317  0.61958  0.77255  1.84109  0.17274
     71   2.25455  4.60010  2.22214  2.24080  4.58154  2.51457  3.93845  3.44727  2.94548  2.80078  4.53874  3.29244  2.55871  2.92937  3.01378  2.56584  2.88338  3.11946  6.25668  4.85337     73 d - - -
          2.68618  4.42225  2.77519  2.73123  3.46354  2.40513  3.72494  3.29354  2.67741  2.69355  4.24690  2.90347  2.73739  3.18146  2.89801  2.37887  2.77519  2.98518  4.58477  3.61503
          0.42870  5.87747  1.06177  0.61958  0.77255  1.06072  0.42497
     72   2.26107  4.87949  4.03223  3.04166  3.12197  2.72700  4.28425  2.65770  3.31898  1.86715  3.21831  3.88337  2.70007  3.60194  3.82767  2.85688  2.57476  2.24456  5.47210  4.02263     74 l - - -
          2.68618  4.42225  2.77519  2.73123  3.46354  2.40513  3.72494  3.29354  2.67741  2.69355  4.24690  2.90347  2.73739  3.18146  2.89801  2.37887  2.77519  2.98518  4.58477  3.61503
          0.00535  5.62997  6.35232  0.61958  0.77255  0.49481  0.94080
     73   3.06687  5.92689  3.02637  2.80644  3.76297  3.29701  3.54497  3.34518  2.93963  2.85690  4.78617  3.16563  1.49444  3.06261  2.41231  2.77243  2.58050  3.01581  6.36993  4.96951     75 p - - -
          2.68618  4.42225  2.77519  2.73123  3.46354  2.40513  3.72494  3.29354  2.67741  2.69355  4.24690  2.90347  2.73739  3.18146  2.89801  2.37887  2.77519  2.98518  4.58477  3.61503
          0.00346  6.06313  6.78548  0.61958  0.77255  1.13476  0.38787
     74   2.79954  5.98406  3.52419  2.57360  4.34016  3.01740  2.98294  3.28488  2.44501  3.61198  5.02545  2.94441  3.55602  2.86588  1.62642  2.62487  2.82254  2.89875  6.41842  3.29184     76 r - - -
          2.68618  4.42225  2.77519  2.73123  3.46354  2.40513  3.72494  3.29354  2.67741  2.69355  4.24690  2.90347  2.73739  3.18146  2.89801  2.37887  2.77519  2.98518  4.58477  3.61503
          0.00334  6.09921  6.82155  0.61958  0.77255  1.42053  0.27653
     75   2.72284  5.14820  3.02122  2.76762  4.87917  2.56529  4.35839  3.49540  3.37144  1.38725  3.96308  3.26902  2.27394  3.36059  3.13136  2.93308  3.19363  3.03086  4.63746  4.22166     77 l - - -
          2.68618  4.42225  2.77519  2.73123  3.46354  2.40513  3.72494  3.29354  2.67741  2.69355  4.24690  2.90347  2.73739  3.18146  2.89801  2.37887  2.77519  2.98518  4.58477  3.61503
          0.00334  6.09921  6.82155  0.61958  0.77255  1.36308  0.29554
     76   1.99631  5.12727  3.89691  3.34233  3.19264  2.83063  4.45639  2.45321  3.42972  1.77000  3.66894  4.51862  4.28313  4.01622  3.15059  3.09067  2.84111  1.93913  4.74559  3.35880     78 l - - -
          2.68618  4.42225  2.77519  2.73123  3.46354  2.40513  3.72494  3.29354  2.67741  2.69355  4.24690  2.90347  2.73739  3.18146  2.89801  2.37887  2.77519  2.98518  4.58477  3.61503
          0.01200  6.10350  4.63634  0.61958  0.77255  1.37192  0.29252
     77   2.63881  5.96393  3.38226  2.98180  3.94254  3.35771  3.70918  4.33561  2.70410  2.81258  4.44152  2.10365  3.12904  2.79566  1.56872  3.04147  2.72708  3.17242  4.86708  4.35685     79 r - - -
          2.68618  4.42225  2.77519  2.73123  3.46354  2.40513  3.72494  3.29354  2.67741  2.69355  4.24690  2.90347  2.73739  3.18146  2.89801  2.37887  2.77519  2.98518  4.58477  3.61503
          0.03093  6.09739  3.56813  0.61958  0.77255  1.36984  0.29323
     78   3.24682  5.96545  2.61620  2.96611  4.20561  3.07471  3.48901  4.53964  2.53628  3.87204  5.00704  3.52235  4.63170  3.11889  1.03403  2.78897  2.54404  3.55681  4.91845  4.60071     80 r - - -
          2.68618  4.42225  2.77519  2.73123  3.46354  2.40513  3.72494  3.29354  2.67741  2.69355  4.24690  2.90347  2.73739  3.18146  2.89801  2.37887  2.77519  2.98518  4.58477  3.61503
          0.01996  6.07426  4.04792  0.61958  0.77255  0.18220  1.79237
     79   2.64320  5.22378  2.45993  2.31336  4.32394  3.59689  3.50343  3.66924  2.62294  2.63233  3.80866  3.40627  4.07805  2.55974  1.89873  2.78508  2.57841  3.13779  6.51843  4.10292     81 r - - -
          2.68618  4.42225  2.77519  2.73123  3.46354  2.40513  3.72494  3.29354  2.67741  2.69355  4.24690  2.90347  2.73739  3.18146  2.89801  2.37887  2.77519  2.98518  4.58477  3.61503
          0.28446  6.24592  1.40390  0.61958  0.77255  0.47734  0.96872
     80   2.46477  5.90822  3.54650  2.94164  4.14785  3.87283  3.84292  4.04114  2.23554  3.73365  4.94944  3.34224  2.09798  2.34179  1.70565  2.39237  2.84690  3.77918  6.34218  4.93250     82 r - - -
          2.68618  4.42225  2.77519  2.73123  3.46354  2.40513  3.72494  3.29354  2.67741  2.69355  4.24690  2.90347  2.73739  3.18146  2.89801  2.37887  2.77519  2.98518  4.58477  3.61503
          0.00375  5.98334  6.70569  0.61958  0.77255  0.67954  0.70694
     81   3.28390  5.07633  3.58426  3.02596  2.95702  4.25090  4.40430  2.93468  4.22670  0.82793  3.09504  4.25919  4.29400  4.12894  4.24291  3.12935  3.15321  2.97872  4.28824  3.16330     83 l - - -
          2.68618  4.42225  2.77519  2.73123  3.46354  2.40513  3.72494  3.29354  2.67741  2.69355  4.24690  2.90347  2.73739  3.18146  2.89801  2.37887  2.77519  2.98518  4.58477  3.61503
          0.00326  6.12473  6.84708  0.61958  0.77255  0.20177  1.69984
     82   3.52581  5.58226  3.13636  3.22411  5.45057  3.01560  3.96915  4.23809  2.13705  4.26407  4.84438  2.56467  2.35947  3.51122  2.03619  1.83389  2.00870  3.83620  6.53768  4.80083     84 s - - -
          2.68618  4.42225  2.77519  2.73123  3.46354  2.40513  3.72494  3.29354  2.67741  2.69355  4.24690  2.90347  2.73739  3.18146  2.89801  2.37887  2.77519  2.98518  4.58477  3.61503
          0.00283  6.26297  6.98531  0.61958  0.77255  0.52550  0.89467
     83   3.04487  5.55003  4.12135  3.48013  2.39370  4.33247  4.10428  3.48360  2.28238  2.22988  3.39135  3.95120  4.15907  3.02970  1.45257  3.56225  3.10192  3.20195  5.12003  2.66694     85 r - - -
          2.68618  4.42225  2.77519  2.73123  3.46354  2.40513  3.72494  3.29354  2.67741  2.69355  4.24690  2.90347  2.73739  3.18146  2.89801  2.37887  2.77519  2.98518  4.58477  3.61503
          0.00283  6.26297  6.98531  0.61958  0.77255  0.52550  0.89467
     84   2.61860  6.09427  1.81002  1.94598  4.10175  3.56268  3.30711  3.62614  3.15409  2.83015  4.29561  3.20392  2.98097  2.96134  2.42753  3.32878  2.88119  3.41884  6.52972  3.28554     86 d - - -
          2.68618  4.42225  2.77519  2.73123  3.46354  2.40513  3.72494  3.29354  2.67741  2.69355  4.24690  2.90347  2.73739  3.18146  2.89801  2.37887  2.77519  2.98518  4.58477  3.61503
          0.00283  6.26297  6.98531  0.61958  0.77255  0.52550  0.89467
     85   2.66441  4.56557  2.50873  1.42651  4.29759  4.26044  4.35285  4.15762  3.40883  3.56339  4.68852  3.87459  4.28868  2.76068  3.88100  3.32262  2.75918  2.58967  6.37197  1.73125     87 e - - -
          2.68618  4.42225  2.77519  2.73123  3.46354  2.40513  3.72494  3.29354  2.67741  2.69355  4.24690  2.90347  2.73739  3.18146  2.89801  2.37887  2.77519  2.98518  4.58477  3.61503
          0.00283  6.26297  6.98531  0.61958  0.77255  0.52550  0.89467
     86   2.06340  3.57742  5.30663  4.71411  4.26109  4.17336  5.15036  3.09129  4.57309  3.35489  4.13699  4.86771  4.39314  4.24787  4.71078  1.45098  1.29791  2.16054  5.77607  3.91229     88 t - - -
          2.68618  4.42225  2.77519  2.73123  3.46354  2.40513  3.72494  3.29354  2.67741  2.69355  4.24690  2.90347  2.73739  3.18146  2.89801  2.37887  2.77519  2.98518  4.58477  3.61503
          0.00283  6.26297  6.98531  0.61958  0.77255  0.52550  0.89467
     87   2.34229  4.13181  5.70132  5.08501  3.21817  4.63543  4.28684  1.86641  4.42314  1.04212  3.25695  4.77464  5.25862  4.99549  3.80079  3.85046  3.95653  2.22550  4.50860  2.90490     89 l - - -
          2.68618  4.42225  2.77519  2.73123  3.46354  2.40513  3.72494  3.29354  2.67741  2.69355  4.24690  2.90347  2.73739  3.18146  2.89801  2.37887  2.77519  2.98518  4.58477  3.61503
          0.00622  6.26297  5.45012  0.61958  0.77255  0.49752  0.93659
     88   2.92731  4.78777  5.70274  5.08630  2.12486  4.41052  5.22896  2.41457  4.86765  0.96361  2.66300  5.06207  5.25813  4.99588  4.87032  4.05250  3.69200  1.98652  4.59930  3.58279     90 l - - -
          2.68618  4.42225  2.77519  2.73123  3.46354  2.40513  3.72494  3.29354  2.67741  2.69355  4.24690  2.90347  2.73739  3.18146  2.89801  2.37887  2.77519  2.98518  4.58477  3.61503
          0.00284  6.26135  6.98369  0.61958  0.77255  0.54090  0.87281
     89   2.21163  1.97786  5.70117  5.08479  3.11930  4.49814  5.22827  2.67635  4.86638  0.94987  3.34754  5.06109  5.25755  4.99485  4.56591  3.82886  3.46192  2.52152  5.18029  4.15820     91 l - - -
          2.68618  4.42225  2.77519  2.73123  3.46354  2.40513  3.72494  3.29354  2.67741  2.69355  4.24690  2.90347  2.73739  3.18146  2.89801  2.37887  2.77519  2.98518  4.58477  3.61503
          0.00284  6.26135  6.98369  0.61958  0.77255  0.54090  0.87281
     90   2.32495  2.87459  5.70135  5.08496  3.54876  4.89402  5.22831  2.68071  4.86651  0.84886  3.60087  4.78013  5.25758  4.71010  4.34449  4.05127  3.95538  1.97079  5.02211  3.09811     92 l - - -
          2.68618  4.42225  2.77519  2.73123  3.46354  2.40513  3.72494  3.29354  2.67741  2.69355  4.24690  2.90347  2.73739  3.18146  2.89801  2.37887  2.77519  2.98518  4.58477  3.61503
          0.00284  6.26135  6.98369  0.61958  0.77255  0.50407  0.92651
     91   1.97687  3.17749  5.68517  4.86743  3.14562  4.03154  3.03381  2.18350  4.69314  1.64182  3.72712  4.43465  5.25716  4.61833  3.84756  3.95204  2.74919  1.60363  5.72146  3.71315     93 v - - -
          2.68618  4.42225  2.77519  2.73123  3.46354  2.40513  3.72494  3.29354  2.67741  2.69355  4.24690  2.90347  2.73739  3.18146  2.89801  2.37887  2.77519  2.98518  4.58477  3.61503
          0.00283  6.26366  6.98601  0.61958  0.77255  0.51882  0.90442
     92   3.24220  3.66291  6.76728  6.16302  3.93890  6.05975  6.37053  3.23416  5.98386  0.27315  3.06579  6.23771  6.23463  5.93564  5.93192  5.41004  4.99057  3.40711  6.56226  5.53422     94 L - - -
          2.68618  4.42225  2.77519  2.73123  3.46354  2.40513  3.72494  3.29354  2.67741  2.69355  4.24690  2.90347  2.73739  3.18146  2.89801  2.37887  2.77519  2.98518  4.58477  3.61503
          0.00283  6.26366  6.98601  0.61958  0.77255  0.51882  0.90442
     93   1.73193  4.83788  4.91995  4.34192  4.36124  4.48703  5.03847  3.51372  3.37626  2.95518  3.22205  4.63859  5.12749  4.51249  0.85948  3.42151  3.49102  3.31874  3.12150  4.19711     95 r - - -
          2.68618  4.42225  2.77519  2.73123  3.46354  2.40513  3.72494  3.29354  2.67741  2.69355  4.24690  2.90347  2.73739  3.18146  2.89801  2.37887  2.77519  2.98518  4.58477  3.61503
          0.00283  6.26366  6.98601  0.61958  0.77255  0.51882  0.90442
     94   2.36336  4.60280  3.22830  2.31857  2.74564  3.83737  4.00038  3.37295  2.20971  2.09442  4.14091  3.64448  4.82345  2.41065  2.87347  3.39083  2.95949  2.86240  5.05770  3.18821     96 l - - -
          2.68618  4.42225  2.77519  2.73123  3.46354  2.40513  3.72494  3.29354  2.67741  2.69355  4.24690  2.90347  2.73739  3.18146  2.89801  2.37887  2.77519  2.98518  4.58477  3.61503
          0.00283  6.26366  6.98601  0.61958  0.77255  0.51882  0.90442
     95   2.86649  4.73153  4.29651  2.80889  3.31232  4.59378  4.13584  2.18364  2.99905  1.15244  3.13641  4.66200  5.13544  3.32594  2.58088  3.71999  3.44950  2.80384  5.22207  3.60643     97 l - - -
          2.68618  4.42225  2.77519  2.73123  3.46354  2.40513  3.72494  3.29354  2.67741  2.69355  4.24690  2.90347  2.73739  3.18146  2.89801  2.37887  2.77519  2.98518  4.58477  3.61503
          0.00283  6.26366  6.98601  0.61958  0.77255  0.51882  0.90442
     96   3.40738  5.14078  5.14840  2.05018  2.85704  3.71998  3.84799  3.37816  4.63643  1.44462  3.45496  4.63265  4.83057  4.46054  4.61178  3.69226  3.59253  2.91369  4.22758  1.37925     98 y - - -
          2.68618  4.42225  2.77519  2.73123  3.46354  2.40513  3.72494  3.29354  2.67741  2.69355  4.24690  2.90347  2.73739  3.18146  2.89801  2.37887  2.77519  2.98518  4.58477  3.61503
          0.00412  6.26276  6.11466  0.61958  0.77255  0.51882  0.90442
     97   2.29321  4.74984  1.90229  1.86054  5.00370  3.08972  3.68280  3.69925  3.30071  2.75207  3.84545  3.65787  4.76614  2.57798  2.25095  2.85071  3.11698  3.49657  6.51663  4.41978     99 e - - -
          2.68618  4.42225  2.77519  2.73123  3.46354  2.40513  3.72494  3.29354  2.67741  2.69355  4.24690  2.90347  2.73739  3.18146  2.89801  2.37887  2.77519  2.98518  4.58477  3.61503
          0.00603  6.26148  5.49703  0.61958  0.77255  0.53113  0.88659
     98   2.30813  5.44324  2.94083  1.34971  5.44929  3.64862  3.89081  4.58002  2.03401  3.19443  4.26882  3.54526  4.52390  2.57159  2.43882  2.94580  3.14025  3.68652  6.53538  4.46086    100 e - - -
          2.68618  4.42225  2.77519  2.73123  3.46354  2.40513  3.72494  3.29354  2.67741  2.69355  4.24690  2.90347  2.73739  3.18146  2.89801  2.37887  2.77519  2.98518  4.58477  3.61503
          0.04203  6.25830  3.23803  0.61958  0.77255  0.56086  0.84564
     99   2.31140  5.56569  2.97564  2.08099  2.46035  2.49639  3.02797  4.61726  2.07742  3.94649  4.84022  3.37813  3.05267  2.67092  2.72302  2.87044  3.28392  4.18302  6.00582  4.22757    101 k - - -
          2.68618  4.42225  2.77519  2.73123  3.46354  2.40513  3.72494  3.29354  2.67741  2.69355  4.24690  2.90347  2.73739  3.18146  2.89801  2.37887  2.77519  2.98518  4.58477  3.61503
          0.33100  6.21924  1.27366  0.61958  0.77255  0.61207  0.78139
    100   2.48497  5.13261  1.97986  2.02423  4.27014  4.16852  4.36305  3.29246  2.73656  2.27182  2.91354  3.66376  4.41577  3.03710  2.34586  2.74078  3.25950  3.18696  6.19432  4.48258    102 d - - -
          2.68618  4.42225  2.77519  2.73123  3.46354  2.40513  3.72494  3.29354  2.67741  2.69355  4.24690  2.90347  2.73739  3.18146  2.89801  2.37887  2.77519  2.98518  4.58477  3.61503
          0.01312  5.91751  4.57130  0.61958  0.77255  1.63588  0.21664
    101   1.95454  5.24037  3.19151  2.14666  4.86656  2.92046  3.89286  4.00613  2.76909  3.30347  4.36372  2.93090  4.37418  2.69089  2.09409  2.13947  2.69138  3.47508  6.30980  4.89932    103 a - - -
          2.68618  4.42225  2.77519  2.73123  3.46354  2.40513  3.72494  3.29354  2.67741  2.69355  4.24690  2.90347  2.73739  3.18146  2.89801  2.37887  2.77519  2.98518  4.58477  3.61503
          0.00396  5.93007  6.65242  0.61958  0.77255  1.57401  0.23220
    102   2.10303  5.89656  2.70503  1.82614  4.57557  2.77666  3.92355  3.96855  2.68235  3.68950  4.16093  2.63063  3.65846  2.70278  2.83146  2.26159  2.82051  3.55574  6.32877  4.68741    104 e - - -
          2.68618  4.42225  2.77519  2.73123  3.46354  2.40513  3.72494  3.29354  2.67741  2.69355  4.24690  2.90347  2.73739  3.18146  2.89801  2.37887  2.77519  2.98518  4.58477  3.61503
          0.01588  5.95542  4.33047  0.61958  0.77255  1.78629  0.18342
    103   2.73744  5.78369  2.97144  2.64136  3.57498  1.32056  3.79094  3.58688  3.12082  2.73240  4.48970  3.00873  3.56621  2.64785  3.47196  2.71195  3.30206  2.96353  6.24307  4.85971    105 g - - -
          2.68618  4.42225  2.77519  2.73123  3.46354  2.40513  3.72494  3.29354  2.67741  2.69355  4.24690  2.90347  2.73739  3.18146  2.89801  2.37887  2.77519  2.98518  4.58477  3.61503
          0.16299  5.94345  1.91208  0.61958  0.77255  0.72393  0.66328
    104   2.60109  5.90150  2.56039  2.27745  4.98897  1.94816  3.65557  3.95847  2.56250  3.91381  4.37416  3.04684  3.29232  2.86722  2.56009  2.74739  2.37353  2.91589  6.33376  4.92238    106 g - - -
          2.68618  4.42225  2.77519  2.73123  3.46354  2.40513  3.72494  3.29354  2.67741  2.69355  4.24690  2.90347  2.73739  3.18146  2.89801  2.37887  2.77519  2.98518  4.58477  3.61503
          0.00675  5.96339  5.48216  0.61958  0.77255  0.77446  0.61795
    105   2.98144  3.83882  2.46753  1.90543  4.09099  3.50899  3.53137  4.25356  2.71350  4.07670  4.58862  2.78071  4.00796  2.73267  1.61529  2.71123  2.92316  3.68380  6.42018  3.93082    107 r - - -
          2.68618  4.42225  2.77519  2.73123  3.46354  2.40513  3.72494  3.29354  2.67741  2.69355  4.24690  2.90347  2.73739  3.18146  2.89801  2.37887  2.77519  2.98518  4.58477  3.61503
          0.00586  6.09370  5.63124  0.61958  0.77255  0.20048  1.70561
    106   2.08687  4.27834  3.23672  2.40671  4.35648  4.08703  4.90660  2.36059  3.53240  2.03167  4.02499  3.66733  2.88923  3.98055  3.70012  3.59922  3.26886  1.55372  4.73013  4.35632    108 v - - -
          2.68618  4.42225  2.77519  2.73123  3.46354  2.40513  3.72494  3.29354  2.67741  2.69355  4.24690  2.90347  2.73739  3.18146  2.89801  2.37887  2.77519  2.98518  4.58477  3.61503
          0.03307  6.25551  3.48630  0.61958  0.77255  0.55268  0.85662
    107   3.49357  4.61495  4.45252  3.22786  2.86744  4.72898  4.40997  2.02114  3.49647  2.44587  3.39239  4.11787  4.03231  1.89863  2.81323  3.58021  2.59100  1.88230  4.69588  3.23128    109 v - - -
          2.68618  4.42225  2.77519  2.73123  3.46354  2.40513  3.72494  3.29354  2.67741  2.69355  4.24690  2.90347  2.73739  3.18146  2.89801  2.37887  2.77519  2.98518  4.58477  3.61503
          0.00294  6.22756  6.94991  0.61958  0.77255  0.39926  1.11113
    108   3.45750  4.01690  5.35622  4.43755  2.08572  4.89126  5.22514  1.76282  4.20059  2.03340  3.64136  5.05576  3.93097  4.98887  4.24542  3.92714  2.17796  1.35049  5.71707  4.54125    110 v - - -
          2.68618  4.42225  2.77519  2.73123  3.46354  2.40513  3.72494  3.29354  2.67741  2.69355  4.24690  2.90347  2.73739  3.18146  2.89801  2.37887  2.77519  2.98518  4.58477  3.61503
          0.00285  6.25921  6.98155  0.61958  0.77255  0.52724  0.89216
    109   2.92586  5.34552  2.26139  3.00654  4.57081  3.27932  4.58584  3.80868  3.10552  2.36293  4.15401  3.09021  3.76605  3.55932  3.22941  1.89946  1.49605  3.60950  6.45931  4.27203    111 t - - -
          2.68618  4.42225  2.77519  2.73123  3.46354  2.40513  3.72494  3.29354  2.67741  2.69355  4.24690  2.90347  2.73739  3.18146  2.89801  2.37887  2.77519  2.98518  4.58477  3.61503
          0.00284  6.26226  6.98461  0.61958  0.77255  0.53765  0.87735
    110   3.05243  4.69281  4.89489  3.56953  2.99464  4.18694  4.98520  2.37460  4.02509  1.21283  3.57503  4.46234  4.50039  3.79598  2.06650  3.53722  2.71096  2.21172  5.36373  4.01292    112 l - - -
          2.68618  4.42225  2.77519  2.73123  3.46354  2.40513  3.72494  3.29354  2.67741  2.69355  4.24690  2.90347  2.73739  3.18146  2.89801  2.37887  2.77519  2.98518  4.58477  3.61503
          0.00284  6.26226  6.98461  0.61958  0.77255  0.53765  0.87735
    111   2.85181  6.10591  2.17195  1.61072  4.87426  2.23540  4.26343  4.35877  3.12574  3.99220  4.92276  3.24599  3.94217  2.83899  2.77918  1.81562  3.26328  3.89346  5.25595  4.63261    113 e - - -
          2.68618  4.42225  2.77519  2.73123  3.46354  2.40513  3.72494  3.29354  2.67741  2.69355  4.24690  2.90347  2.73739  3.18146  2.89801  2.37887  2.77519  2.98518  4.58477  3.61503
          0.00284  6.26226  6.98461  0.61958  0.77255  0.53765  0.87735
    112   2.61885  6.10608  1.76251  1.15595  5.15296  3.86099  3.70446  4.78697  2.98657  3.47104  4.61988  3.41517  4.76012  2.54652  2.78036  3.09051  3.47004  4.08825  5.98562  4.64075    114 e - - -
          2.68618  4.42225  2.77519  2.73123  3.46354  2.40513  3.72494  3.29354  2.67741  2.69355  4.24690  2.90347  2.73739  3.18146  2.89801  2.37887  2.77519  2.98518  4.58477  3.61503
          0.00284  6.26226  6.98461  0.61958  0.77255  0.53765  0.87735
    113   3.57822  5.28833  5.91908  5.30861  3.07211  5.12851  5.46975  1.36011  5.09792  0.91683  3.02432  5.29667  5.47207  5.21387  5.09968  4.18492  4.03612  2.09172  5.92877  4.41996    115 l - - -
          2.68618  4.42225  2.77519  2.73123  3.46354  2.40513  3.72494  3.29354  2.67741  2.69355  4.24690  2.90347  2.73739  3.18146  2.89801  2.37887  2.77519  2.98518  4.58477  3.61503
          0.00284  6.26226  6.98461  0.61958  0.77255  0.53765  0.87735
    114   1.98611  3.74816  4.09192  2.73529  3.48897  3.60464  3.12395  2.78339  2.94220  2.43627  3.91694  3.21581  4.92255  2.96277  2.67778  3.02956  2.74646  2.03722  5.46467  3.96131    116 a - - -
          2.68618  4.42225  2.77519  2.73123  3.46354  2.40513  3.72494  3.29354  2.67741  2.69355  4.24690  2.90347  2.73739  3.18146  2.89801  2.37887  2.77519  2.98518  4.58477  3.61503
          0.00284  6.26226  6.98461  0.61958  0.77255  0.53765  0.87735
    115   2.54935  6.10617  1.77478  1.25771  4.74940  3.31861  4.16602  4.01063  2.90338  3.60285  4.87535  3.07100  4.32451  2.61951  3.18989  2.93904  3.14582  4.00780  6.53826  4.77922    117 e - - -
          2.68618  4.42225  2.77519  2.73123  3.46354  2.40513  3.72494  3.29354  2.67741  2.69355  4.24690  2.90347  2.73739  3.18146  2.89801  2.37887  2.77519  2.98518  4.58477  3.61503
          0.00284  6.26226  6.98461  0.61958  0.77255  0.53765  0.87735
    116   2.18611  6.08326  3.06387  2.24677  3.78743  3.78494  3.14648  4.02184  2.20608  2.66164  3.28886  3.46964  4.76533  2.57043  2.33329  2.92335  2.93720  3.62958  4.77710  2.90903    118 a - - -
          2.68618  4.42225  2.77519  2.73123  3.46354  2.40513  3.72494  3.29354  2.67741  2.69355  4.24690  2.90347  2.73739  3.18146  2.89801  2.37887  2.77519  2.98518  4.58477  3.61503
          0.00284  6.26226  6.98461  0.61958  0.77255  0.53765  0.87735
    117   2.85656  4.48378  5.70524  4.75691  2.88353  4.16495  4.90608  1.86310  4.87015  1.57656  2.38473  5.06457  5.26070  4.99842  4.87284  3.95423  3.53918  1.64129  3.76999  2.43167    119 l - - -
          2.68618  4.42225  2.77519  2.73123  3.46354  2.40513  3.72494  3.29354  2.67741  2.69355  4.24690  2.90347  2.73739  3.18146  2.89801  2.37887  2.77519  2.98518  4.58477  3.61503
          0.00283  6.26531  6.98765  0.61958  0.77255  0.53765  0.87735
    118   2.12706  6.09533  3.63857  2.09440  4.61582  3.20880  3.85187  3.75038  2.35480  2.69076  3.90831  3.33686  4.76523  2.42446  1.92790  2.82186  2.76392  3.17089  5.89674  5.12295    120 r - - -
          2.68618  4.42225  2.77519  2.73123  3.46354  2.40513  3.72494  3.29354  2.67741  2.69355  4.24690  2.90347  2.73739  3.18146  2.89801  2.37887  2.77519  2.98518  4.58477  3.61503
          0.00283  6.26531  6.98765  0.61958  0.77255  0.53765  0.87735
    119   1.99309  6.09581  3.02296  2.61683  5.14296  3.24757  3.57507  3.69522  2.82238  2.62254  3.70817  2.57814  3.09654  2.96702  3.14363  2.31615  2.49647  2.59249  6.53130  4.37466    121 a - - -
          2.68618  4.42225  2.77519  2.73123  3.46354  2.40513  3.72494  3.29354  2.67741  2.69355  4.24690  2.90347  2.73739  3.18146  2.89801  2.37887  2.77519  2.98518  4.58477  3.61503
          0.00771  6.26531  5.15297  0.61958  0.77255  0.53765  0.87735
    120   2.49156  4.82218  3.80193  4.01457  1.57968  4.35375  3.82593  2.82832  4.48099  1.82881  3.19263  3.88688  5.21937  3.50918  4.51582  3.66113  2.91802  2.70893  5.08787  1.99002    122 f - - -
          2.68618  4.42225  2.77519  2.73123  3.46354  2.40513  3.72494  3.29354  2.67741  2.69355  4.24690  2.90347  2.73739  3.18146  2.89801  2.37887  2.77519  2.98518  4.58477  3.61503
          0.19013  6.26044  1.76472  0.61958  0.77255  0.50676  0.92242
    121   1.77655  4.63218  4.35244  3.35930  2.53369  4.06816  4.18168  3.50164  3.50354  1.60785  3.47800  3.97602  4.39319  3.35466  2.69902  3.05735  2.57683  3.01033  4.80427  2.87482    123 l - - -
          2.68618  4.42225  2.77519  2.73123  3.46354  2.40513  3.72494  3.29354  2.67741  2.69355  4.24690  2.90347  2.73739  3.18146  2.89801  2.37887  2.77519  2.98518  4.58477  3.61503
          0.00341  6.07960  6.80195  0.61958  0.77255  0.21932  1.62486
    122   2.10138  6.10142  3.27450  2.68208  5.44770  2.08599  3.57549  4.55978  2.34525  4.02252  5.14177  2.83914  1.84323  3.04485  2.56145  2.82883  3.03313  3.70937  6.53339  4.83942    124 p - - -
          2.68618  4.42225  2.77519  2.73123  3.46354  2.40513  3.72494  3.29354  2.67741  2.69355  4.24690  2.90347  2.73739  3.18146  2.89801  2.37887  2.77519  2.98518  4.58477  3.61503
          0.34802  6.25495  1.23102  0.61958  0.77255  0.60251  0.79282
    123   2.43344  5.86745  2.43384  1.91818  4.57037  3.08081  3.70865  3.60605  2.38420  3.00594  4.90815  3.28847  3.80411  3.08348  2.46025  2.27884  2.66373  3.23847  6.30023  4.27435    125 e - - -
          2.68618  4.42225  2.77519  2.73123  3.46354  2.40513  3.72494  3.29354  2.67741  2.69355  4.24690  2.90347  2.73739  3.18146  2.89801  2.37887  2.77519  2.98518  4.58477  3.61503
          0.10700  5.91349  2.31490  0.61958  0.77255  0.29285  1.37095
    124   3.02511  6.01419  1.25973  1.95545  5.36057  3.71995  3.75929  4.61306  2.72301  4.06172  5.05451  2.00523  3.88820  3.29073  3.14107  2.67037  3.15788  4.40553  6.44609  4.48930    126 d - - -
          2.68618  4.42225  2.77519  2.73123  3.46354  2.40513  3.72494  3.29354  2.67741  2.69355  4.24690  2.90347  2.73739  3.18146  2.89801  2.37887  2.77519  2.98518  4.58477  3.61503
          0.15007  6.12974  1.98652  0.61958  0.77255  0.34220  1.23859
    125   2.49541  5.99060  2.74799  1.71063  4.46991  4.06084  3.87820  3.72391  2.33437  2.41128  3.93740  3.49064  2.90369  2.67550  2.38381  3.15520  2.96137  3.24611  5.43916  5.01679    127 e - - -
          2.68618  4.42225  2.77519  2.73123  3.46354  2.40513  3.72494  3.29354  2.67741  2.69355  4.24690  2.90347  2.73739  3.18146  2.89801  2.37887  2.77519  2.98518  4.58477  3.61503
          0.03128  6.11180  3.55503  0.61958  0.77255  1.28365  0.32438
    126   1.69571  5.18896  4.08834  3.40815  3.51182  4.29400  4.84190  2.56581  3.15676  2.53362  3.46355  4.25625  1.81381  3.80811  3.88649  2.71187  3.01077  2.06869  5.40844  4.32911    128 a - - -
          2.68618  4.42225  2.77519  2.73123  3.46354  2.40513  3.72494  3.29354  2.67741  2.69355  4.24690  2.90347  2.73739  3.18146  2.89801  2.37887  2.77519  2.98518  4.58477  3.61503
          0.00940  6.09233  4.94762  0.61958  0.77255  0.22463  1.60352
    127   2.23685  6.09876  2.41167  2.53009  5.44517  2.74948  3.96398  4.34189  2.14971  3.70020  4.90937  2.80937  3.60698  2.80049  2.11956  2.42536  2.44099  4.14267  6.53065  4.45244    129 r - - -
          2.68618  4.42225  2.77519  2.73123  3.46354  2.40513  3.72494  3.29354  2.67741  2.69355  4.24690  2.90347  2.73739  3.18146  2.89801  2.37887  2.77519  2.98518  4.58477  3.61503
          0.30124  6.25082  1.35414  0.61958  0.77255  0.66555  0.72153
    128   2.98129  5.84389  2.28708  2.04799  2.55515  3.58467  2.65628  3.25249  2.90311  2.50967  4.51978  2.71223  4.27404  2.64180  2.94352  3.22800  3.06006  3.19791  5.67186  3.94095    130 e - - -
          2.68618  4.42225  2.77519  2.73123  3.46354  2.40513  3.72494  3.29354  2.67741  2.69355  4.24690  2.90347  2.73739  3.18146  2.89801  2.37887  2.77519  2.98518  4.58477  3.61503
          0.00387  5.95345  6.67580  0.61958  0.77255  0.16445  1.88622
    129   2.93840  6.08929  3.15684  2.45260  5.22898  3.93987  3.98625  3.62352  2.10353  2.52203  3.82095  3.45978  3.70567  2.61503  1.35003  3.22213  3.24636  3.11295  5.82612  4.92897    131 r - - -
          2.68618  4.42225  2.77519  2.73123  3.46354  2.40513  3.72494  3.29354  2.67741  2.69355  4.24690  2.90347  2.73739  3.18146  2.89801  2.37887  2.77519  2.98518  4.58477  3.61503
          0.00726  6.25245  5.23851  0.61958  0.77255  0.59986  0.79605
    130   2.62806  6.09873  2.31842  2.81791  5.44494  3.10868  4.33205  4.51620  1.78927  3.57811  4.24732  3.28546  4.75230  2.83813  1.77878  2.57453  2.20564  4.03019  6.53074  5.11911    132 r - - -
          2.68618  4.42225  2.77519  2.73123  3.46354  2.40513  3.72494  3.29354  2.67741  2.69355  4.24690  2.90347  2.73739  3.18146  2.89801  2.37887  2.77519  2.98518  4.58477  3.61503
          0.00287  6.25142  6.97376  0.61958  0.77255  0.63266  0.75753
    131   2.05467  6.09991  2.47415  1.91321  4.91085  4.19198  4.13629  4.26150  2.41614  3.66707  4.25759  3.27636  4.44956  2.36228  1.97972  2.30699  3.15837  3.83197  6.53195  4.67750    133 e - - -
          2.68618  4.42225  2.77519  2.73123  3.46354  2.40513  3.72494  3.29354  2.67741  2.69355  4.24690  2.90347  2.73739  3.18146  2.89801  2.37887  2.77519  2.98518  4.58477  3.61503
          0.00286  6.25319  6.97553  0.61958  0.77255  0.56991  0.83373
    132   2.96626  4.47733  5.69647  4.49570  2.36671  4.89112  5.22529  2.01147  4.38229  1.04468  2.67142  5.05755  5.25471  4.70368  3.04093  4.06621  3.51303  2.22850  4.70969  4.09726    134 l - - -
          2.68618  4.42225  2.77519  2.73123  3.46354  2.40513  3.72494  3.29354  2.67741  2.69355  4.24690  2.90347  2.73739  3.18146  2.89801  2.37887  2.77519  2.98518  4.58477  3.61503
          0.00777  6.25809  5.14576  0.61958  0.77255  0.60363  0.79147
    133   2.79736  5.52633  2.21785  2.34145  4.75372  3.67454  4.01468  2.87108  2.23729  3.64922  4.16664  2.74821  4.75667  3.19837  2.16718  2.86317  3.14687  2.01855  6.52198  4.53484    135 v - - -
          2.68618  4.42225  2.77519  2.73123  3.46354  2.40513  3.72494  3.29354  2.67741  2.69355  4.24690  2.90347  2.73739  3.18146  2.89801  2.37887  2.77519  2.98518  4.58477  3.61503
          0.00286  6.25319  6.97553  0.61958  0.77255  0.57811  0.82317
    134   1.89696  6.10356  2.29597  2.30620  5.26618  3.28715  3.95371  4.21935  2.62076  4.15640  4.62997  2.77065  3.60111  2.88926  1.93224  2.48557  2.54721  4.40128  6.53545  4.93221    136 a - - -
          2.68618  4.42225  2.77519  2.73123  3.46354  2.40513  3.72494  3.29354  2.67741  2.69355  4.24690  2.90347  2.73739  3.18146  2.89801  2.37887  2.77519  2.98518  4.58477  3.61503
          0.00285  6.25755  6.97989  0.61958  0.77255  0.60843  0.78571
    135   1.25953  4.92789  4.25347  4.77631  4.03759  4.44552  3.28524  2.25183  4.62246  1.98615  4.16099  4.38110  4.79132  4.46730  4.38759  2.56099  2.83313  1.98158  5.75526  3.51053    137 a - - -
          2.68618  4.42225  2.77519  2.73123  3.46354  2.40513  3.72494  3.29354  2.67741  2.69355  4.24690  2.90347  2.73739  3.18146  2.89801  2.37887  2.77519  2.98518  4.58477  3.61503
          0.00285  6.25755  6.97989  0.61958  0.77255  0.60843  0.78571
    136   3.35516  4.15401  5.69968  5.08323  2.82117  4.89156  5.22589  1.61978  4.86459  1.02752  2.82853  5.05901  5.25508  4.53914  4.33313  3.99942  3.87824  1.98482  4.07455  4.13663    138 l - - -
          2.68618  4.42225  2.77519  2.73123  3.46354  2.40513  3.72494  3.29354  2.67741  2.69355  4.24690  2.90347  2.73739  3.18146  2.89801  2.37887  2.77519  2.98518  4.58477  3.61503
          0.00285  6.25755  6.97989  0.61958  0.77255  0.57698  0.82460
    137   2.33783  6.10501  2.71821  2.77508  5.45144  3.24151  4.12873  4.73981  1.87649  4.12512  4.66652  2.46311  4.06195  2.88007  1.59858  2.64886  2.64749  4.11611  6.53689  5.12512    139 r - - -
          2.68618  4.42225  2.77519  2.73123  3.46354  2.40513  3.72494  3.29354  2.67741  2.69355  4.24690  2.90347  2.73739  3.18146  2.89801  2.37887  2.77519  2.98518  4.58477  3.61503
          0.00721  6.25953  5.24559  0.61958  0.77255  0.59089  0.80706
    138   2.71996  5.54644  3.59366  2.86474  3.21017  4.24788  4.03421  3.41553  1.73875  2.05687  3.46997  3.38275  4.53971  2.85964  2.07620  3.10049  2.78394  3.76961  3.87023  3.58455    140 k - - -
          2.68618  4.42225  2.77519  2.73123  3.46354  2.40513  3.72494  3.29354  2.67741  2.69355  4.24690  2.90347  2.73739  3.18146  2.89801  2.37887  2.77519  2.98518  4.58477  3.61503
          0.00286  6.25518  6.97752  0.61958  0.77255  0.62899  0.76170
    139   2.52374  3.94355  4.89452  5.08006  2.29122  4.42356  5.22406  2.52614  4.86182  0.88365  2.52239  5.05668  5.25330  4.99039  4.86510  3.79008  3.82258  2.29754  5.71380  4.37332    141 l - - -
          2.68618  4.42225  2.77519  2.73123  3.46354  2.40513  3.72494  3.29354  2.67741  2.69355  4.24690  2.90347  2.73739  3.18146  2.89801  2.37887  2.77519  2.98518  4.58477  3.61503
          0.00286  6.25518  6.97752  0.61958  0.77255  0.62899  0.76170
    140   2.31454  5.20513  3.23093  2.13554  4.68358  3.98744  4.26422  3.16426  2.02635  2.83916  3.81795  3.48617  4.76424  2.84556  2.23090  2.72977  3.12708  2.11778  6.50395  5.10328    142 k - - -
          2.68618  4.42225  2.77519  2.73123  3.46354  2.40513  3.72494  3.29354  2.67741  2.69355  4.24690  2.90347  2.73739  3.18146  2.89801  2.37887  2.77519  2.98518  4.58477  3.61503
          0.00286  6.25518  6.97752  0.61958  0.77255  0.62899  0.76170
    141   2.68666  6.10063  2.31782  1.87444  5.44710  3.33597  3.64292  4.93406  1.98517  4.14798  5.14092  2.73524  4.27279  2.68252  1.82084  2.61762  3.17636  4.25365  6.53247  5.12067    143 r - - -
          2.68618  4.42225  2.77519  2.73123  3.46354  2.40513  3.72494  3.29354  2.67741  2.69355  4.24690  2.90347  2.73739  3.18146  2.89801  2.37887  2.77519  2.98518  4.58477  3.61503
          0.00286  6.25319  6.97553  0.61958  0.77255  0.62899  0.76170
    142   3.09319  4.53637  3.77004  3.50067  2.57667  4.68629  2.52111  3.21175  3.43883  1.44790  3.36201  3.42786  4.84346  3.68845  2.59592  3.56553  3.62362  3.38137  3.25489  2.15857    144 l - - -
          2.68618  4.42225  2.77519  2.73123  3.46354  2.40513  3.72494  3.29354  2.67741  2.69355  4.24690  2.90347  2.73739  3.18146  2.89801  2.37887  2.77519  2.98518  4.58477  3.61503
          0.00286  6.25319  6.97553  0.61958  0.77255  0.62899  0.76170
    143   3.41401  6.12288  3.37589  3.12704  5.46945  1.01778  3.54962  4.95614  2.62051  4.42802  5.16386  2.21323  4.77158  2.63555  2.28564  2.74664  3.84022  4.51447  6.55350  5.14189    145 g - - -
          2.68618  4.42225  2.77519  2.73123  3.46354  2.40513  3.72494  3.29354  2.67741  2.69355  4.24690  2.90347  2.73739  3.18146  2.89801  2.37887  2.77519  2.98518  4.58477  3.61503
          0.00286  6.25319  6.97553  0.61958  0.77255  0.62899  0.76170
    144   2.80378  5.10273  5.71082  5.09500  1.96616  4.48193  5.23962  1.76387  4.87709  1.30964  3.33232  5.07175  5.26690  5.00519  4.88015  4.21676  3.46947  1.71259  5.72764  3.59703    146 l - - -
          2.68618  4.42225  2.77519  2.73123  3.46354  2.40513  3.72494  3.29354  2.67741  2.69355  4.24690  2.90347  2.73739  3.18146  2.89801  2.37887  2.77519  2.98518  4.58477  3.61503
          0.00286  6.25319  6.97553  0.61958  0.77255  0.62899  0.76170
    145   3.36817  4.85773  6.65688  6.11460  4.42906  6.01112  6.49171  1.21528  5.97843  0.86769  4.05886  6.18233  6.26023  6.10358  6.02285  5.38265  4.82688  1.73556  6.82572  5.68003    147 l - - -
          2.68618  4.42225  2.77519  2.73123  3.46354  2.40513  3.72494  3.29354  2.67741  2.69355  4.24690  2.90347  2.73739  3.18146  2.89801  2.37887  2.77519  2.98518  4.58477  3.61503
          0.04236  6.25319  3.23021  0.61958  0.77255  0.57581  0.82610
    146   2.86588  6.07221  2.73624  2.02210  5.09127  3.76603  3.26128  3.56431  2.29616  3.24015  4.49403  3.42368  4.72868  2.55838  1.66454  2.63564  2.72220  3.30452  5.50989  4.57198    148 r - - -
          2.68618  4.42225  2.77519  2.73123  3.46354  2.40513  3.72494  3.29354  2.67741  2.69355  4.24690  2.90347  2.73739  3.18146  2.89801  2.37887  2.77519  2.98518  4.58477  3.61503
          0.00458  6.21734  5.96045  0.61958  0.77255  0.52508  0.89528
    147   2.57434  6.01890  3.23312  2.40953  3.30222  3.84629  4.39901  3.37771  2.16686  2.50741  3.84268  3.36704  2.83637  3.17688  2.00260  3.23553  2.95494  2.56816  6.47064  3.48781    149 r - - -
          2.68618  4.42225  2.77519  2.73123  3.46354  2.40513  3.72494  3.29354  2.67741  2.69355  4.24690  2.90347  2.73739  3.18146  2.89801  2.37887  2.77519  2.98518  4.58477  3.61503
          0.01155  6.24403  4.65170  0.61958  0.77255  0.70408  0.68234
    148   2.54379  5.15250  3.38847  2.74054  4.10795  3.08397  4.21348  2.40988  3.08645  1.95305  3.62097  3.15187  4.01129  3.54313  3.13761  2.87740  2.38351  2.03697  5.36793  3.93915    150 l - - -
          2.68618  4.42225  2.77519  2.73123  3.46354  2.40513  3.72494  3.29354  2.67741  2.69355  4.24690  2.90347  2.73739  3.18146  2.89801  2.37887  2.77519  2.98518  4.58477  3.61503
          0.05398  6.23539  2.98391  0.61958  0.77255  0.76954  0.62218
    149   2.54892  5.19986  1.45253  1.92323  4.98591  3.06154  4.28280  4.70885  2.28245  4.35775  5.09223  3.42273  3.03738  3.16106  2.36595  2.77614  3.35843  4.07099  6.48382  5.07208    151 d - - -
          2.68618  4.42225  2.77519  2.73123  3.46354  2.40513  3.72494  3.29354  2.67741  2.69355  4.24690  2.90347  2.73739  3.18146  2.89801  2.37887  2.77519  2.98518  4.58477  3.61503
          0.54076  6.18447  0.87795  0.61958  0.77255  0.49625  0.93857
    150   2.83246  5.72766  2.73206  2.71519  4.44530  1.07041  4.08273  4.20272  2.64821  3.49515  4.30870  3.17532  3.71061  3.16719  2.86948  2.72021  3.30062  3.81754  5.41635  4.47689    152 g - - -
          2.68618  4.42225  2.77519  2.73123  3.46354  2.40513  3.72494  3.29354  2.67741  2.69355  4.24690  2.90347  2.73739  3.18146  2.89801  2.37887  2.77519  2.98518  4.58477  3.61503
          0.01689  5.73529  4.30373  0.61958  0.77255  1.49211  0.25476
    151   2.97073  5.80697  1.24774  2.10905  5.15307  3.49258  3.70638  4.40051  2.68067  3.96824  4.84736  2.70045  3.97942  2.99313  3.18028  2.33134  2.90066  3.53289  6.23903  4.82744    153 d - - -
          2.68618  4.42225  2.77519  2.73123  3.46354  2.40513  3.72494  3.29354  2.67741  2.69355  4.24690  2.90347  2.73739  3.18146  2.89801  2.37887  2.77519  2.98518  4.58477  3.61503
          0.09107  5.81241  2.47622  0.61958  0.77255  1.65654  0.21171
    152   2.50575  5.39723  2.86770  1.76865  4.08478  3.54450  4.35831  2.59781  3.12779  2.20330  4.10267  3.25808  4.17843  3.20641  3.21840  2.78745  2.82509  2.60604  3.52908  3.71352    154 e - - -
          2.68618  4.42225  2.77519  2.73123  3.46354  2.40513  3.72494  3.29354  2.67741  2.69355  4.24690  2.90347  2.73739  3.18146  2.89801  2.37887  2.77519  2.98518  4.58477  3.61503
          0.00972  5.77253  5.02616  0.61958  0.77255  1.72040  0.19723
    153   2.62759  5.80107  1.77437  1.77928  4.53882  2.70165  4.25387  4.11165  2.64794  2.97647  4.62689  2.95123  3.88555  2.88946  3.26702  2.67919  2.75377  3.28052  6.23431  4.82391    155 d - - -
          2.68618  4.42225  2.77519  2.73123  3.46354  2.40513  3.72494  3.29354  2.67741  2.69355  4.24690  2.90347  2.73739  3.18146  2.89801  2.37887  2.77519  2.98518  4.58477  3.61503
          0.01832  5.81028  4.18952  0.61958  0.77255  0.50609  0.92344
    154   2.58145  5.99290  1.94834  2.19923  4.46868  1.98037  3.69799  4.57787  2.73237  3.82991  4.46936  2.52452  3.51854  2.80158  3.20086  2.24606  3.15732  4.25920  6.42486  4.56702    156 d - - -
          2.68618  4.42225  2.77519  2.73123  3.46354  2.40513  3.72494  3.29354  2.67741  2.69355  4.24690  2.90347  2.73739  3.18146  2.89801  2.37887  2.77519  2.98518  4.58477  3.61503
          0.01963  6.09915  4.06346  0.61958  0.77255  0.32991  1.26936
    155   2.41292  6.07723  2.22232  2.21747  5.06569  2.99504  3.26620  4.61862  2.45070  3.49678  4.38818  2.95491  3.19763  2.32440  2.73132  2.22287  2.72721  4.00264  6.50912  4.80072    157 e - - -
          2.68618  4.42225  2.77519  2.73123  3.46354  2.40513  3.72494  3.29354  2.67741  2.69355  4.24690  2.90347  2.73739  3.18146  2.89801  2.37887  2.77519  2.98518  4.58477  3.61503
          0.02274  6.22046  3.88752  0.61958  0.77255  0.47679  0.96962
    156   2.89806  6.08507  1.39142  1.66424  5.43129  3.34716  3.88039  4.69458  3.07902  3.78731  4.71866  2.62655  2.92995  3.24433  3.31380  2.58627  3.00477  3.80480  6.51707  4.83997    158 d - - -
          2.68618  4.42225  2.77519  2.73123  3.46354  2.40513  3.72494  3.29354  2.67741  2.69355  4.24690  2.90347  2.73739  3.18146  2.89801  2.37887  2.77519  2.98518  4.58477  3.61503
          0.00483  6.23210  5.86052  0.61958  0.77255  0.55313  0.85601
    157   2.07410  3.68213  2.08064  2.15770  4.11543  2.37805  4.17298  3.70391  3.18280  3.80536  3.84184  2.91068  3.21359  3.12896  3.10854  2.60091  2.47766  3.95017  6.51735  4.38150    159 a - - -
          2.68618  4.42225  2.77519  2.73123  3.46354  2.40513  3.72494  3.29354  2.67741  2.69355  4.24690  2.90347  2.73739  3.18146  2.89801  2.37887  2.77519  2.98518  4.58477  3.61503
          0.03366  6.24736  3.46850  0.61958  0.77255  0.54667  0.86482
    158   2.57396  5.55072  2.84731  2.29450  5.03697  3.10087  4.02102  4.05781  2.76960  3.10800  3.92977  3.21587  3.41994  2.72628  1.71170  2.57716  2.53115  3.18048  3.67956  5.09812    160 r - - -
          2.68618  4.42225  2.77519  2.73123  3.46354  2.40513  3.72494  3.29354  2.67741  2.69355  4.24690  2.90347  2.73739  3.18146  2.89801  2.37887  2.77519  2.98518  4.58477  3.61503
          0.01198  6.22566  4.61203  0.61958  0.77255  0.42442  1.06175
    159   3.51203  5.19560  5.80482  5.19189  1.97429  5.00408  5.31724  1.88559  4.97518  1.84672  3.72521  5.16806  5.35712  5.09111  4.97396  4.31817  4.06077  2.62147  3.45573  1.18168    161 y - - -
          2.68618  4.42225  2.77519  2.73123  3.46354  2.40513  3.72494  3.29354  2.67741  2.69355  4.24690  2.90347  2.73739  3.18146  2.89801  2.37887  2.77519  2.98518  4.58477  3.61503
          0.00287  6.24921  6.97155  0.61958  0.77255  0.63779  0.75175
    160   2.95407  5.43179  2.61110  1.24012  5.01205  4.21405  4.39867  3.25200  2.73583  3.11264  4.34703  3.62669  4.75706  2.91976  2.20653  3.21982  2.45732  3.06823  6.51350  4.33095    162 e - - -
          2.68618  4.42225  2.77519  2.73123  3.46354  2.40513  3.72494  3.29354  2.67741  2.69355  4.24690  2.90347  2.73739  3.18146  2.89801  2.37887  2.77519  2.98518  4.58477  3.61503
          0.00287  6.25076  6.97311  0.61958  0.77255  0.64947  0.73881
    161   3.06471  4.05974  5.69412  5.08014  4.04202  4.90327  5.23940  0.99626  4.56930  2.37106  4.22508  3.31431  4.95749  4.99890  4.87626  3.52055  3.74327  1.25939  5.73333  4.55698    163 i - - -
          2.68618  4.42225  2.77519  2.73123  3.46354  2.40513  3.72494  3.29354  2.67741  2.69355  4.24690  2.90347  2.73739  3.18146  2.89801  2.37887  2.77519  2.98518  4.58477  3.61503
          0.00287  6.25076  6.97311  0.61958  0.77255  0.59629  0.80040
    162   3.28751  6.08271  2.56316  3.06090  4.35105  4.26770  2.97009  4.63964  2.90940  2.52019  4.46499  3.44506  4.22041  3.00828  1.93395  2.00584  2.16784  4.46960  5.62464  2.32728    164 r - - -
          2.68618  4.42225  2.77519  2.73123  3.46354  2.40513  3.72494  3.29354  2.67741  2.69355  4.24690  2.90347  2.73739  3.18146  2.89801  2.37887  2.77519  2.98518  4.58477  3.61503
          0.00286  6.25417  6.97652  0.61958  0.77255  0.62053  0.77145
    163   3.20248  6.08513  3.73037  3.08974  5.42426  2.91979  3.64938  4.55271  3.03832  4.11121  5.12736  3.35343  1.09384  3.50000  1.67300  2.93087  3.05174  3.75163  6.52137  4.70187    165 p - - -
          2.68618  4.42225  2.77519  2.73123  3.46354  2.40513  3.72494  3.29354  2.67741  2.69355  4.24690  2.90347  2.73739  3.18146  2.89801  2.37887  2.77519  2.98518  4.58477  3.61503
          0.00286  6.25417  6.97652  0.61958  0.77255  0.62053  0.77145
    164   2.27004  4.14295  3.29620  3.32630  4.54764  3.31405  4.18249  1.82066  3.88908  2.54203  3.66584  3.79351  4.39010  3.66677  3.29117  2.23098  2.18677  2.22657  5.33378  3.54525    166 i - - -
          2.68618  4.42225  2.77519  2.73123  3.46354  2.40513  3.72494  3.29354  2.67741  2.69355  4.24690  2.90347  2.73739  3.18146  2.89801  2.37887  2.77519  2.98518  4.58477  3.61503
          0.00286  6.25417  6.97652  0.61958  0.77255  0.62053  0.77145
    165   2.95492  4.22890  5.68523  5.06960  4.18372  4.62336  5.22109  1.18406  4.85353  1.39497  3.84474  5.05104  5.25095  4.73955  3.59962  2.59404  3.40905  1.98091  5.11827  4.53781    167 i - - -
          2.68618  4.42225  2.77519  2.73123  3.46354  2.40513  3.72494  3.29354  2.67741  2.69355  4.24690  2.90347  2.73739  3.18146  2.89801  2.37887  2.77519  2.98518  4.58477  3.61503
          0.00628  6.25417  5.44133  0.61958  0.77255  0.62053  0.77145
    166   2.67829  5.49741  3.89345  2.59822  5.28107  4.10947  3.55516  3.64846  1.71845  1.92067  3.82489  3.25937  3.41198  3.11112  2.05931  3.33878  2.92902  2.83339  5.13286  4.46255    168 k - - -
          2.68618  4.42225  2.77519  2.73123  3.46354  2.40513  3.72494  3.29354  2.67741  2.69355  4.24690  2.90347  2.73739  3.18146  2.89801  2.37887  2.77519  2.98518  4.58477  3.61503
          0.00287  6.25076  6.97311  0.61958  0.77255  0.64947  0.73881
    167   1.72159  4.68614  3.92903  3.25308  2.53054  3.58902  3.19270  3.00272  3.76282  2.38464  3.22515  3.79346  3.99982  3.38827  3.27134  2.78641  3.29101  2.57080  5.97284  2.20551    169 a - - -
          2.68618  4.42225  2.77519  2.73123  3.46354  2.40513  3.72494  3.29354  2.67741  2.69355  4.24690  2.90347  2.73739  3.18146  2.89801  2.37887  2.77519  2.98518  4.58477  3.61503
          0.00287  6.25076  6.97311  0.61958  0.77255  0.64947  0.73881
    168   2.02785  4.46825  5.60610  4.69231  1.93146  3.48334  4.10766  2.66717  3.13842  1.92152  3.62567  5.01327  5.23855  4.23848  3.10422  3.91356  3.72476  1.67882  5.71898  2.79755    170 v - - -
          2.68618  4.42225  2.77519  2.73123  3.46354  2.40513  3.72494  3.29354  2.67741  2.69355  4.24690  2.90347  2.73739  3.18146  2.89801  2.37887  2.77519  2.98518  4.58477  3.61503
          0.00287  6.25076  6.97311  0.61958  0.77255  0.64947  0.73881
    169   3.18616  4.42976  5.69137  4.76514  3.04039  4.88550  5.21970  2.17182  4.05885  1.33485  2.43158  4.21811  4.91592  4.98576  4.38503  3.75627  3.49785  1.30322  4.61691  4.18534    171 v - - -
          2.68618  4.42225  2.77519  2.73123  3.46354  2.40513  3.72494  3.29354  2.67741  2.69355  4.24690  2.90347  2.73739  3.18146  2.89801  2.37887  2.77519  2.98518  4.58477  3.61503
          0.00287  6.25076  6.97311  0.61958  0.77255  0.64947  0.73881
    170   3.32734  6.07718  1.98623  3.21791  3.73188  2.99619  4.36343  4.42118  2.88210  2.71435  4.82725  2.56035  2.30741  3.38450  2.34410  2.12910  2.57865  3.09154  6.51488  4.92630    172 d - - -
          2.68618  4.42225  2.77519  2.73123  3.46354  2.40513  3.72494  3.29354  2.67741  2.69355  4.24690  2.90347  2.73739  3.18146  2.89801  2.37887  2.77519  2.98518  4.58477  3.61503
          0.02591  6.25077  3.74439  0.61958  0.77255  0.64947  0.73881
    171   1.50671  6.06277  2.73458  2.42896  3.85083  3.22105  3.77193  3.63723  3.13287  2.99696  4.52803  2.51626  3.18406  3.37869  2.83286  2.47759  2.96085  3.00237  6.49996  5.09356    173 a - - -
          2.68618  4.42225  2.77519  2.73123  3.46354  2.40513  3.72494  3.29354  2.67741  2.69355  4.24690  2.90347  2.73739  3.18146  2.89801  2.37887  2.77519  2.98518  4.58477  3.61503
          0.00790  6.22779  5.13385  0.61958  0.77255  0.51322  0.91271
    172   2.52052  6.09538  1.84099  1.39972  5.44180  3.32545  3.93767  4.92873  2.88252  4.40124  5.13568  3.40118  4.06083  2.20077  3.11627  2.72413  2.71821  3.90355  6.52725  4.42210    174 e - - -
          2.68618  4.42225  2.77519  2.73123  3.46354  2.40513  3.72494  3.29354  2.67741  2.69355  4.24690  2.90347  2.73739  3.18146  2.89801  2.37887  2.77519  2.98518  4.58477  3.61503
          0.00288  6.24593  6.96828  0.61958  0.77255  0.68902  0.69730
    173   2.62413  6.08353  2.55984  2.41511  3.61520  3.35217  3.70536  4.07595  2.48947  3.32586  4.23889  2.94791  4.53511  2.85574  2.47727  2.32602  2.60352  3.09602  2.61732  3.60624    175 s - - -
          2.68618  4.42225  2.77519  2.73123  3.46354  2.40513  3.72494  3.29354  2.67741  2.69355  4.24690  2.90347  2.73739  3.18146  2.89801  2.37887  2.77519  2.98518  4.58477  3.61503
          0.00288  6.24593  6.96828  0.61958  0.77255  0.61305  0.78023
    174   2.69537  4.64013  5.69219  4.87372  3.03953  4.10231  4.87204  1.64911  4.60304  1.06960  3.06456  5.05253  3.42955  4.98624  4.62384  3.99066  3.68560  2.12095  4.28018  4.20460    176 l - - -
          2.68618  4.42225  2.77519  2.73123  3.46354  2.40513  3.72494  3.29354  2.67741  2.69355  4.24690  2.90347  2.73739  3.18146  2.89801  2.37887  2.77519  2.98518  4.58477  3.61503
          0.00287  6.25087  6.97322  0.61958  0.77255  0.64858  0.73979
    175   1.85584  6.09873  2.58510  1.87373  5.44510  3.11866  3.70691  4.56385  2.61665  3.92172  4.70602  2.76617  4.75183  2.48330  2.44541  2.49368  2.78084  3.40037  6.53063  5.11890    177 a - - -
          2.68618  4.42225  2.77519  2.73123  3.46354  2.40513  3.72494  3.29354  2.67741  2.69355  4.24690  2.90347  2.73739  3.18146  2.89801  2.37887  2.77519  2.98518  4.58477  3.61503
          0.00417  6.25087  6.10325  0.61958  0.77255  0.64858  0.73979
    176   2.10508  6.09757  1.95717  1.59635  5.12053  3.16542  3.82734  4.68532  2.98274  3.77865  4.52207  3.35408  4.53574  2.36532  2.60542  2.63959  2.83657  4.17576  5.60934  5.11787    178 e - - -
          2.68618  4.42225  2.77519  2.73123  3.46354  2.40513  3.72494  3.29354  2.67741  2.69355  4.24690  2.90347  2.73739  3.18146  2.89801  2.37887  2.77519  2.98518  4.58477  3.61503
          0.00287  6.24957  6.97192  0.61958  0.77255  0.65939  0.72808
    177   3.04043  5.08676  5.17847  5.07543  1.87134  4.88478  4.87341  2.18755  4.85706  0.93480  3.13860  4.62328  4.73060  4.98556  4.86019  4.05908  3.85043  2.37904  4.09385  3.57744    179 l - - -
          2.68618  4.42225  2.77519  2.73123  3.46354  2.40513  3.72494  3.29354  2.67741  2.69355  4.24690  2.90347  2.73739  3.18146  2.89801  2.37887  2.77519  2.98518  4.58477  3.61503
          0.00967  6.24957  4.86802  0.61958  0.77255  0.65939  0.72808
    178   2.70979  5.02240  2.71265  2.33478  4.81969  3.58130  4.21997  3.15591  2.62064  1.80292  4.44189  3.21986  3.96814  2.85563  2.79547  2.98818  2.55344  2.62179  6.48060  3.18830    180 l - - -
          2.68618  4.42225  2.77519  2.73123  3.46354  2.40513  3.72494  3.29354  2.67741  2.69355  4.24690  2.90347  2.73739  3.18146  2.89801  2.37887  2.77519  2.98518  4.58477  3.61503
          0.00289  6.24280  6.96514  0.61958  0.77255  0.67505  0.71158
    179   1.95578  6.09448  2.21435  1.88392  5.06495  3.00438  4.21560  4.33915  2.56890  3.43503  4.97295  3.02416  4.38589  2.26627  2.52344  2.71814  2.99776  3.69031  5.87531  4.96036    181 e - - -
          2.68618  4.42225  2.77519  2.73123  3.46354  2.40513  3.72494  3.29354  2.67741  2.69355  4.24690  2.90347  2.73739  3.18146  2.89801  2.37887  2.77519  2.98518  4.58477  3.61503
          0.01937  6.24528  4.06041  0.61958  0.77255  0.54018  0.87381
    180   2.95553  5.54467  3.30774  2.56069  3.94499  3.88652  3.31993  4.89911  2.28476  3.11542  4.28009  3.58530  4.57199  2.48496  1.30104  2.93054  3.10786  3.80968  2.96739  3.84372    182 r - - -
          2.68618  4.42225  2.77519  2.73123  3.46354  2.40513  3.72494  3.29354  2.67741  2.69355  4.24690  2.90347  2.73739  3.18146  2.89801  2.37887  2.77519  2.98518  4.58477  3.61503
          0.01499  6.23942  4.34820  0.61958  0.77255  0.69460  0.69169
    181   2.84663  4.49371  4.92948  4.05575  2.93279  4.41659  5.20094  2.46967  4.54876  0.73939  3.65780  4.73266  5.23188  4.65116  4.55834  3.56037  3.50419  2.78900  5.69844  2.53204    183 l - - -
          2.68618  4.42225  2.77519  2.73123  3.46354  2.40513  3.72494  3.29354  2.67741  2.69355  4.24690  2.90347  2.73739  3.18146  2.89801  2.37887  2.77519  2.98518  4.58477  3.61503
          0.02178  6.23262  3.93334  0.61958  0.77255  0.66133  0.72601
    182   1.91543  5.52907  2.32882  1.73441  5.42585  2.98608  4.23771  4.73223  2.46005  3.50504  4.47065  3.05543  3.31429  2.79054  2.43884  2.75348  3.12881  3.78914  6.51143  5.09970    184 e - - -
          2.68618  4.42225  2.77519  2.73123  3.46354  2.40513  3.72494  3.29354  2.67741  2.69355  4.24690  2.90347  2.73739  3.18146  2.89801  2.37887  2.77519  2.98518  4.58477  3.61503
          0.01550  6.22385  4.31274  0.61958  0.77255  0.86542  0.54624
    183   2.07140  5.57750  2.24569  1.50511  5.41597  3.41271  4.28173  3.84821  2.64579  3.11316  4.45593  3.18451  4.72462  2.35463  2.84015  2.77189  3.06309  3.80531  6.50234  5.09091    185 e - - -
          2.68618  4.42225  2.77519  2.73123  3.46354  2.40513  3.72494  3.29354  2.67741  2.69355  4.24690  2.90347  2.73739  3.18146  2.89801  2.37887  2.77519  2.98518  4.58477  3.61503
          0.29832  6.21209  1.36285  0.61958  0.77255  0.94382  0.49288
    184   2.53358  4.55646  3.84848  3.62687  2.39099  3.90669  3.54607  3.06340  3.38604  2.08577  3.44679  3.74560  4.25190  3.41652  1.94311  3.03489  3.39418  3.18481  4.67595  1.97467    186 r - - -
          2.68618  4.42225  2.77519  2.73123  3.46354  2.40513  3.72494  3.29354  2.67741  2.69355  4.24690  2.90347  2.73739  3.18146  2.89801  2.37887  2.77519  2.98518  4.58477  3.61503
          0.03858  5.91778  3.34804  0.61958  0.77255  0.69540  0.69090
    185   1.78820  5.96958  2.31349  2.32882  5.31463  3.27188  4.02416  3.75847  2.79828  2.89739  4.51650  2.77944  3.85342  2.80913  2.38340  2.55646  3.02985  2.97644  6.40228  4.76906    187 a - - -
          2.68618  4.42225  2.77519  2.73123  3.46354  2.40513  3.72494  3.29354  2.67741  2.69355  4.24690  2.90347  2.73739  3.18146  2.89801  2.37887  2.77519  2.98518  4.58477  3.61503
          0.01261  6.06874  4.58342  0.61958  0.77255  0.84234  0.56335
    186   1.85395  4.45238  2.85889  1.62985  5.36028  2.43197  3.71044  4.19267  2.83086  3.62724  4.89534  3.08578  3.66296  2.83403  2.98608  2.70219  2.72530  3.51836  6.44681  4.72824    188 e - - -
          2.68618  4.42225  2.77519  2.73123  3.46354  2.40513  3.72494  3.29354  2.67741  2.69355  4.24690  2.90347  2.73739  3.18146  2.89801  2.37887  2.77519  2.98518  4.58477  3.61503
          0.00769  6.13251  5.20431  0.61958  0.77255  0.77117  0.62077
    187   2.36129  6.04816  2.30844  1.72291  5.39453  2.45132  3.20849  4.59017  2.54993  3.69512  4.79707  2.97472  3.71790  2.74262  2.86297  2.58289  2.90551  3.56673  6.48006  4.13539    189 e - - -
          2.68618  4.42225  2.77519  2.73123  3.46354  2.40513  3.72494  3.29354  2.67741  2.69355  4.24690  2.90347  2.73739  3.18146  2.89801  2.37887  2.77519  2.98518  4.58477  3.61503
          0.04251  6.17909  3.23034  0.61958  0.77255  1.04790  0.43182
    188   2.26291  5.66176  2.42443  2.15545  4.96190  1.55439  3.94238  3.74102  2.89361  3.20930  4.64285  3.05307  3.77553  3.18334  3.07930  2.53357  3.11535  3.56995  6.45294  4.58461    190 g - - -
          2.68618  4.42225  2.77519  2.73123  3.46354  2.40513  3.72494  3.29354  2.67741  2.69355  4.24690  2.90347  2.73739  3.18146  2.89801  2.37887  2.77519  2.98518  4.58477  3.61503
          0.09214  6.14553  2.45484  0.61958  0.77255  1.02422  0.44485
    189   2.39677  5.97577  2.40034  1.84587  4.60287  3.05233  3.74953  4.31489  2.83612  3.28490  4.50428  2.97011  3.60564  2.65496  2.93338  2.56999  2.48235  2.48816  5.86455  4.75879    191 e - - -
          2.68618  4.42225  2.77519  2.73123  3.46354  2.40513  3.72494  3.29354  2.67741  2.69355  4.24690  2.90347  2.73739  3.18146  2.89801  2.37887  2.77519  2.98518  4.58477  3.61503
          0.24677  6.07826  1.53068  0.61958  0.77255  1.14482  0.38314
    190   2.77606  5.84571  2.01790  1.17861  5.19142  3.44691  2.86761  4.13359  2.90072  3.45273  4.88621  3.18933  3.98231  3.00532  3.04520  2.92376  3.12307  3.77233  6.27802  4.59095    192 e - - -
          2.68618  4.42225  2.77519  2.73123  3.46354  2.40513  3.72494  3.29354  2.67741  2.69355  4.24690  2.90347  2.73739  3.18146  2.89801  2.37887  2.77519  2.98518  4.58477  3.61503
          0.48567  5.87638  0.96258  0.61958  0.77255  0.68291  0.70349
    191   2.54460  5.72923  2.88025  2.57993  3.57943  2.64312  2.95626  4.36129  2.86780  3.52007  4.58315  3.11526  3.53791  3.11539  1.58114  2.56460  3.05451  3.74732  6.16587  2.94546    193 r - - -
          2.68618  4.42225  2.77519  2.73123  3.46354  2.40513  3.72494  3.29354  2.67741  2.69355  4.24690  2.90347  2.73739  3.18146  2.89801  2.37887  2.77519  2.98518  4.58477  3.61503
          0.00492  5.71250  6.43484  0.61958  0.77255  1.55810  0.23640
    192   1.67275  5.79384  2.67604  2.38966  4.50300  2.64335  3.70340  4.17722  2.06025  3.28355  4.51663  3.22976  3.61714  2.92550  2.70280  2.81938  2.92243  3.40869  6.22677  4.19191    194 a - - -
          2.68618  4.42225  2.77519  2.73123  3.46354  2.40513  3.72494  3.29354  2.67741  2.69355  4.24690  2.90347  2.73739  3.18146  2.89801  2.37887  2.77519  2.98518  4.58477  3.61503
          0.01443  5.79658  4.48416  0.61958  0.77255  0.70153  0.68483
    193   2.80666  5.95166  1.97521  1.23679  5.29782  3.20696  4.17860  4.43595  2.90969  3.89863  4.26303  2.53781  3.63749  3.12793  3.31932  2.66706  2.73253  4.01818  6.38370  4.97209    195 e - - -
          2.68618  4.42225  2.77519  2.73123  3.46354  2.40513  3.72494  3.29354  2.67741  2.69355  4.24690  2.90347  2.73739  3.18146  2.89801  2.37887  2.77519  2.98518  4.58477  3.61503
          0.08394  6.03828  2.54944  0.61958  0.77255  1.03990  0.43617
    194   2.44505  5.19101  1.59690  1.67830  4.46069  3.33491  3.97162  3.90720  2.97537  2.80227  3.95191  3.20945  3.81405  3.24065  3.30294  2.70265  3.22902  3.19178  5.37408  4.53218    196 d - - -
          2.68618  4.42225  2.77519  2.73123  3.46354  2.40513  3.72494  3.29354  2.67741  2.69355  4.24690  2.90347  2.73739  3.18146  2.89801  2.37887  2.77519  2.98518  4.58477  3.61503
          0.01343  6.02703  4.51617  0.61958  0.77255  1.44401  0.26916
    195   2.37748  5.94418  2.33674  2.17575  4.93435  2.82242  4.09140  3.42498  2.85625  3.74662  4.32715  3.14539  1.81045  2.91673  3.30890  2.71277  2.63536  3.47632  6.37782  4.11923    197 p - - -
          2.68618  4.42225  2.77519  2.73123  3.46354  2.40513  3.72494  3.29354  2.67741  2.69355  4.24690  2.90347  2.73739  3.18146  2.89801  2.37887  2.77519  2.98518  4.58477  3.61503
          0.01371  6.03603  4.48940  0.61958  0.77255  1.28596  0.32350
    196   2.35805  5.96494  1.65025  1.47767  4.87863  3.29824  4.25466  4.46283  2.89159  3.99442  4.85443  2.99700  3.49649  2.90933  3.32417  2.60811  2.93943  3.82608  6.39700  4.61626    198 e - - -
          2.68618  4.42225  2.77519  2.73123  3.46354  2.40513  3.72494  3.29354  2.67741  2.69355  4.24690  2.90347  2.73739  3.18146  2.89801  2.37887  2.77519  2.98518  4.58477  3.61503
          0.16891  6.05832  1.87681  0.61958  0.77255  1.18312  0.36575
    197   1.90819  4.79757  2.09974  2.18401  5.22462  2.16364  3.86497  4.11028  2.85154  3.61652  4.70126  3.13720  3.39229  2.94649  2.91180  2.50200  3.02177  3.40738  6.31206  4.90103    199 a - - -
          2.68533  4.42287  2.77557  2.73115  3.46416  2.40518  3.72540  3.29396  2.67803  2.69392  4.24597  2.90365  2.73744  3.18208  2.89851  2.37871  2.77277  2.98539  4.58539  3.61534
          1.92811  0.51589  1.35632  0.02065  3.89016  1.81287  0.17815
    198   2.35762  5.46599  2.49227  2.14271  4.45091  3.58815  3.70814  2.60552  2.96328  2.41196  3.79994  3.08183  3.65400  3.08952  3.35104  2.88815  2.78824  2.23486  5.95738  3.88415    201 e - - -
          2.68618  4.42225  2.77519  2.73123  3.46354  2.40513  3.72494  3.29354  2.67741  2.69355  4.24690  2.90347  2.73739  3.18146  2.89801  2.37887  2.77519  2.98518  4.58477  3.61503
          0.01307  5.65075  4.65928  0.61958  0.77255  1.16960  0.37178
    199   1.79038  5.24187  2.58071  2.48418  4.34870  2.39632  3.81090  3.66616  2.83577  3.47642  4.15445  2.97440  3.50254  3.32758  2.93008  2.15125  2.61894  3.28943  6.23329  4.35788    202 a - - -
          2.68618  4.42225  2.77519  2.73123  3.46354  2.40513  3.72494  3.29354  2.67741  2.69355  4.24690  2.90347  2.73739  3.18146  2.89801  2.37887  2.77519  2.98518  4.58477  3.61503
          0.01533  5.83933  4.39820  0.61958  0.77255  0.93950  0.49565
    200   3.11477  5.92265  1.52344  1.49465  4.76276  3.64795  2.63213  4.41348  2.76583  3.98300  4.96303  3.33376  4.35043  2.30464  3.01172  3.03603  3.51952  4.07012  5.50464  4.94306    203 e - - -
          2.68618  4.42225  2.77519  2.73123  3.46354  2.40513  3.72494  3.29354  2.67741  2.69355  4.24690  2.90347  2.73739  3.18146  2.89801  2.37887  2.77519  2.98518  4.58477  3.61503
          0.08417  5.99439  2.54806  0.61958  0.77255  1.30510  0.31628
    201   2.23950  5.90267  2.05817  1.99229  5.24897  3.24450  3.48425  4.73582  2.60777  3.49640  4.64119  2.73701  3.81545  2.94140  2.45847  2.34971  2.78906  3.35066  6.33461  4.55820    204 e - - -
          2.68618  4.42225  2.77519  2.73123  3.46354  2.40513  3.72494  3.29354  2.67741  2.69355  4.24690  2.90347  2.73739  3.18146  2.89801  2.37887  2.77519  2.98518  4.58477  3.61503
          0.08827  5.96337  2.50212  0.61958  0.77255  1.12626  0.39192
    202   2.18219  5.90199  2.17254  1.42200  4.59689  3.46931  4.26774  4.24742  2.79456  3.72586  4.30798  3.11224  3.56579  2.85428  3.11287  2.32509  2.81491  3.93541  6.33422  4.92280    205 e - - -
          2.68618  4.42225  2.77519  2.73123  3.46354  2.40513  3.72494  3.29354  2.67741  2.69355  4.24690  2.90347  2.73739  3.18146  2.89801  2.37887  2.77519  2.98518  4.58477  3.61503
          0.00258  5.96268        *  0.61958  0.77255  0.00000        *
//
