HMMER3/f [3.2.1 | June 2018]
NAME  ZORYA_ZorB
LENG  209
ALPH  amino
RF    no
MM    no
CONS  yes
CS    no
MAP   yes
DATE  Fri Jun 18 18:44:36 2021
NSEQ  500
EFFN  9.922028
CKSUM 3938750116
STATS LOCAL MSV      -10.5102  0.70483
STATS LOCAL VITERBI  -11.1324  0.70483
STATS LOCAL FORWARD   -4.3463  0.70483
HMM          A        C        D        E        F        G        H        I        K        L        M        N        P        Q        R        S        T        V        W        Y   
            m->m     m->i     m->d     i->m     i->i     d->m     d->d
  COMPO   2.34571  4.86093  2.89574  2.59902  3.54417  2.88791  3.91439  2.93946  2.68650  2.49403  3.73895  2.96311  3.40700  3.00823  2.71709  2.58780  2.80239  2.67172  5.15723  3.73049
          2.68618  4.42225  2.77519  2.73123  3.46354  2.40513  3.72494  3.29354  2.67741  2.69355  4.24690  2.90347  2.73739  3.18146  2.89801  2.37887  2.77519  2.98518  4.58477  3.61503
          0.06646  5.95105  2.78555  0.61958  0.77255  0.00000        *
      1   3.40276  4.93933  5.46595  4.86019  3.82155  4.73383  5.07799  2.70227  4.65620  2.77095  0.48221  4.63688  4.82753  4.80183  4.45794  3.98042  3.70561  2.85840  5.57919  4.40668      1 M - - -
          2.68618  4.42225  2.77519  2.73123  3.46354  2.40513  3.72494  3.29354  2.67741  2.69355  4.24690  2.90347  2.73739  3.18146  2.89801  2.37887  2.77519  2.98518  4.58477  3.61503
          0.01496  5.88871  4.41653  0.61958  0.77255  0.81568  0.58401
      2   2.59770  5.23821  3.30984  2.82212  4.24170  3.60226  3.79855  3.79718  1.40724  3.66088  4.43237  2.71694  3.61165  2.97954  2.00243  2.55917  2.76543  3.77286  5.47796  4.71510      2 k - - -
          2.68618  4.42225  2.77519  2.73123  3.46354  2.40513  3.72494  3.29354  2.67741  2.69355  4.24690  2.90347  2.73739  3.18146  2.89801  2.37887  2.77519  2.98518  4.58477  3.61503
          0.02037  5.88119  4.05281  0.61958  0.77255  0.88618  0.53142
      3   2.94335  5.40789  3.26997  2.79657  3.69944  3.49448  3.48604  3.28417  1.70253  2.68121  4.44234  2.85732  3.58851  3.12023  2.03027  2.63437  2.84782  3.20020  5.53600  3.76370      3 k - - -
          2.68618  4.42225  2.77519  2.73123  3.46354  2.40513  3.72494  3.29354  2.67741  2.69355  4.24690  2.90347  2.73739  3.18146  2.89801  2.37887  2.77519  2.98518  4.58477  3.61503
          0.06006  5.86504  2.89213  0.61958  0.77255  0.92440  0.50546
      4   2.59891  5.00067  3.38853  2.85552  3.56550  3.42272  3.61250  2.58846  2.15256  2.36998  4.09516  2.99051  3.32582  2.91332  2.44036  2.60099  2.76740  2.93622  5.26922  4.17271      4 k - - -
          2.68618  4.42225  2.77519  2.73123  3.46354  2.40513  3.72494  3.29354  2.67741  2.69355  4.24690  2.90347  2.73739  3.18146  2.89801  2.37887  2.77519  2.98518  4.58477  3.61503
          0.24206  5.81263  1.55118  0.61958  0.77255  1.15024  0.38062
      5   2.63571  5.63004  3.09905  2.64221  3.77605  3.30359  3.34045  3.24191  1.86291  2.94949  4.31941  2.69108  3.65134  2.86078  2.37769  2.53027  2.84856  3.21598  5.25966  3.62137      5 k - - -
          2.68618  4.42225  2.77519  2.73123  3.46354  2.40513  3.72494  3.29354  2.67741  2.69355  4.24690  2.90347  2.73739  3.18146  2.89801  2.37887  2.77519  2.98518  4.58477  3.61503
          0.14267  5.57621  2.04659  0.61958  0.77255  1.67408  0.20762
      6   2.64164  5.10739  2.91042  2.59492  3.56123  3.15413  3.63979  3.29804  2.10368  2.87412  3.99882  2.84016  3.56476  2.87301  2.40323  2.66213  2.63526  3.16263  4.40793  3.41645      6 k - - -
          2.68618  4.42225  2.77519  2.73123  3.46354  2.40513  3.72494  3.29354  2.67741  2.69355  4.24690  2.90347  2.73739  3.18146  2.89801  2.37887  2.77519  2.98518  4.58477  3.61503
          0.06176  5.44001  2.89040  0.61958  0.77255  1.85196  0.17070
      7   2.45615  4.67288  3.03359  2.50792  3.78108  2.94862  3.25071  3.08688  2.38643  2.75064  4.34896  2.97208  3.69208  2.93301  2.51446  2.46084  2.69206  2.79672  5.45761  4.00051      7 k - - -
          2.68618  4.42225  2.77519  2.73123  3.46354  2.40513  3.72494  3.29354  2.67741  2.69355  4.24690  2.90347  2.73739  3.18146  2.89801  2.37887  2.77519  2.98518  4.58477  3.61503
          0.41404  5.38508  1.09529  0.61958  0.77255  0.32057  1.29366
      8   2.27516  4.10468  5.20699  4.59237  2.67031  3.95477  4.51902  2.11870  4.08109  1.40538  2.95730  4.32227  4.47815  4.51279  3.69116  2.91134  2.78992  2.17563  4.54989  3.47232      8 l - - -
          2.68618  4.42225  2.77519  2.73123  3.46354  2.40513  3.72494  3.29354  2.67741  2.69355  4.24690  2.90347  2.73739  3.18146  2.89801  2.37887  2.77519  2.98518  4.58477  3.61503
          0.00548  5.60569  6.32804  0.61958  0.77255  1.58923  0.22826
      9   2.40317  3.80014  5.20287  4.43364  2.61788  4.06027  4.75685  2.05051  3.96409  1.37358  3.01178  4.09857  4.43214  3.96550  4.39190  3.36003  2.89283  1.90469  5.25581  4.07945      9 l - - -
          2.68618  4.42225  2.77519  2.73123  3.46354  2.40513  3.72494  3.29354  2.67741  2.69355  4.24690  2.90347  2.73739  3.18146  2.89801  2.37887  2.77519  2.98518  4.58477  3.61503
          0.05394  5.61030  3.01889  0.61958  0.77255  1.61962  0.22062
     10   1.94811  4.00542  4.36066  4.01617  2.53946  3.22331  4.70205  2.33990  3.93941  1.60223  3.51853  4.24868  4.22339  4.27844  4.11361  2.67309  2.84246  2.21166  4.36634  3.68607     10 l - - -
          2.68618  4.42225  2.77519  2.73123  3.46354  2.40513  3.72494  3.29354  2.67741  2.69355  4.24690  2.90347  2.73739  3.18146  2.89801  2.37887  2.77519  2.98518  4.58477  3.61503
          0.00837  5.56207  5.40597  0.61958  0.77255  0.35664  1.20405
     11   2.09990  3.52711  5.35079  4.51182  3.01869  3.11678  4.72617  2.22552  4.06532  1.63223  2.80366  4.49324  4.12136  3.97643  4.10188  3.07539  2.64268  1.93421  5.12721  3.98301     11 l - - -
          2.68618  4.42225  2.77519  2.73123  3.46354  2.40513  3.72494  3.29354  2.67741  2.69355  4.24690  2.90347  2.73739  3.18146  2.89801  2.37887  2.77519  2.98518  4.58477  3.61503
          0.00424  5.86022  6.58256  0.61958  0.77255  0.92055  0.50800
     12   1.99323  3.60361  5.29714  4.68811  2.80125  3.55517  4.63701  2.46903  4.24479  1.87779  3.26833  4.25782  3.43292  4.14666  3.96483  2.35863  1.98842  2.36138  4.75641  4.03264     12 l - - -
          2.68618  4.42225  2.77519  2.73123  3.46354  2.40513  3.72494  3.29354  2.67741  2.69355  4.24690  2.90347  2.73739  3.18146  2.89801  2.37887  2.77519  2.98518  4.58477  3.61503
          0.00943  5.86553  5.02880  0.61958  0.77255  0.93949  0.49565
     13   1.75565  4.25357  5.06090  4.23537  2.69176  3.53425  4.91961  2.56786  4.37237  1.51217  2.93872  4.57781  3.78737  4.45215  4.36685  2.64420  2.53885  2.38285  4.84009  4.03089     13 l - - -
          2.68618  4.42225  2.77519  2.73123  3.46354  2.40513  3.72494  3.29354  2.67741  2.69355  4.24690  2.90347  2.73739  3.18146  2.89801  2.37887  2.77519  2.98518  4.58477  3.61503
          0.00424  5.86175  6.58410  0.61958  0.77255  0.91556  0.51132
     14   2.54497  3.82916  5.08096  4.78492  3.02882  4.02291  4.93449  2.40307  4.56830  0.98405  2.58292  4.57130  4.96423  4.69827  4.43561  3.32884  3.01556  2.12190  5.42638  4.25056     14 l - - -
          2.68618  4.42225  2.77519  2.73123  3.46354  2.40513  3.72494  3.29354  2.67741  2.69355  4.24690  2.90347  2.73739  3.18146  2.89801  2.37887  2.77519  2.98518  4.58477  3.61503
          0.00422  5.86693  6.58927  0.61958  0.77255  0.94876  0.48975
     15   2.85261  3.91901  5.39306  4.78350  2.46550  4.32217  4.92638  2.24055  4.44739  1.11474  2.40438  4.54196  4.95544  4.55639  4.57017  3.71789  3.30278  1.93275  4.91172  4.14255     15 l - - -
          2.68618  4.42225  2.77519  2.73123  3.46354  2.40513  3.72494  3.29354  2.67741  2.69355  4.24690  2.90347  2.73739  3.18146  2.89801  2.37887  2.77519  2.98518  4.58477  3.61503
          0.00805  5.86693  5.26151  0.61958  0.77255  0.94876  0.48975
     16   1.21299  3.41148  4.97013  4.00053  3.48271  2.76517  4.65292  2.96340  4.09968  2.65999  3.40511  4.15442  4.40674  4.18196  4.28117  2.09589  2.50011  2.51018  4.65857  4.06864     16 a - - -
          2.68618  4.42225  2.77519  2.73123  3.46354  2.40513  3.72494  3.29354  2.67741  2.69355  4.24690  2.90347  2.73739  3.18146  2.89801  2.37887  2.77519  2.98518  4.58477  3.61503
          0.18984  5.86311  1.77157  0.61958  0.77255  0.94298  0.49342
     17   1.93652  3.91571  5.05717  4.32446  2.73839  2.65958  4.31868  2.41107  4.10129  1.98380  3.40062  4.10299  3.86158  3.52269  4.18424  2.45824  2.52607  2.17185  4.72942  3.88937     17 a - - -
          2.68618  4.42225  2.77519  2.73123  3.46354  2.40513  3.72494  3.29354  2.67741  2.69355  4.24690  2.90347  2.73739  3.18146  2.89801  2.37887  2.77519  2.98518  4.58477  3.61503
          0.39400  5.68079  1.13247  0.61958  0.77255  0.41728  1.07539
     18   2.57548  3.61439  4.50090  3.37015  3.34341  4.14515  4.51973  1.96901  3.99317  1.50936  3.13073  4.51558  4.18327  4.19572  4.20021  3.34509  2.92181  1.63400  5.23749  3.87039     18 l - - -
          2.68618  4.42225  2.77519  2.73123  3.46354  2.40513  3.72494  3.29354  2.67741  2.69355  4.24690  2.90347  2.73739  3.18146  2.89801  2.37887  2.77519  2.98518  4.58477  3.61503
          0.00570  5.56615  6.28850  0.61958  0.77255  1.68927  0.20414
     19   2.36062  4.79565  3.30604  2.50578  4.32266  2.86168  3.98410  3.29496  2.76606  2.21545  3.61638  2.87951  3.70923  3.15553  3.00564  2.29219  2.59525  2.44989  5.49290  4.18527     19 l - - -
          2.68618  4.42225  2.77519  2.73123  3.46354  2.40513  3.72494  3.29354  2.67741  2.69355  4.24690  2.90347  2.73739  3.18146  2.89801  2.37887  2.77519  2.98518  4.58477  3.61503
          0.00570  5.56615  6.28850  0.61958  0.77255  1.63765  0.21621
     20   3.02449  4.23818  5.22621  4.61050  3.25577  4.42369  4.75812  1.97843  4.08595  1.12125  2.26258  4.58968  4.78540  4.52129  4.39763  3.73590  3.37829  1.89982  4.88647  3.87743     20 l - - -
          2.68618  4.42225  2.77519  2.73123  3.46354  2.40513  3.72494  3.29354  2.67741  2.69355  4.24690  2.90347  2.73739  3.18146  2.89801  2.37887  2.77519  2.98518  4.58477  3.61503
          0.06266  5.57269  2.86583  0.61958  0.77255  1.67944  0.20638
     21   2.47004  5.34734  2.98614  2.51072  2.83204  2.82154  3.83558  3.45985  2.75264  2.69256  3.99906  2.94200  3.62000  3.02639  3.17229  2.62596  2.79228  3.00921  3.07990  2.83277     21 a - - -
          2.68618  4.42225  2.77519  2.73123  3.46354  2.40513  3.72494  3.29354  2.67741  2.69355  4.24690  2.90347  2.73739  3.18146  2.89801  2.37887  2.77519  2.98518  4.58477  3.61503
          0.05879  5.51602  2.93605  0.61958  0.77255  0.73244  0.65534
     22   2.03768  5.07390  3.18161  2.61969  3.49129  3.48594  4.06159  3.03900  2.75812  2.06797  3.60742  3.35642  3.69836  3.17775  2.89972  2.49879  2.98257  2.42490  5.86917  3.67300     22 a - - -
          2.68618  4.42225  2.77519  2.73123  3.46354  2.40513  3.72494  3.29354  2.67741  2.69355  4.24690  2.90347  2.73739  3.18146  2.89801  2.37887  2.77519  2.98518  4.58477  3.61503
          0.00507  5.68358  6.40592  0.61958  0.77255  0.65931  0.72817
     23   1.75206  4.59036  4.02549  3.73699  2.43609  3.66523  4.30698  2.63685  3.52895  2.16941  2.96543  4.23184  4.28257  3.72627  3.88534  2.56611  2.57749  2.41638  5.14798  2.80242     23 a - - -
          2.68618  4.42225  2.77519  2.73123  3.46354  2.40513  3.72494  3.29354  2.67741  2.69355  4.24690  2.90347  2.73739  3.18146  2.89801  2.37887  2.77519  2.98518  4.58477  3.61503
          0.00444  5.81553  6.53788  0.61958  0.77255  1.11980  0.39504
     24   2.44224  4.99578  3.70250  3.00729  5.11059  0.81042  4.42655  4.56413  3.13326  4.10292  4.87536  3.14773  4.58001  3.45644  3.25474  2.17498  3.52097  4.15999  6.28065  4.90981     24 g - - -
          2.68618  4.42225  2.77519  2.73123  3.46354  2.40513  3.72494  3.29354  2.67741  2.69355  4.24690  2.90347  2.73739  3.18146  2.89801  2.37887  2.77519  2.98518  4.58477  3.61503
          0.33561  5.81757  1.26541  0.61958  0.77255  0.66326  0.72396
     25   2.11696  1.57193  3.73826  2.92094  3.86228  3.85384  4.31524  3.31563  3.09152  2.93997  3.84516  3.05287  4.34192  2.96848  3.27730  2.36963  2.88496  2.68917  5.65218  4.37892     25 c - - -
          2.68618  4.42225  2.77519  2.73123  3.46354  2.40513  3.72494  3.29354  2.67741  2.69355  4.24690  2.90347  2.73739  3.18146  2.89801  2.37887  2.77519  2.98518  4.58477  3.61503
          0.00856  5.56554  5.36013  0.61958  0.77255  1.66824  0.20897
     26   1.86955  4.97244  3.48002  2.90812  4.58330  2.93560  4.08220  3.25640  2.77767  3.24186  3.75070  3.31805  3.75105  2.76155  3.33016  1.92134  2.32979  2.43459  5.85534  4.06969     26 a - - -
          2.68618  4.42225  2.77519  2.73123  3.46354  2.40513  3.72494  3.29354  2.67741  2.69355  4.24690  2.90347  2.73739  3.18146  2.89801  2.37887  2.77519  2.98518  4.58477  3.61503
          0.00760  5.56544  5.58728  0.61958  0.77255  1.66623  0.20944
     27   2.48772  5.66121  2.41455  2.31980  4.66741  3.44749  4.11064  4.33584  2.43525  3.74271  4.17211  2.44713  3.65514  2.83379  3.11098  1.92451  2.02600  3.76106  6.09374  4.68262     27 s - - -
          2.68618  4.42225  2.77519  2.73123  3.46354  2.40513  3.72494  3.29354  2.67741  2.69355  4.24690  2.90347  2.73739  3.18146  2.89801  2.37887  2.77519  2.98518  4.58477  3.61503
          0.13474  5.56658  2.10183  0.61958  0.77255  0.78344  0.61033
     28   2.30619  5.69506  2.41602  2.21416  4.79048  3.18012  3.98097  4.12811  2.17399  3.77890  4.23411  2.92745  3.26351  2.62976  2.79337  2.40753  2.41419  3.22800  4.99989  4.44034     28 k - - -
          2.68618  4.42225  2.77519  2.73123  3.46354  2.40513  3.72494  3.29354  2.67741  2.69355  4.24690  2.90347  2.73739  3.18146  2.89801  2.37887  2.77519  2.98518  4.58477  3.61503
          0.00536  5.62666  6.34901  0.61958  0.77255  1.57078  0.23305
     29   2.26369  5.69703  2.76879  2.09911  4.66190  2.99271  3.93093  4.10000  2.01879  3.48836  4.50419  2.88857  3.85083  2.35213  2.84154  2.71959  2.43183  3.42416  6.12939  4.00666     29 k - - -
          2.68618  4.42225  2.77519  2.73123  3.46354  2.40513  3.72494  3.29354  2.67741  2.69355  4.24690  2.90347  2.73739  3.18146  2.89801  2.37887  2.77519  2.98518  4.58477  3.61503
          0.00535  5.62912  6.35147  0.61958  0.77255  1.53662  0.24221
     30   2.82965  5.70194  1.76381  2.13597  4.52603  3.56137  3.75580  4.40785  1.83253  3.81674  4.60145  2.99841  3.93755  2.33253  2.63877  2.87024  2.95358  3.80821  6.13391  4.58338     30 d - - -
          2.68618  4.42225  2.77519  2.73123  3.46354  2.40513  3.72494  3.29354  2.67741  2.69355  4.24690  2.90347  2.73739  3.18146  2.89801  2.37887  2.77519  2.98518  4.58477  3.61503
          0.00785  5.63515  5.46011  0.61958  0.77255  1.57666  0.23151
     31   2.46284  5.27928  3.41408  2.76611  3.07112  1.89659  4.28722  3.47062  2.72783  2.40838  3.62440  3.29364  3.65716  3.27916  2.80257  2.67430  3.04043  2.96268  4.58574  2.98108     31 g - - -
          2.68618  4.42225  2.77519  2.73123  3.46354  2.40513  3.72494  3.29354  2.67741  2.69355  4.24690  2.90347  2.73739  3.18146  2.89801  2.37887  2.77519  2.98518  4.58477  3.61503
          0.00533  5.63263  6.35498  0.61958  0.77255  1.58115  0.23034
     32   2.34207  5.70043  2.22884  2.12330  4.88007  3.53438  3.81077  3.95049  1.90430  3.85385  4.41920  2.80854  3.67864  2.53299  2.63250  2.60698  2.70400  3.78413  6.13242  4.56062     32 k - - -
          2.68618  4.42225  2.77519  2.73123  3.46354  2.40513  3.72494  3.29354  2.67741  2.69355  4.24690  2.90347  2.73739  3.18146  2.89801  2.37887  2.77519  2.98518  4.58477  3.61503
          0.33335  5.63263  1.27332  0.61958  0.77255  1.31840  0.31138
     33   2.29947  5.13364  2.78126  2.36563  4.62505  2.47042  3.68144  3.78941  2.41959  3.26924  4.41658  3.08439  4.00284  2.50718  2.68120  2.43917  2.45445  3.04286  5.12428  4.13936     33 a - - -
          2.68618  4.42225  2.77519  2.73123  3.46354  2.40513  3.72494  3.29354  2.67741  2.69355  4.24690  2.90347  2.73739  3.18146  2.89801  2.37887  2.77519  2.98518  4.58477  3.61503
          0.00705  5.35380  6.07614  0.61958  0.77255  1.94020  0.15511
     34   2.63190  4.14798  5.06908  4.45366  3.12438  4.13967  4.60617  1.63510  4.23793  1.41327  2.81109  4.43567  4.63562  4.36852  3.98198  3.49455  3.02031  1.89215  4.70472  3.92289     34 l - - -
          2.68618  4.42225  2.77519  2.73123  3.46354  2.40513  3.72494  3.29354  2.67741  2.69355  4.24690  2.90347  2.73739  3.18146  2.89801  2.37887  2.77519  2.98518  4.58477  3.61503
          0.01772  5.35380  4.35598  0.61958  0.77255  1.88780  0.16417
     35   2.04006  5.46009  3.09370  2.52681  4.26867  2.83700  4.01868  3.60169  2.64974  3.20049  3.88143  3.01485  3.44003  2.65879  2.61840  2.25401  2.63762  3.25088  5.91478  3.02470     35 a - - -
          2.68618  4.42225  2.77519  2.73123  3.46354  2.40513  3.72494  3.29354  2.67741  2.69355  4.24690  2.90347  2.73739  3.18146  2.89801  2.37887  2.77519  2.98518  4.58477  3.61503
          0.00707  5.35150  6.07385  0.61958  0.77255  1.91749  0.15897
     36   2.22625  5.52566  2.25803  2.25809  2.72499  2.96818  3.89537  3.82171  2.53652  3.41659  4.56895  2.94555  4.07662  2.69396  2.78946  2.54025  2.75623  3.41331  5.96437  3.86362     36 a - - -
          2.68618  4.42225  2.77519  2.73123  3.46354  2.40513  3.72494  3.29354  2.67741  2.69355  4.24690  2.90347  2.73739  3.18146  2.89801  2.37887  2.77519  2.98518  4.58477  3.61503
          0.01332  5.35536  4.76714  0.61958  0.77255  1.92330  0.15797
     37   2.52204  5.39223  3.08724  2.40642  3.51033  3.01004  3.63461  3.67749  2.66980  3.25255  3.98132  3.11589  3.94677  2.80897  2.72250  2.11654  2.31103  3.04121  4.41443  2.94109     37 s - - -
          2.68618  4.42225  2.77519  2.73123  3.46354  2.40513  3.72494  3.29354  2.67741  2.69355  4.24690  2.90347  2.73739  3.18146  2.89801  2.37887  2.77519  2.98518  4.58477  3.61503
          0.00707  5.35152  6.07386  0.61958  0.77255  0.98937  0.46491
     38   2.67005  5.12491  3.24754  2.96286  2.60690  3.35479  4.01452  3.10764  2.81673  2.10229  3.02758  3.30682  3.55651  2.99861  2.48868  2.88342  2.81997  2.49290  4.48948  3.69200     38 l - - -
          2.68620  4.42222  2.77540  2.73140  3.46320  2.40530  3.72502  3.29324  2.67761  2.69298  4.24621  2.90351  2.73753  3.18149  2.89820  2.37897  2.77520  2.98489  4.58430  3.61499
          0.58517  1.13980  2.09471  0.05265  2.97023  0.58020  0.82049
     39   2.22547  5.72710  2.79850  2.09820  3.50822  3.58565  3.87737  3.98822  2.44133  3.03861  3.79995  2.82976  3.14938  2.60744  2.38712  2.54911  2.79321  3.71097  6.16080  4.04780     40 e - - -
          2.68618  4.42225  2.77519  2.73123  3.46354  2.40513  3.72494  3.29354  2.67741  2.69355  4.24690  2.90347  2.73739  3.18146  2.89801  2.37887  2.77519  2.98518  4.58477  3.61503
          0.14873  5.68989  2.00381  0.61958  0.77255  1.45386  0.26614
     40   3.14002  4.33429  5.18996  4.44191  3.21615  4.14292  4.72233  1.71824  4.13650  1.40522  2.95911  4.55344  4.75199  4.35892  4.09142  3.55201  3.09438  1.68407  3.22532  3.87087     41 l - - -
          2.68618  4.42225  2.77519  2.73123  3.46354  2.40513  3.72494  3.29354  2.67741  2.69355  4.24690  2.90347  2.73739  3.18146  2.89801  2.37887  2.77519  2.98518  4.58477  3.61503
          0.01722  5.54910  4.32880  0.61958  0.77255  1.71416  0.19859
     41   2.34129  5.20823  2.32777  2.27365  4.79211  2.81329  3.71673  4.11518  2.35863  3.80601  4.68638  2.31353  3.51064  3.01726  2.97597  2.11702  2.69548  3.45461  6.07824  4.38870     42 s - - -
          2.68618  4.42225  2.77519  2.73123  3.46354  2.40513  3.72494  3.29354  2.67741  2.69355  4.24690  2.90347  2.73739  3.18146  2.89801  2.37887  2.77519  2.98518  4.58477  3.61503
          0.00586  5.53774  6.26009  0.61958  0.77255  1.73018  0.19511
     42   1.99835  5.24393  2.65791  2.34888  4.99120  2.70140  3.82828  4.47748  2.45786  3.69191  4.37819  2.52795  3.83037  2.87909  3.04212  2.03173  2.39486  3.78798  6.07811  4.52719     43 a - - -
          2.68618  4.42225  2.77519  2.73123  3.46354  2.40513  3.72494  3.29354  2.67741  2.69355  4.24690  2.90347  2.73739  3.18146  2.89801  2.37887  2.77519  2.98518  4.58477  3.61503
          0.04206  5.53774  3.29000  0.61958  0.77255  1.69421  0.20303
     43   2.23203  5.36689  3.10081  2.61323  3.71790  3.48221  3.93448  2.55113  2.53340  2.76208  4.01294  3.01262  3.43031  2.87687  2.74221  2.51921  2.94008  2.48235  4.68350  3.57370     44 a - - -
          2.68618  4.42225  2.77519  2.73123  3.46354  2.40513  3.72494  3.29354  2.67741  2.69355  4.24690  2.90347  2.73739  3.18146  2.89801  2.37887  2.77519  2.98518  4.58477  3.61503
          0.01193  5.50659  4.85405  0.61958  0.77255  1.77196  0.18633
     44   2.48474  4.60892  3.23074  2.73425  3.44012  3.53378  3.92320  2.81870  2.70932  2.44201  3.65288  3.04445  3.48176  2.92379  2.96899  2.80756  2.48874  2.42250  4.91292  2.82783     45 v - - -
          2.68618  4.42225  2.77519  2.73123  3.46354  2.40513  3.72494  3.29354  2.67741  2.69355  4.24690  2.90347  2.73739  3.18146  2.89801  2.37887  2.77519  2.98518  4.58477  3.61503
          0.26725  5.50074  1.46778  0.61958  0.77255  0.66005  0.72737
     45   2.93543  5.56156  3.46725  3.03227  4.85668  4.16092  4.53496  4.25510  3.22735  3.77906  4.74179  3.76294  0.54646  3.64999  3.79450  3.52899  3.65282  3.67159  6.15753  4.54530     46 P - - -
          2.68618  4.42225  2.77519  2.73123  3.46354  2.40513  3.72494  3.29354  2.67741  2.69355  4.24690  2.90347  2.73739  3.18146  2.89801  2.37887  2.77519  2.98518  4.58477  3.61503
          0.08726  5.54414  2.53010  0.61958  0.77255  1.72120  0.19705
     46   2.23809  5.36931  3.18919  2.35649  3.90252  3.26959  4.02624  2.88741  2.67247  2.91305  3.90813  3.29202  3.32202  2.66777  2.97015  2.38778  2.64208  2.37195  5.36583  3.79432     47 a - - -
          2.68618  4.42225  2.77519  2.73123  3.46354  2.40513  3.72494  3.29354  2.67741  2.69355  4.24690  2.90347  2.73739  3.18146  2.89801  2.37887  2.77519  2.98518  4.58477  3.61503
          0.08025  5.46320  2.61907  0.61958  0.77255  1.82541  0.17573
     47   2.46912  5.47749  2.89692  2.48155  4.47842  2.79501  3.76538  3.57487  2.63256  2.77940  4.27858  2.16150  3.12855  2.75057  3.00873  2.53024  2.79457  3.30572  3.41214  4.00228     48 n - - -
          2.68618  4.42225  2.77519  2.73123  3.46354  2.40513  3.72494  3.29354  2.67741  2.69355  4.24690  2.90347  2.73739  3.18146  2.89801  2.37887  2.77519  2.98518  4.58477  3.61503
          0.02534  5.38976  3.88936  0.61958  0.77255  1.88145  0.16531
     48   2.31999  4.80865  3.16029  2.83265  3.33929  3.39271  3.97706  2.99003  2.83609  2.08101  3.37710  3.30222  3.65471  2.76563  2.98697  2.66596  2.74078  2.37539  4.34445  3.88588     49 l - - -
          2.68618  4.42225  2.77519  2.73123  3.46354  2.40513  3.72494  3.29354  2.67741  2.69355  4.24690  2.90347  2.73739  3.18146  2.89801  2.37887  2.77519  2.98518  4.58477  3.61503
          0.21939  5.37497  1.64840  0.61958  0.77255  0.66951  0.71736
     49   2.19268  5.32291  3.11773  2.81248  3.72018  3.53602  3.76154  3.06252  2.56443  2.02193  4.16400  3.14370  3.50521  2.90510  2.87389  2.48425  2.85804  2.69848  5.06752  3.43750     50 l - - -
          2.68618  4.42225  2.77519  2.73123  3.46354  2.40513  3.72494  3.29354  2.67741  2.69355  4.24690  2.90347  2.73739  3.18146  2.89801  2.37887  2.77519  2.98518  4.58477  3.61503
          0.00583  5.54350  6.26584  0.61958  0.77255  1.68489  0.20514
     50   2.22100  4.28324  4.02579  3.73318  2.61239  3.66615  4.39542  2.24575  3.41010  2.07881  3.18985  3.81976  4.10116  4.03903  3.52520  3.04355  2.71721  2.23521  4.38341  2.29461     51 l - - -
          2.68618  4.42225  2.77519  2.73123  3.46354  2.40513  3.72494  3.29354  2.67741  2.69355  4.24690  2.90347  2.73739  3.18146  2.89801  2.37887  2.77519  2.98518  4.58477  3.61503
          0.00900  5.54829  5.28537  0.61958  0.77255  1.49351  0.25436
     51   2.21965  4.77924  2.98630  2.72996  2.52018  2.78354  3.78853  3.17167  2.61070  2.60295  3.77170  3.21682  3.70711  3.11384  3.20482  2.60429  2.67364  2.63365  5.06870  3.95350     52 a - - -
          2.68618  4.42225  2.77519  2.73123  3.46354  2.40513  3.72494  3.29354  2.67741  2.69355  4.24690  2.90347  2.73739  3.18146  2.89801  2.37887  2.77519  2.98518  4.58477  3.61503
          0.00564  5.57604  6.29839  0.61958  0.77255  1.54475  0.23999
     52   2.07084  4.64587  2.22912  2.44016  4.16840  2.85370  3.90352  4.05669  2.59088  3.30336  4.29684  2.96720  3.74614  2.86091  3.01841  2.12578  2.66402  3.28701  6.09426  3.73557     53 a - - -
          2.68618  4.42225  2.77519  2.73123  3.46354  2.40513  3.72494  3.29354  2.67741  2.69355  4.24690  2.90347  2.73739  3.18146  2.89801  2.37887  2.77519  2.98518  4.58477  3.61503
          0.00876  5.59287  5.29938  0.61958  0.77255  1.62281  0.21983
     53   2.14981  4.45524  2.96296  2.48369  4.09980  3.17489  4.14103  3.84247  2.40640  3.19753  4.02208  2.93797  3.66451  2.91575  3.02169  1.78003  2.55816  3.10178  5.58232  4.14441     54 s - - -
          2.68618  4.42225  2.77519  2.73123  3.46354  2.40513  3.72494  3.29354  2.67741  2.69355  4.24690  2.90347  2.73739  3.18146  2.89801  2.37887  2.77519  2.98518  4.58477  3.61503
          0.00555  5.59277  6.31511  0.61958  0.77255  1.58622  0.22903
     54   2.62943  5.67934  1.99244  2.23413  4.11727  3.24484  3.92730  4.13907  2.39870  3.48025  4.60077  2.38016  3.52002  2.72654  2.89382  2.43525  2.66100  3.36860  5.62570  3.91204     55 d - - -
          2.68618  4.42225  2.77519  2.73123  3.46354  2.40513  3.72494  3.29354  2.67741  2.69355  4.24690  2.90347  2.73739  3.18146  2.89801  2.37887  2.77519  2.98518  4.58477  3.61503
          0.00551  5.60045  6.32280  0.61958  0.77255  1.40148  0.28267
     55   2.53798  5.69309  3.35207  2.84800  5.02101  0.75822  4.13251  4.48759  2.86825  4.00750  4.77049  3.35561  4.44812  3.22352  3.14951  3.03423  3.37887  4.09080  6.13569  4.77610     56 g - - -
          2.68618  4.42225  2.77519  2.73123  3.46354  2.40513  3.72494  3.29354  2.67741  2.69355  4.24690  2.90347  2.73739  3.18146  2.89801  2.37887  2.77519  2.98518  4.58477  3.61503
          0.11250  5.63157  2.27474  0.61958  0.77255  1.56510  0.23454
     56   2.47090  4.67173  2.69429  2.24735  4.78306  3.01418  2.98662  3.98982  2.23138  3.25220  3.85850  2.69121  3.71730  2.62000  2.41573  2.70775  2.71122  3.44036  5.55805  4.13352     57 k - - -
          2.68618  4.42225  2.77519  2.73123  3.46354  2.40513  3.72494  3.29354  2.67741  2.69355  4.24690  2.90347  2.73739  3.18146  2.89801  2.37887  2.77519  2.98518  4.58477  3.61503
          0.00917  5.52734  5.26838  0.61958  0.77255  1.74447  0.19205
     57   2.40384  4.53637  3.01639  2.69940  3.52680  3.11367  3.43567  3.17372  2.48539  2.55263  3.92996  3.08618  2.94318  2.96776  2.87720  2.60713  2.80316  2.48513  5.13300  3.71601     58 a - - -
          2.68618  4.42225  2.77519  2.73123  3.46354  2.40513  3.72494  3.29354  2.67741  2.69355  4.24690  2.90347  2.73739  3.18146  2.89801  2.37887  2.77519  2.98518  4.58477  3.61503
          0.02880  5.52411  3.71321  0.61958  0.77255  1.74883  0.19113
     58   2.14029  5.61698  2.66152  2.36551  4.21017  2.65391  3.56124  3.50990  2.49590  3.25201  4.24223  2.84096  2.92351  2.71304  2.93482  2.49251  2.61395  3.50473  6.05175  4.13275     59 a - - -
          2.68618  4.42225  2.77519  2.73123  3.46354  2.40513  3.72494  3.29354  2.67741  2.69355  4.24690  2.90347  2.73739  3.18146  2.89801  2.37887  2.77519  2.98518  4.58477  3.61503
          0.06911  5.50140  2.76950  0.61958  0.77255  0.39379  1.12238
     59   2.63723  5.79346  1.39087  1.64538  5.13956  3.57975  3.92834  4.49724  2.74942  3.95308  4.64858  2.98001  4.28201  2.74355  2.95812  2.60718  3.36905  3.60534  6.22552  4.81393     60 d - - -
          2.68618  4.42225  2.77519  2.73123  3.46354  2.40513  3.72494  3.29354  2.67741  2.69355  4.24690  2.90347  2.73739  3.18146  2.89801  2.37887  2.77519  2.98518  4.58477  3.61503
          0.00661  5.79031  5.64697  0.61958  0.77255  1.18447  0.36515
     60   2.19472  5.79367  2.66011  2.63437  4.82085  2.15240  4.08867  4.31567  2.63859  3.65623  4.65310  2.16272  3.48171  2.75603  2.87087  2.15200  2.64141  4.05104  6.22587  4.62566     61 s - - -
          2.68618  4.42225  2.77519  2.73123  3.46354  2.40513  3.72494  3.29354  2.67741  2.69355  4.24690  2.90347  2.73739  3.18146  2.89801  2.37887  2.77519  2.98518  4.58477  3.61503
          0.04180  5.79184  3.27323  0.61958  0.77255  0.57638  0.82537
     61   3.19705  4.79177  5.39312  4.77727  3.34490  4.41495  4.92458  1.68188  4.56004  1.13294  3.00605  4.75593  4.64826  4.30321  4.56465  3.82670  3.34335  1.66259  5.41480  3.82327     62 l - - -
          2.68618  4.42225  2.77519  2.73123  3.46354  2.40513  3.72494  3.29354  2.67741  2.69355  4.24690  2.90347  2.73739  3.18146  2.89801  2.37887  2.77519  2.98518  4.58477  3.61503
          0.00432  5.84254  6.56489  0.61958  0.77255  1.04565  0.43304
     62   1.85784  4.85647  3.26233  2.39604  4.26976  2.37361  3.93096  3.77405  2.51188  3.37313  4.10822  3.00657  3.46523  3.05822  2.93701  2.43629  2.42741  3.12612  6.23160  3.77389     63 a - - -
          2.68618  4.42225  2.77519  2.73123  3.46354  2.40513  3.72494  3.29354  2.67741  2.69355  4.24690  2.90347  2.73739  3.18146  2.89801  2.37887  2.77519  2.98518  4.58477  3.61503
          0.13777  5.84254  2.07307  0.61958  0.77255  0.65164  0.73645
     63   1.84234  5.43615  2.34391  2.26727  4.92361  3.15555  3.90917  3.96416  2.39078  3.58415  4.33295  2.69120  3.98088  2.66362  2.75482  2.39762  2.85034  3.62717  6.20624  3.95674     64 a - - -
          2.68618  4.42225  2.77519  2.73123  3.46354  2.40513  3.72494  3.29354  2.67741  2.69355  4.24690  2.90347  2.73739  3.18146  2.89801  2.37887  2.77519  2.98518  4.58477  3.61503
          0.00469  5.76023  6.48257  0.61958  0.77255  1.30462  0.31646
     64   2.05587  5.77437  2.74137  2.33368  4.71098  2.86488  3.83205  4.22600  2.43430  3.60746  4.35659  3.01967  2.75491  2.28975  2.64846  2.48562  2.81195  3.76168  6.20661  3.70820     65 a - - -
          2.68618  4.42225  2.77519  2.73123  3.46354  2.40513  3.72494  3.29354  2.67741  2.69355  4.24690  2.90347  2.73739  3.18146  2.89801  2.37887  2.77519  2.98518  4.58477  3.61503
          0.00469  5.76023  6.48257  0.61958  0.77255  1.30462  0.31646
     65   2.68852  4.56516  4.46461  3.90880  2.71302  4.36403  4.85105  1.99635  3.72591  1.19766  2.77295  4.66717  4.22592  4.26823  4.12679  3.54478  3.26304  2.08213  5.13204  3.61236     66 l - - -
          2.68618  4.42225  2.77519  2.73123  3.46354  2.40513  3.72494  3.29354  2.67741  2.69355  4.24690  2.90347  2.73739  3.18146  2.89801  2.37887  2.77519  2.98518  4.58477  3.61503
          0.00469  5.76023  6.48257  0.61958  0.77255  1.27608  0.32730
     66   2.51719  5.77703  1.75569  1.89661  5.12324  3.57263  3.78591  4.13443  2.52776  3.69308  4.43384  2.22699  4.09031  2.71763  2.86184  2.60995  3.04501  3.87019  6.20903  4.40386     67 d - - -
          2.68618  4.42225  2.77519  2.73123  3.46354  2.40513  3.72494  3.29354  2.67741  2.69355  4.24690  2.90347  2.73739  3.18146  2.89801  2.37887  2.77519  2.98518  4.58477  3.61503
          0.05981  5.76318  2.90203  0.61958  0.77255  1.29673  0.31941
     67   2.08177  5.73949  2.77491  2.21314  4.59681  3.46186  3.94841  3.91120  2.13066  3.17719  4.34664  3.28796  3.38503  2.66502  2.52249  2.38120  2.60715  3.30336  6.17277  3.90701     68 a - - -
          2.68618  4.42225  2.77519  2.73123  3.46354  2.40513  3.72494  3.29354  2.67741  2.69355  4.24690  2.90347  2.73739  3.18146  2.89801  2.37887  2.77519  2.98518  4.58477  3.61503
          0.01161  5.70831  4.80009  0.61958  0.77255  1.41110  0.27955
     68   2.12819  3.16565  3.03561  2.39463  4.21630  2.95428  4.25878  3.08521  2.81130  2.43816  3.58731  3.09607  3.35036  2.65149  3.08323  2.80576  2.60506  3.01140  5.05427  4.50623     69 a - - -
          2.68618  4.42225  2.77519  2.73123  3.46354  2.40513  3.72494  3.29354  2.67741  2.69355  4.24690  2.90347  2.73739  3.18146  2.89801  2.37887  2.77519  2.98518  4.58477  3.61503
          0.22830  5.70383  1.60554  0.61958  0.77255  1.44075  0.27017
     69   2.21173  5.58943  2.95045  2.16188  4.20191  3.13873  3.93502  3.48041  2.30698  2.92927  3.90688  2.97541  3.21812  2.73382  2.48360  2.66194  2.82804  3.46411  5.50243  3.38749     70 e - - -
          2.68618  4.42225  2.77519  2.73123  3.46354  2.40513  3.72494  3.29354  2.67741  2.69355  4.24690  2.90347  2.73739  3.18146  2.89801  2.37887  2.77519  2.98518  4.58477  3.61503
          0.03228  5.48173  3.58993  0.61958  0.77255  1.76609  0.18754
     70   2.42636  5.60407  1.94509  2.08100  3.82073  3.23887  3.88665  4.27033  2.45826  3.64174  4.48846  2.58939  3.38940  2.70084  2.74551  2.56573  2.83886  3.48817  6.03658  4.33660     71 d - - -
          2.68618  4.42225  2.77519  2.73123  3.46354  2.40513  3.72494  3.29354  2.67741  2.69355  4.24690  2.90347  2.73739  3.18146  2.89801  2.37887  2.77519  2.98518  4.58477  3.61503
          0.08584  5.46104  2.55093  0.61958  0.77255  1.82794  0.17524
     71   2.40268  5.56002  2.06348  2.09503  4.34760  3.30673  3.80733  3.67790  2.32953  3.59101  4.19085  3.10234  3.24803  2.60477  2.63411  2.54443  2.87726  3.45740  5.99333  3.90282     72 d - - -
          2.68618  4.42225  2.77519  2.73123  3.46354  2.40513  3.72494  3.29354  2.67741  2.69355  4.24690  2.90347  2.73739  3.18146  2.89801  2.37887  2.77519  2.98518  4.58477  3.61503
          0.37258  5.38205  1.18271  0.61958  0.77255  0.84006  0.56508
     72   2.30083  4.80332  2.58539  2.20134  4.69853  2.97291  3.80477  3.95199  2.16175  3.39497  4.36888  2.81534  3.06976  2.62537  2.93923  2.51237  2.60450  3.27664  5.50791  4.26411     73 k - - -
          2.68618  4.42225  2.77519  2.73123  3.46354  2.40513  3.72494  3.29354  2.67741  2.69355  4.24690  2.90347  2.73739  3.18146  2.89801  2.37887  2.77519  2.98518  4.58477  3.61503
          0.00698  5.36414  6.08648  0.61958  0.77255  1.68381  0.20538
     73   2.07070  4.80058  2.75428  2.29491  4.37501  3.57864  3.44909  3.62663  2.13964  3.06560  4.01706  3.09437  3.29307  2.78290  2.74886  2.59151  2.67444  3.12683  5.98717  3.83886     74 a - - -
          2.68618  4.42225  2.77519  2.73123  3.46354  2.40513  3.72494  3.29354  2.67741  2.69355  4.24690  2.90347  2.73739  3.18146  2.89801  2.37887  2.77519  2.98518  4.58477  3.61503
          0.00923  5.40566  5.36161  0.61958  0.77255  1.07205  0.41902
     74   2.98194  4.97244  3.74883  2.96013  4.35705  3.99132  4.32173  3.71945  3.02640  3.44746  4.36593  3.68688  0.70416  3.29583  3.49090  3.27726  3.30635  3.51312  5.80887  4.51738     75 p - - -
          2.68618  4.42225  2.77519  2.73123  3.46354  2.40513  3.72494  3.29354  2.67741  2.69355  4.24690  2.90347  2.73739  3.18146  2.89801  2.37887  2.77519  2.98518  4.58477  3.61503
          0.19086  5.57222  1.77226  0.61958  0.77255  0.31605  1.30572
     75   2.13498  5.76842  2.72134  2.25203  4.76972  2.56282  4.05454  4.47400  2.16824  3.96824  4.42084  2.51907  3.51742  2.46688  2.69523  2.57307  2.84075  3.36118  6.20045  4.26589     76 a - - -
          2.68618  4.42225  2.77519  2.73123  3.46354  2.40513  3.72494  3.29354  2.67741  2.69355  4.24690  2.90347  2.73739  3.18146  2.89801  2.37887  2.77519  2.98518  4.58477  3.61503
          0.00896  5.74901  5.16079  0.61958  0.77255  1.32184  0.31012
     76   2.04655  5.76668  2.63651  2.06604  5.11268  3.76580  4.03491  4.40860  2.32269  3.50880  4.49692  2.79838  3.31412  2.39323  2.93225  2.33099  2.49328  3.34367  6.19880  4.40495     77 a - - -
          2.68618  4.42225  2.77519  2.73123  3.46354  2.40513  3.72494  3.29354  2.67741  2.69355  4.24690  2.90347  2.73739  3.18146  2.89801  2.37887  2.77519  2.98518  4.58477  3.61503
          0.00476  5.74672  6.46906  0.61958  0.77255  1.30611  0.31591
     77   2.20689  5.74266  2.93584  2.33269  4.89300  3.52182  3.99906  3.85730  2.37823  2.94801  4.07699  2.92893  2.40539  2.53310  2.58085  2.83955  2.49446  3.13262  6.16574  4.38125     78 a - - -
          2.68618  4.42225  2.77519  2.73123  3.46354  2.40513  3.72494  3.29354  2.67741  2.69355  4.24690  2.90347  2.73739  3.18146  2.89801  2.37887  2.77519  2.98518  4.58477  3.61503
          0.01745  5.75091  4.26039  0.61958  0.77255  1.33529  0.30528
     78   2.80107  4.72878  4.76825  3.96405  3.05631  4.19305  4.82792  1.83018  3.67617  1.36838  3.23267  4.63158  4.14969  3.86900  3.71037  3.47774  3.29326  1.69759  4.93608  3.73291     79 l - - -
          2.68618  4.42225  2.77519  2.73123  3.46354  2.40513  3.72494  3.29354  2.67741  2.69355  4.24690  2.90347  2.73739  3.18146  2.89801  2.37887  2.77519  2.98518  4.58477  3.61503
          0.03314  5.73826  3.52769  0.61958  0.77255  1.33349  0.30592
     79   2.23818  5.74634  2.68685  2.02309  4.73576  3.20334  3.83956  4.11301  2.45129  3.75394  4.22584  2.76944  3.44343  2.29400  2.76141  2.44555  2.56647  3.34736  5.70693  4.03831     80 e - - -
          2.68618  4.42225  2.77519  2.73123  3.46354  2.40513  3.72494  3.29354  2.67741  2.69355  4.24690  2.90347  2.73739  3.18146  2.89801  2.37887  2.77519  2.98518  4.58477  3.61503
          0.30147  5.71369  1.35878  0.61958  0.77255  1.36422  0.29515
     80   2.09381  5.12478  2.85248  2.43651  3.46674  2.71978  3.80031  4.03457  2.42829  3.49574  4.33736  2.73252  3.44625  2.62446  2.39373  2.61138  2.81704  3.23402  5.42583  3.95200     81 a - - -
          2.68618  4.42225  2.77519  2.73123  3.46354  2.40513  3.72494  3.29354  2.67741  2.69355  4.24690  2.90347  2.73739  3.18146  2.89801  2.37887  2.77519  2.98518  4.58477  3.61503
          0.02106  5.42771  4.10773  0.61958  0.77255  1.86921  0.16753
     81   2.17930  5.13013  3.15095  2.38372  4.01802  3.19251  3.94715  3.21473  2.51274  2.93599  3.73770  2.99590  2.91914  2.81411  2.62503  2.67469  2.64543  2.69956  4.51540  4.19746     82 a - - -
          2.68618  4.42225  2.77519  2.73123  3.46354  2.40513  3.72494  3.29354  2.67741  2.69355  4.24690  2.90347  2.73739  3.18146  2.89801  2.37887  2.77519  2.98518  4.58477  3.61503
          0.03825  5.41329  3.40900  0.61958  0.77255  1.85702  0.16976
     82   2.41146  4.96731  3.24866  2.54129  3.47033  2.98021  4.10882  3.28525  2.62796  2.84282  3.89279  2.79551  3.21688  2.89536  2.83078  2.72347  2.69468  2.37964  4.72124  3.01527     83 v - - -
          2.68618  4.42225  2.77519  2.73123  3.46354  2.40513  3.72494  3.29354  2.67741  2.69355  4.24690  2.90347  2.73739  3.18146  2.89801  2.37887  2.77519  2.98518  4.58477  3.61503
          0.01881  5.38605  4.26473  0.61958  0.77255  1.84756  0.17153
     83   2.24388  5.19543  2.58282  2.45524  4.61589  2.85114  3.85198  3.62906  2.48443  3.25143  3.85848  2.70188  3.20203  2.78929  2.81674  2.40196  2.52419  3.18326  5.45443  3.77428     84 a - - -
          2.68618  4.42225  2.77519  2.73123  3.46354  2.40513  3.72494  3.29354  2.67741  2.69355  4.24690  2.90347  2.73739  3.18146  2.89801  2.37887  2.77519  2.98518  4.58477  3.61503
          0.31006  5.38417  1.33937  0.61958  0.77255  0.35618  1.20512
     84   2.21039  5.70653  2.42236  2.00105  4.76645  2.87844  4.15436  4.30955  2.33144  3.38688  3.97385  2.72861  3.44385  2.56827  3.01271  2.29808  2.76063  3.90963  6.13872  4.55768     85 e - - -
          2.68618  4.42225  2.77519  2.73123  3.46354  2.40513  3.72494  3.29354  2.67741  2.69355  4.24690  2.90347  2.73739  3.18146  2.89801  2.37887  2.77519  2.98518  4.58477  3.61503
          0.00527  5.64457  6.36691  0.61958  0.77255  1.54664  0.23948
     85   2.31469  5.70839  2.33367  2.12851  5.05460  2.59015  3.89084  3.97252  2.08362  3.77507  4.60683  2.80494  3.57902  2.53908  2.70418  2.52648  3.11707  3.67478  6.14040  4.02429     86 k - - -
          2.68618  4.42225  2.77519  2.73123  3.46354  2.40513  3.72494  3.29354  2.67741  2.69355  4.24690  2.90347  2.73739  3.18146  2.89801  2.37887  2.77519  2.98518  4.58477  3.61503
          0.01529  5.64664  4.45293  0.61958  0.77255  1.53729  0.24202
     86   2.49241  5.16226  2.79338  2.31403  4.49238  2.90381  3.70839  4.52838  2.17024  3.06377  4.37773  2.48578  3.98266  2.30622  2.32923  2.61140  2.73823  3.68676  5.16314  4.71630     87 k - - -
          2.68618  4.42225  2.77519  2.73123  3.46354  2.40513  3.72494  3.29354  2.67741  2.69355  4.24690  2.90347  2.73739  3.18146  2.89801  2.37887  2.77519  2.98518  4.58477  3.61503
          0.01309  5.63941  4.66168  0.61958  0.77255  1.46856  0.26170
     87   2.75945  4.40855  4.54019  4.17319  3.28957  4.16306  4.40491  1.81758  3.87788  1.73782  3.29145  4.26933  4.64747  3.83925  3.59169  3.67579  2.98565  1.39269  5.28912  3.34569     88 v - - -
          2.68618  4.42225  2.77519  2.73123  3.46354  2.40513  3.72494  3.29354  2.67741  2.69355  4.24690  2.90347  2.73739  3.18146  2.89801  2.37887  2.77519  2.98518  4.58477  3.61503
          0.00527  5.64447  6.36681  0.61958  0.77255  1.48148  0.25787
     88   2.32421  5.70603  2.74838  2.26934  4.24903  3.10921  4.01464  3.96971  2.42063  3.27775  4.29928  2.87207  3.45935  2.67774  2.83485  2.14124  2.33443  3.07382  6.13984  4.06574     89 s - - -
          2.68618  4.42225  2.77519  2.73123  3.46354  2.40513  3.72494  3.29354  2.67741  2.69355  4.24690  2.90347  2.73739  3.18146  2.89801  2.37887  2.77519  2.98518  4.58477  3.61503
          0.00522  5.65437  6.37672  0.61958  0.77255  1.54646  0.23953
     89   2.35226  4.68977  4.83490  3.71867  3.19994  4.06213  4.58679  1.91967  3.69538  1.97069  3.36116  4.52310  3.63935  3.94180  3.95462  3.49475  2.69790  1.41490  5.30823  3.56045     90 v - - -
          2.68618  4.42225  2.77519  2.73123  3.46354  2.40513  3.72494  3.29354  2.67741  2.69355  4.24690  2.90347  2.73739  3.18146  2.89801  2.37887  2.77519  2.98518  4.58477  3.61503
          0.33064  5.65437  1.28002  0.61958  0.77255  1.08408  0.41281
     90   2.47626  5.58017  2.61232  1.98701  4.92470  3.25976  3.45518  3.78049  2.31538  3.14194  4.25780  2.90453  3.87407  2.53116  2.59572  2.47584  2.59196  3.22301  5.49061  4.34805     91 e - - -
          2.68618  4.42225  2.77519  2.73123  3.46354  2.40513  3.72494  3.29354  2.67741  2.69355  4.24690  2.90347  2.73739  3.18146  2.89801  2.37887  2.77519  2.98518  4.58477  3.61503
          0.02361  5.41907  3.96838  0.61958  0.77255  0.62007  0.77199
     91   1.99584  4.82841  3.15148  2.50144  4.08380  3.36835  3.85303  2.87010  2.58293  2.58206  4.00973  3.27732  3.44874  2.98072  3.05010  2.49444  2.47822  2.56662  5.46526  4.03120     92 a - - -
          2.68618  4.42225  2.77519  2.73123  3.46354  2.40513  3.72494  3.29354  2.67741  2.69355  4.24690  2.90347  2.73739  3.18146  2.89801  2.37887  2.77519  2.98518  4.58477  3.61503
          0.00704  5.71533  5.59477  0.61958  0.77255  1.31804  0.31151
     92   2.82507  5.75408  2.19286  1.90382  4.89996  3.37231  4.11970  4.34648  2.32577  3.31157  4.66470  2.80877  3.24264  2.40978  2.63482  2.54176  2.44155  3.68010  6.18607  4.77441     93 e - - -
          2.68618  4.42225  2.77519  2.73123  3.46354  2.40513  3.72494  3.29354  2.67741  2.69355  4.24690  2.90347  2.73739  3.18146  2.89801  2.37887  2.77519  2.98518  4.58477  3.61503
          0.04826  5.72472  3.12699  0.61958  0.77255  1.37860  0.29026
     93   2.49315  4.93115  2.45010  2.24896  4.60619  2.98216  3.80824  3.56318  2.29028  3.28303  4.38708  2.73817  2.80867  2.65372  2.73334  2.63871  2.65935  3.25266  5.25882  4.57998     94 e - - -
          2.68618  4.42225  2.77519  2.73123  3.46354  2.40513  3.72494  3.29354  2.67741  2.69355  4.24690  2.90347  2.73739  3.18146  2.89801  2.37887  2.77519  2.98518  4.58477  3.61503
          0.00901  5.68384  5.19067  0.61958  0.77255  1.07190  0.41909
     94   2.29129  5.09386  2.55846  2.14747  5.10655  2.00021  3.90899  4.39198  2.46756  3.66044  4.66154  2.74809  3.59333  2.62902  2.69165  2.49056  2.82288  3.88461  6.19239  4.78076     95 g - - -
          2.68618  4.42225  2.77519  2.73123  3.46354  2.40513  3.72494  3.29354  2.67741  2.69355  4.24690  2.90347  2.73739  3.18146  2.89801  2.37887  2.77519  2.98518  4.58477  3.61503
          0.33234  5.73549  1.27466  0.61958  0.77255  1.16116  0.37560
     95   2.78246  4.20890  4.14802  3.64779  3.42615  4.30486  4.63128  1.89788  3.77528  1.59638  3.26299  4.10154  4.39935  3.96608  4.24358  3.03873  2.98246  1.55281  4.40743  3.59745     96 v - - -
          2.68618  4.42225  2.77519  2.73123  3.46354  2.40513  3.72494  3.29354  2.67741  2.69355  4.24690  2.90347  2.73739  3.18146  2.89801  2.37887  2.77519  2.98518  4.58477  3.61503
          0.01651  5.44353  4.41885  0.61958  0.77255  0.32941  1.27064
     96   2.69281  5.82048  3.07726  2.23858  4.78334  3.29179  3.84957  3.65604  1.91617  3.25811  3.97682  3.11224  3.90183  2.72403  2.09151  2.61046  2.64139  2.87871  6.25401  3.77728     97 k - - -
          2.68618  4.42225  2.77519  2.73123  3.46354  2.40513  3.72494  3.29354  2.67741  2.69355  4.24690  2.90347  2.73739  3.18146  2.89801  2.37887  2.77519  2.98518  4.58477  3.61503
          0.00432  5.84348  6.56583  0.61958  0.77255  1.05051  0.43041
     97   3.07393  4.55772  5.01354  4.13238  3.16190  4.57607  4.90676  1.50752  3.73535  1.56510  3.46994  4.32650  4.15850  4.10472  3.85589  3.58396  3.23993  1.54187  5.41684  3.76406     98 i - - -
          2.68618  4.42225  2.77519  2.73123  3.46354  2.40513  3.72494  3.29354  2.67741  2.69355  4.24690  2.90347  2.73739  3.18146  2.89801  2.37887  2.77519  2.98518  4.58477  3.61503
          0.08886  5.84348  2.49951  0.61958  0.77255  0.51895  0.90423
     98   2.69169  5.75677  3.33420  2.39655  3.65733  3.30862  3.78222  3.14808  2.47924  3.08525  4.22681  3.00794  3.31384  2.73943  2.48154  2.34254  2.24237  2.68005  5.01870  3.97676     99 t - - -
          2.68618  4.42225  2.77519  2.73123  3.46354  2.40513  3.72494  3.29354  2.67741  2.69355  4.24690  2.90347  2.73739  3.18146  2.89801  2.37887  2.77519  2.98518  4.58477  3.61503
          0.01302  5.82851  4.60590  0.61958  0.77255  0.89362  0.52623
     99   2.76341  4.82311  4.43351  3.89568  2.52519  3.81324  4.85124  1.82359  3.44568  1.52555  2.93417  4.11372  4.68089  3.62385  3.34420  3.25731  3.01478  2.14371  4.94605  3.76046    100 l - - -
          2.68618  4.42225  2.77519  2.73123  3.46354  2.40513  3.72494  3.29354  2.67741  2.69355  4.24690  2.90347  2.73739  3.18146  2.89801  2.37887  2.77519  2.98518  4.58477  3.61503
          0.00859  5.84221  5.17658  0.61958  0.77255  0.95008  0.48892
    100   2.43155  5.79705  2.59483  2.42770  3.98046  3.55192  3.95502  3.30644  2.59567  2.63570  4.35925  2.64587  2.84020  2.73879  2.69063  2.35121  2.64173  3.08560  6.22156  4.83634    101 s - - -
          2.68618  4.42225  2.77519  2.73123  3.46354  2.40513  3.72494  3.29354  2.67741  2.69355  4.24690  2.90347  2.73739  3.18146  2.89801  2.37887  2.77519  2.98518  4.58477  3.61503
          0.01706  5.84838  4.26685  0.61958  0.77255  0.30667  1.33139
    101   2.47108  5.88065  2.10220  2.23040  4.45846  2.74986  3.88041  4.28985  2.62159  3.34658  4.31308  2.52302  3.35167  3.02133  2.81495  2.22962  2.77517  3.68056  6.31301  3.47140    102 d - - -
          2.68618  4.42225  2.77519  2.73123  3.46354  2.40513  3.72494  3.29354  2.67741  2.69355  4.24690  2.90347  2.73739  3.18146  2.89801  2.37887  2.77519  2.98518  4.58477  3.61503
          0.00659  5.93171  5.54229  0.61958  0.77255  0.62940  0.76124
    102   2.76460  5.87960  2.27989  2.38150  4.73082  2.88399  3.76036  3.48107  2.40113  3.83920  4.56001  2.27141  3.32438  2.94825  2.53784  2.36898  2.49710  3.30793  6.31179  4.32818    103 n - - -
          2.68618  4.42225  2.77519  2.73123  3.46354  2.40513  3.72494  3.29354  2.67741  2.69355  4.24690  2.90347  2.73739  3.18146  2.89801  2.37887  2.77519  2.98518  4.58477  3.61503
          0.02378  5.92908  3.87081  0.61958  0.77255  0.41713  1.07569
    103   2.66907  4.85398  5.08446  4.56842  3.18329  3.79384  4.97486  1.42854  4.59262  1.90460  3.77518  4.29086  3.76965  4.57452  4.19159  3.43656  3.46062  1.32742  5.23479  4.04032    104 v - - -
          2.68618  4.42225  2.77519  2.73123  3.46354  2.40513  3.72494  3.29354  2.67741  2.69355  4.24690  2.90347  2.73739  3.18146  2.89801  2.37887  2.77519  2.98518  4.58477  3.61503
          0.00395  5.93164  6.65398  0.61958  0.77255  0.42536  1.05996
    104   3.12587  5.00383  3.84852  3.31895  2.50296  3.78267  3.04801  3.51842  3.38807  1.58863  3.13364  2.80759  4.19319  3.22054  3.31163  3.01200  2.72469  3.23673  5.83219  2.12173    105 l - - -
          2.68618  4.42225  2.77519  2.73123  3.46354  2.40513  3.72494  3.29354  2.67741  2.69355  4.24690  2.90347  2.73739  3.18146  2.89801  2.37887  2.77519  2.98518  4.58477  3.61503
          0.00388  5.95095  6.67330  0.61958  0.77255  0.50104  0.93116
    105   6.22811  6.98163  6.84318  6.91103  0.14716  6.50978  4.56668  5.73893  6.66652  4.77140  6.21333  5.96773  6.74257  6.18231  6.37298  5.93947  6.40083  5.71784  5.05647  2.48205    106 F - - -
          2.68618  4.42225  2.77519  2.73123  3.46354  2.40513  3.72494  3.29354  2.67741  2.69355  4.24690  2.90347  2.73739  3.18146  2.89801  2.37887  2.77519  2.98518  4.58477  3.61503
          0.00388  5.95095  6.67330  0.61958  0.77255  0.50104  0.93116
    106   2.04736  5.89417  1.56523  2.02221  5.24027  2.85923  4.34145  4.34578  2.56903  3.69755  4.75136  3.00090  2.90049  3.01925  2.91548  2.99833  3.25647  3.91990  6.32623  4.56963    107 d - - -
          2.68618  4.42225  2.77519  2.73123  3.46354  2.40513  3.72494  3.29354  2.67741  2.69355  4.24690  2.90347  2.73739  3.18146  2.89801  2.37887  2.77519  2.98518  4.58477  3.61503
          0.00388  5.95095  6.67330  0.61958  0.77255  0.50104  0.93116
    107   2.81286  5.45041  3.65840  3.12741  1.99213  3.80371  3.91132  3.45067  3.04459  2.59226  4.39219  3.46040  3.18203  3.04629  3.18356  1.91384  2.25442  2.87273  4.46479  3.25953    108 s - - -
          2.68618  4.42225  2.77519  2.73123  3.46354  2.40513  3.72494  3.29354  2.67741  2.69355  4.24690  2.90347  2.73739  3.18146  2.89801  2.37887  2.77519  2.98518  4.58477  3.61503
          0.00388  5.95095  6.67330  0.61958  0.77255  0.47633  0.97037
    108   2.88037  5.90444  1.52035  3.02153  4.83637  1.29045  4.38419  4.74019  2.98410  4.13811  4.96418  2.03558  4.58366  3.41969  3.52504  3.17063  3.66116  4.18336  6.32849  4.79446    109 g - - -
          2.68618  4.42225  2.77519  2.73123  3.46354  2.40513  3.72494  3.29354  2.67741  2.69355  4.24690  2.90347  2.73739  3.18146  2.89801  2.37887  2.77519  2.98518  4.58477  3.61503
          0.00387  5.95306  6.67540  0.61958  0.77255  0.48576  0.95510
    109   3.10967  5.89519  3.10826  2.59515  5.24104  3.44019  4.34324  4.72750  1.79615  3.75118  4.67272  3.57061  4.54980  2.59636  2.52677  1.17546  3.06671  4.02788  6.32737  4.91604    110 s - - -
          2.68618  4.42225  2.77519  2.73123  3.46354  2.40513  3.72494  3.29354  2.67741  2.69355  4.24690  2.90347  2.73739  3.18146  2.89801  2.37887  2.77519  2.98518  4.58477  3.61503
          0.01358  5.95306  4.51992  0.61958  0.77255  0.48576  0.95510
    110   1.27773  5.53648  2.70969  3.11327  3.51734  4.10808  3.85184  3.68400  3.06449  3.78687  4.43443  3.63499  4.34791  3.57386  3.61608  1.89684  2.73327  3.29493  3.82154  2.74226    111 a - - -
          2.68618  4.42225  2.77519  2.73123  3.46354  2.40513  3.72494  3.29354  2.67741  2.69355  4.24690  2.90347  2.73739  3.18146  2.89801  2.37887  2.77519  2.98518  4.58477  3.61503
          0.00390  5.94338  6.66573  0.61958  0.77255  0.44545  1.02315
    111   2.62384  5.25148  2.25867  1.86547  4.61984  4.03449  4.05636  3.65630  2.38450  3.89409  4.25716  2.63586  4.40709  2.64431  2.79607  2.63523  2.34938  2.80745  6.32460  3.89502    112 e - - -
          2.68618  4.42225  2.77519  2.73123  3.46354  2.40513  3.72494  3.29354  2.67741  2.69355  4.24690  2.90347  2.73739  3.18146  2.89801  2.37887  2.77519  2.98518  4.58477  3.61503
          0.00387  5.95306  6.67540  0.61958  0.77255  0.48576  0.95510
    112   3.56222  5.11195  5.74601  5.13731  3.41177  4.96503  5.30696  1.39781  4.93009  0.94369  3.42552  5.13231  3.33778  5.03952  4.93165  4.28483  3.89038  2.03055  5.75255  4.44238    113 l - - -
          2.68618  4.42225  2.77519  2.73123  3.46354  2.40513  3.72494  3.29354  2.67741  2.69355  4.24690  2.90347  2.73739  3.18146  2.89801  2.37887  2.77519  2.98518  4.58477  3.61503
          0.00387  5.95306  6.67540  0.61958  0.77255  0.48576  0.95510
    113   3.01490  5.85504  2.68784  2.69674  4.91942  3.60772  4.02946  4.00066  2.09382  2.80344  4.15627  2.58681  3.49757  2.82291  2.31347  2.16828  2.05497  4.03940  5.20824  4.32659    114 t - - -
          2.68618  4.42225  2.77519  2.73123  3.46354  2.40513  3.72494  3.29354  2.67741  2.69355  4.24690  2.90347  2.73739  3.18146  2.89801  2.37887  2.77519  2.98518  4.58477  3.61503
          0.00963  5.95306  4.96421  0.61958  0.77255  0.48576  0.95510
    114   2.22257  5.89112  2.54247  2.27823  5.03072  3.39142  4.18053  4.58276  2.68185  3.74400  4.37848  2.96510  1.55811  2.85367  3.12880  2.40864  2.98455  3.84804  6.32337  4.57464    115 p - - -
          2.68618  4.42225  2.77519  2.73123  3.46354  2.40513  3.72494  3.29354  2.67741  2.69355  4.24690  2.90347  2.73739  3.18146  2.89801  2.37887  2.77519  2.98518  4.58477  3.61503
          0.00738  5.94732  5.35113  0.61958  0.77255  0.46095  0.99610
    115   2.26853  5.89292  2.26809  1.68355  4.62613  3.01045  4.03971  4.13621  2.59583  3.86595  4.51445  3.08358  3.97948  2.46372  2.87795  2.25560  3.00388  3.56061  5.58299  4.34398    116 e - - -
          2.68618  4.42225  2.77519  2.73123  3.46354  2.40513  3.72494  3.29354  2.67741  2.69355  4.24690  2.90347  2.73739  3.18146  2.89801  2.37887  2.77519  2.98518  4.58477  3.61503
          0.00388  5.94960  6.67194  0.61958  0.77255  0.51071  0.91646
    116   1.58438  5.36053  2.95018  2.60364  3.19756  2.52187  3.90693  4.28410  3.02973  3.51774  4.02300  3.30146  4.39648  2.71946  3.55736  1.82494  3.08844  3.78908  6.26994  3.26868    117 a - - -
          2.68618  4.42225  2.77519  2.73123  3.46354  2.40513  3.72494  3.29354  2.67741  2.69355  4.24690  2.90347  2.73739  3.18146  2.89801  2.37887  2.77519  2.98518  4.58477  3.61503
          0.00648  5.94960  5.56018  0.61958  0.77255  0.51071  0.91646
    117   2.38424  5.85082  3.20157  2.42795  3.65043  3.56463  3.89023  3.78229  1.97746  2.67940  3.68306  3.36058  4.55422  2.30448  2.00330  2.95962  3.11536  3.34700  5.26477  3.51055    118 k - - -
          2.68618  4.42225  2.77519  2.73123  3.46354  2.40513  3.72494  3.29354  2.67741  2.69355  4.24690  2.90347  2.73739  3.18146  2.89801  2.37887  2.77519  2.98518  4.58477  3.61503
          0.00698  5.94701  5.43976  0.61958  0.77255  0.48866  0.95049
    118   2.08752  5.86994  2.70227  2.10924  4.62154  3.08979  4.16080  3.75669  2.28502  3.56739  4.22052  3.06548  2.56891  2.59641  2.83008  2.61497  2.73903  3.42021  6.29172  4.09584    119 a - - -
          2.68618  4.42225  2.77519  2.73123  3.46354  2.40513  3.72494  3.29354  2.67741  2.69355  4.24690  2.90347  2.73739  3.18146  2.89801  2.37887  2.77519  2.98518  4.58477  3.61503
          0.00389  5.94741  6.66976  0.61958  0.77255  0.52609  0.89383
    119   2.21936  5.74993  3.28358  2.32015  4.19302  3.99019  4.38056  2.60435  2.42753  2.46161  4.08678  2.92818  4.09028  2.79505  2.88536  2.76729  2.55320  2.34754  5.70709  4.18590    120 a - - -
          2.68618  4.42225  2.77519  2.73123  3.46354  2.40513  3.72494  3.29354  2.67741  2.69355  4.24690  2.90347  2.73739  3.18146  2.89801  2.37887  2.77519  2.98518  4.58477  3.61503
          0.00389  5.94741  6.66976  0.61958  0.77255  0.46135  0.99542
    120   3.46804  5.12848  5.75935  5.14876  3.81488  4.60728  5.31402  1.99358  4.94045  0.59099  3.29891  5.14444  5.30776  5.04318  4.93875  4.29629  3.87778  2.21858  5.21852  4.60159    121 L - - -
          2.68618  4.42225  2.77519  2.73123  3.46354  2.40513  3.72494  3.29354  2.67741  2.69355  4.24690  2.90347  2.73739  3.18146  2.89801  2.37887  2.77519  2.98518  4.58477  3.61503
          0.00387  5.95306  6.67540  0.61958  0.77255  0.48576  0.95510
    121   2.30969  5.89541  1.62878  2.15006  4.67940  3.20537  4.13482  4.26351  2.45056  3.66335  4.80628  2.73058  4.36534  2.57964  2.60175  2.67718  3.05317  3.80236  5.76604  4.13012    122 d - - -
          2.68618  4.42225  2.77519  2.73123  3.46354  2.40513  3.72494  3.29354  2.67741  2.69355  4.24690  2.90347  2.73739  3.18146  2.89801  2.37887  2.77519  2.98518  4.58477  3.61503
          0.00387  5.95306  6.67540  0.61958  0.77255  0.48576  0.95510
    122   2.21022  5.87759  2.73913  2.15225  4.59933  3.55743  3.87600  4.16826  1.81235  3.60130  4.47552  2.89459  4.23305  2.26143  2.40053  2.58462  3.00301  3.65014  6.29999  4.39324    123 k - - -
          2.68618  4.42225  2.77519  2.73123  3.46354  2.40513  3.72494  3.29354  2.67741  2.69355  4.24690  2.90347  2.73739  3.18146  2.89801  2.37887  2.77519  2.98518  4.58477  3.61503
          0.00387  5.95306  6.67540  0.61958  0.77255  0.48576  0.95510
    123   2.64390  4.86943  5.00192  4.81748  3.03603  4.65780  3.53473  1.70444  4.38503  1.40302  3.31997  3.88507  5.02173  3.58162  4.62403  3.91052  3.40153  1.62096  5.49084  3.75348    124 l - - -
          2.68618  4.42225  2.77519  2.73123  3.46354  2.40513  3.72494  3.29354  2.67741  2.69355  4.24690  2.90347  2.73739  3.18146  2.89801  2.37887  2.77519  2.98518  4.58477  3.61503
          0.00387  5.95306  6.67540  0.61958  0.77255  0.48576  0.95510
    124   0.97057  4.57996  5.15434  4.43706  3.83360  3.03347  4.93428  2.46915  3.67044  2.49500  3.96508  4.51609  4.98434  4.48245  3.97177  2.99492  3.38073  1.89934  5.52729  3.95906    125 a - - -
          2.68618  4.42225  2.77519  2.73123  3.46354  2.40513  3.72494  3.29354  2.67741  2.69355  4.24690  2.90347  2.73739  3.18146  2.89801  2.37887  2.77519  2.98518  4.58477  3.61503
          0.00863  5.95306  5.11698  0.61958  0.77255  0.48576  0.95510
    125   2.23964  5.89290  2.41835  2.10000  4.96795  3.18674  4.11839  4.03158  2.24514  3.85612  4.76066  2.84572  3.19917  2.42758  2.52627  2.52862  2.59759  3.55591  6.32485  4.64054    126 e - - -
          2.68618  4.42225  2.77519  2.73123  3.46354  2.40513  3.72494  3.29354  2.67741  2.69355  4.24690  2.90347  2.73739  3.18146  2.89801  2.37887  2.77519  2.98518  4.58477  3.61503
          0.00389  5.94831  6.67066  0.61958  0.77255  0.51979  0.90299
    126   2.22319  4.57440  3.86968  3.18204  2.73153  3.67505  4.29176  2.19670  3.16436  2.49799  3.32798  3.91898  4.07267  3.38617  3.55104  3.04173  2.80200  2.11054  3.50889  2.47202    127 v - - -
          2.68618  4.42225  2.77519  2.73123  3.46354  2.40513  3.72494  3.29354  2.67741  2.69355  4.24690  2.90347  2.73739  3.18146  2.89801  2.37887  2.77519  2.98518  4.58477  3.61503
          0.01402  5.94831  4.48231  0.61958  0.77255  0.49098  0.94682
    127   2.88362  4.85934  5.46063  4.84452  3.39155  4.65677  4.99084  2.01252  4.62697  0.83659  2.27244  4.65151  5.02016  4.47763  4.49361  3.78359  3.56029  2.52453  4.94732  4.04575    128 l - - -
          2.68618  4.42225  2.77519  2.73123  3.46354  2.40513  3.72494  3.29354  2.67741  2.69355  4.24690  2.90347  2.73739  3.18146  2.89801  2.37887  2.77519  2.98518  4.58477  3.61503
          0.02096  5.94241  4.01080  0.61958  0.77255  0.50197  0.92972
    128   2.50407  5.88001  3.33587  2.39170  5.01876  3.56630  4.01216  3.66417  1.55193  3.43687  4.37950  2.39611  4.53590  2.38382  2.32144  2.82606  2.82074  3.54845  6.31254  4.44306    129 k - - -
          2.68618  4.42225  2.77519  2.73123  3.46354  2.40513  3.72494  3.29354  2.67741  2.69355  4.24690  2.90347  2.73739  3.18146  2.89801  2.37887  2.77519  2.98518  4.58477  3.61503
          0.01195  5.93165  4.68616  0.61958  0.77255  0.46884  0.98277
    129   2.26735  5.88737  2.43589  2.18499  4.80889  3.38448  3.96922  4.26001  2.07684  3.54002  4.60647  2.64639  4.11518  2.44119  2.41524  2.44304  2.69597  3.60986  6.31932  4.90763    130 k - - -
          2.68618  4.42225  2.77519  2.73123  3.46354  2.40513  3.72494  3.29354  2.67741  2.69355  4.24690  2.90347  2.73739  3.18146  2.89801  2.37887  2.77519  2.98518  4.58477  3.61503
          0.01443  5.93976  4.44907  0.61958  0.77255  0.58910  0.80930
    130   2.89055  4.13326  2.54046  2.72259  3.36359  3.56311  3.04622  3.77454  2.83218  2.90962  4.11562  1.76785  4.44941  3.06610  2.92280  2.82801  3.10949  3.02954  5.26714  2.51670    131 n - - -
          2.68618  4.42225  2.77519  2.73123  3.46354  2.40513  3.72494  3.29354  2.67741  2.69355  4.24690  2.90347  2.73739  3.18146  2.89801  2.37887  2.77519  2.98518  4.58477  3.61503
          0.06195  5.92929  2.85746  0.61958  0.77255  0.48479  0.95666
    131   2.77929  5.85287  2.82025  2.64879  5.19835  2.93646  3.84307  4.21076  2.42605  3.85051  4.89343  3.28126  1.11632  3.04729  2.97538  2.79970  3.14126  4.16153  6.28530  4.87410    132 p - - -
          2.68618  4.42225  2.77519  2.73123  3.46354  2.40513  3.72494  3.29354  2.67741  2.69355  4.24690  2.90347  2.73739  3.18146  2.89801  2.37887  2.77519  2.98518  4.58477  3.61503
          0.02033  5.88829  4.05373  0.61958  0.77255  0.35948  1.19747
    132   2.73002  5.88153  2.02625  2.52824  4.73714  2.28864  3.72651  4.28971  2.51622  3.67414  4.65589  1.96463  4.35024  2.74674  3.07683  2.49460  2.55037  3.74693  6.31360  4.90203    133 n - - -
          2.68618  4.42225  2.77519  2.73123  3.46354  2.40513  3.72494  3.29354  2.67741  2.69355  4.24690  2.90347  2.73739  3.18146  2.89801  2.37887  2.77519  2.98518  4.58477  3.61503
          0.14555  5.93137  2.01894  0.61958  0.77255  0.44161  1.03002
    133   2.24148  4.29874  4.62954  3.10262  3.38669  3.55956  3.86183  2.33993  3.09273  1.98546  3.16428  4.12051  4.52084  3.75696  3.34224  2.93344  2.49225  2.09604  3.86678  2.89657    134 l - - -
          2.68618  4.42225  2.77519  2.73123  3.46354  2.40513  3.72494  3.29354  2.67741  2.69355  4.24690  2.90347  2.73739  3.18146  2.89801  2.37887  2.77519  2.98518  4.58477  3.61503
          0.01324  5.81211  4.58881  0.61958  0.77255  0.21685  1.63503
    134   2.98287  5.28953  2.88509  2.44106  4.49274  3.76793  3.46190  3.68516  1.96056  3.54707  4.36204  2.66382  3.42747  2.63238  2.02606  2.47770  2.62116  3.10118  5.59706  4.07299    135 k - - -
          2.68618  4.42225  2.77519  2.73123  3.46354  2.40513  3.72494  3.29354  2.67741  2.69355  4.24690  2.90347  2.73739  3.18146  2.89801  2.37887  2.77519  2.98518  4.58477  3.61503
          0.00388  5.94846  6.67080  0.61958  0.77255  0.45349  1.00897
    135   2.97818  4.77978  5.63997  5.03277  2.68809  4.85148  5.20128  1.30559  4.82365  1.83036  3.33300  5.01891  5.20321  4.95341  4.83180  4.16957  3.75776  1.24599  5.67737  4.06303    136 v - - -
          2.68618  4.42225  2.77519  2.73123  3.46354  2.40513  3.72494  3.29354  2.67741  2.69355  4.24690  2.90347  2.73739  3.18146  2.89801  2.37887  2.77519  2.98518  4.58477  3.61503
          0.00386  5.95603  6.67838  0.61958  0.77255  0.48576  0.95510
    136   2.72605  5.79572  3.18061  2.08140  3.74548  4.03208  3.52082  2.87980  2.53246  2.54465  3.47300  3.39123  4.57407  2.82348  2.18110  2.73747  2.57853  2.59679  6.25414  4.15138    137 e - - -
          2.68618  4.42225  2.77519  2.73123  3.46354  2.40513  3.72494  3.29354  2.67741  2.69355  4.24690  2.90347  2.73739  3.18146  2.89801  2.37887  2.77519  2.98518  4.58477  3.61503
          0.00386  5.95603  6.67838  0.61958  0.77255  0.48576  0.95510
    137   4.02890  5.78828  6.78720  6.33428  4.30237  6.32578  7.11279  0.81205  6.30482  1.91218  4.56343  6.49833  6.48510  6.51564  6.45069  5.78223  4.87780  1.08924  7.29799  6.11738    138 i - - -
          2.68618  4.42225  2.77519  2.73123  3.46354  2.40513  3.72494  3.29354  2.67741  2.69355  4.24690  2.90347  2.73739  3.18146  2.89801  2.37887  2.77519  2.98518  4.58477  3.61503
          0.00386  5.95603  6.67838  0.61958  0.77255  0.48576  0.95510
    138   2.65154  5.88140  2.86910  1.37737  4.44049  3.29163  3.73790  3.15606  2.83075  3.59108  4.92366  3.38862  4.55469  2.69801  3.01688  2.64798  2.52703  2.53881  6.31776  4.10644    139 e - - -
          2.68618  4.42225  2.77519  2.73123  3.46354  2.40513  3.72494  3.29354  2.67741  2.69355  4.24690  2.90347  2.73739  3.18146  2.89801  2.37887  2.77519  2.98518  4.58477  3.61503
          0.00386  5.95603  6.67838  0.61958  0.77255  0.48576  0.95510
    139   2.99425  4.93175  6.30846  6.32247  6.57382  0.18923  6.71928  5.15285  6.16289  5.78941  6.50703  5.40248  5.32304  6.19029  6.07164  2.84981  4.05238  5.09115  7.91651  6.94511    140 G - - -
          2.68618  4.42225  2.77519  2.73123  3.46354  2.40513  3.72494  3.29354  2.67741  2.69355  4.24690  2.90347  2.73739  3.18146  2.89801  2.37887  2.77519  2.98518  4.58477  3.61503
          0.00386  5.95603  6.67838  0.61958  0.77255  0.48576  0.95510
    140   3.84133  5.60960  4.91575  4.39029  2.75626  4.94187  0.60714  4.12570  4.23468  3.59457  4.73081  3.60549  5.31025  4.29576  3.99892  3.97671  4.11297  3.92215  5.42445  1.90214    141 H - - -
          2.68618  4.42225  2.77519  2.73123  3.46354  2.40513  3.72494  3.29354  2.67741  2.69355  4.24690  2.90347  2.73739  3.18146  2.89801  2.37887  2.77519  2.98518  4.58477  3.61503
          0.00386  5.95603  6.67838  0.61958  0.77255  0.48576  0.95510
    141   1.87772  3.79075  4.46727  4.12947  4.23864  4.25744  4.32372  3.36338  4.05125  3.20191  4.23241  4.30308  4.91610  4.31398  4.32141  2.84310  0.73785  3.00107  5.72128  4.51457    142 t - - -
          2.68618  4.42225  2.77519  2.73123  3.46354  2.40513  3.72494  3.29354  2.67741  2.69355  4.24690  2.90347  2.73739  3.18146  2.89801  2.37887  2.77519  2.98518  4.58477  3.61503
          0.01807  5.95603  4.17849  0.61958  0.77255  0.48576  0.95510
    142   3.30963  4.94700  0.38601  3.34008  5.84915  4.08375  4.93960  5.34688  3.77000  4.85139  5.64561  3.79150  4.59781  4.08342  4.04268  2.51003  4.23093  4.88501  7.01028  5.56768    143 D - - -
          2.68618  4.42225  2.77519  2.73123  3.46354  2.40513  3.72494  3.29354  2.67741  2.69355  4.24690  2.90347  2.73739  3.18146  2.89801  2.37887  2.77519  2.98518  4.58477  3.61503
          0.01217  5.94187  4.66021  0.61958  0.77255  0.45482  1.00667
    143   2.09254  4.40383  2.61877  2.32502  5.23175  3.61929  4.09744  3.98304  2.82043  3.75325  4.60587  1.90810  3.32060  3.32812  3.00121  1.69065  3.04479  4.07553  6.32015  4.38625    144 s - - -
          2.68618  4.42225  2.77519  2.73123  3.46354  2.40513  3.72494  3.29354  2.67741  2.69355  4.24690  2.90347  2.73739  3.18146  2.89801  2.37887  2.77519  2.98518  4.58477  3.61503
          0.01650  5.94540  4.28704  0.61958  0.77255  0.56048  0.84614
    144   3.13803  5.77556  3.06949  2.51507  4.78671  3.86404  4.36015  2.88155  2.71590  3.01171  4.11344  3.43420  4.32729  2.72670  1.95222  2.50424  2.09292  2.10185  5.82027  4.32240    145 r - - -
          2.68618  4.42225  2.77519  2.73123  3.46354  2.40513  3.72494  3.29354  2.67741  2.69355  4.24690  2.90347  2.73739  3.18146  2.89801  2.37887  2.77519  2.98518  4.58477  3.61503
          0.01698  5.93284  4.25530  0.61958  0.77255  0.53103  0.88673
    145   2.74630  5.78666  3.45505  2.96332  4.89854  0.73691  4.25491  4.37615  2.99327  4.07524  4.83782  3.24591  3.63666  3.31518  3.45989  2.76211  3.49457  3.94306  5.28304  4.54109    146 g - - -
          2.68618  4.42225  2.77519  2.73123  3.46354  2.40513  3.72494  3.29354  2.67741  2.69355  4.24690  2.90347  2.73739  3.18146  2.89801  2.37887  2.77519  2.98518  4.58477  3.61503
          0.02163  5.92993  3.97698  0.61958  0.77255  0.46152  0.99513
    146   2.65212  5.88186  2.51934  2.57920  5.22814  3.41089  4.15314  4.59973  2.58164  3.97607  4.77913  2.48667  3.31163  2.87001  2.64062  1.63904  2.03410  3.98283  6.31383  4.57194    147 s - - -
          2.68618  4.42225  2.77519  2.73123  3.46354  2.40513  3.72494  3.29354  2.67741  2.69355  4.24690  2.90347  2.73739  3.18146  2.89801  2.37887  2.77519  2.98518  4.58477  3.61503
          0.00973  5.93126  4.95850  0.61958  0.77255  0.60911  0.78490
    147   2.05739  5.85560  2.20825  2.23117  2.79457  3.51536  4.14369  3.94407  2.72125  3.59070  4.37726  3.07983  2.85322  3.29124  2.46027  2.76589  3.07133  3.61754  5.41939  2.93356    148 a - - -
          2.68618  4.42225  2.77519  2.73123  3.46354  2.40513  3.72494  3.29354  2.67741  2.69355  4.24690  2.90347  2.73739  3.18146  2.89801  2.37887  2.77519  2.98518  4.58477  3.61503
          0.00396  5.92919  6.65153  0.61958  0.77255  0.44379  1.02610
    148   1.99827  5.89292  2.54524  1.77609  4.71084  3.57057  4.18959  4.10540  2.43554  3.34088  4.51429  3.00238  2.67200  2.77661  2.89297  2.63599  2.84555  3.99040  6.32517  3.69845    149 e - - -
          2.68618  4.42225  2.77519  2.73123  3.46354  2.40513  3.72494  3.29354  2.67741  2.69355  4.24690  2.90347  2.73739  3.18146  2.89801  2.37887  2.77519  2.98518  4.58477  3.61503
          0.00388  5.95011  6.67246  0.61958  0.77255  0.52812  0.89090
    149   2.70002  5.78561  2.64442  2.99621  3.51245  3.33339  3.44098  3.56639  2.87421  3.21885  4.51171  3.03881  4.11618  3.15936  3.37417  2.03436  2.90689  3.69086  6.24559  1.50383    150 y - - -
          2.68618  4.42225  2.77519  2.73123  3.46354  2.40513  3.72494  3.29354  2.67741  2.69355  4.24690  2.90347  2.73739  3.18146  2.89801  2.37887  2.77519  2.98518  4.58477  3.61503
          0.00388  5.95011  6.67246  0.61958  0.77255  0.49714  0.93718
    150   3.16902  5.80304  3.56931  3.02957  5.11964  3.86327  4.38579  4.47415  3.00213  3.76197  4.65887  0.56590  4.28876  3.38623  3.39929  3.17570  3.64264  3.96510  6.24843  4.88649    151 N - - -
          2.68618  4.42225  2.77519  2.73123  3.46354  2.40513  3.72494  3.29354  2.67741  2.69355  4.24690  2.90347  2.73739  3.18146  2.89801  2.37887  2.77519  2.98518  4.58477  3.61503
          0.00387  5.95276  6.67511  0.61958  0.77255  0.50939  0.91845
    151   3.12140  5.57598  3.10726  2.61785  4.10835  4.03183  4.07919  3.34018  2.72795  1.89049  3.17399  3.56098  4.61897  1.99129  2.82457  3.16721  3.32494  3.24314  2.12075  3.98943    152 l - - -
          2.68618  4.42225  2.77519  2.73123  3.46354  2.40513  3.72494  3.29354  2.67741  2.69355  4.24690  2.90347  2.73739  3.18146  2.89801  2.37887  2.77519  2.98518  4.58477  3.61503
          0.00387  5.95346  6.67581  0.61958  0.77255  0.50939  0.91845
    152   2.04066  5.89550  2.36170  1.98645  4.69530  3.22358  3.68216  4.04176  2.20999  3.59142  4.93592  3.07866  3.80229  2.64478  2.40080  2.89705  2.77501  3.32111  4.73836  4.91615    153 e - - -
          2.68618  4.42225  2.77519  2.73123  3.46354  2.40513  3.72494  3.29354  2.67741  2.69355  4.24690  2.90347  2.73739  3.18146  2.89801  2.37887  2.77519  2.98518  4.58477  3.61503
          0.00387  5.95346  6.67581  0.61958  0.77255  0.47127  0.97873
    153   5.06935  6.24581  7.06520  6.48047  4.37923  6.50365  6.79702  2.81824  6.33304  0.19192  3.88009  6.69723  6.45323  6.11802  5.19719  5.92074  4.32189  3.32774  6.67754  5.78001    154 L - - -
          2.68618  4.42225  2.77519  2.73123  3.46354  2.40513  3.72494  3.29354  2.67741  2.69355  4.24690  2.90347  2.73739  3.18146  2.89801  2.37887  2.77519  2.98518  4.58477  3.61503
          0.00385  5.95673  6.67907  0.61958  0.77255  0.48576  0.95510
    154   2.38707  5.66607  5.00334  5.72729  6.57469  2.19545  6.54987  6.10209  5.89344  5.77828  6.49908  5.27056  5.31778  5.94749  5.95467  0.31679  3.92198  5.11575  7.89923  6.87328    155 S - - -
          2.68618  4.42225  2.77519  2.73123  3.46354  2.40513  3.72494  3.29354  2.67741  2.69355  4.24690  2.90347  2.73739  3.18146  2.89801  2.37887  2.77519  2.98518  4.58477  3.61503
          0.00385  5.95830  6.68064  0.61958  0.77255  0.48576  0.95510
    155   2.30994  5.45130  2.90262  1.75534  4.76082  3.70431  4.06821  4.28300  2.39069  2.61435  3.90085  3.43801  4.54966  2.02668  2.73962  2.70940  2.78727  3.29165  5.69299  4.43717    156 e - - -
          2.68618  4.42225  2.77519  2.73123  3.46354  2.40513  3.72494  3.29354  2.67741  2.69355  4.24690  2.90347  2.73739  3.18146  2.89801  2.37887  2.77519  2.98518  4.58477  3.61503
          0.00385  5.95830  6.68064  0.61958  0.77255  0.48576  0.95510
    156   2.08654  5.89909  2.78458  2.36173  4.98824  3.58005  3.94424  4.73202  2.05571  3.43399  4.59080  2.86232  4.55272  2.30820  1.59411  2.98945  3.40231  3.92936  5.78159  4.91950    157 r - - -
          2.68618  4.42225  2.77519  2.73123  3.46354  2.40513  3.72494  3.29354  2.67741  2.69355  4.24690  2.90347  2.73739  3.18146  2.89801  2.37887  2.77519  2.98518  4.58477  3.61503
          0.00385  5.95830  6.68064  0.61958  0.77255  0.48576  0.95510
    157   4.63376  6.88106  5.57019  4.45550  6.71328  5.36015  5.15117  5.93842  3.19561  5.18851  6.13006  4.95678  5.73082  4.06614  0.14688  4.96227  5.08314  5.62922  7.05741  6.06782    158 R - - -
          2.68618  4.42225  2.77519  2.73123  3.46354  2.40513  3.72494  3.29354  2.67741  2.69355  4.24690  2.90347  2.73739  3.18146  2.89801  2.37887  2.77519  2.98518  4.58477  3.61503
          0.00385  5.95830  6.68064  0.61958  0.77255  0.48576  0.95510
    158   0.29003  4.60145  5.37326  4.89619  4.88954  3.91809  5.51836  3.95728  4.78870  3.98865  4.60929  4.37896  5.13499  5.00548  4.97412  3.11885  3.81392  3.35461  6.36631  4.91753    159 A - - -
          2.68618  4.42225  2.77519  2.73123  3.46354  2.40513  3.72494  3.29354  2.67741  2.69355  4.24690  2.90347  2.73739  3.18146  2.89801  2.37887  2.77519  2.98518  4.58477  3.61503
          0.00385  5.95830  6.68064  0.61958  0.77255  0.48576  0.95510
    159   2.49889  5.50338  2.55776  1.91167  4.52289  3.48443  4.17135  3.93201  2.10678  2.96811  4.31722  2.28314  4.55326  2.34464  2.77031  3.09369  2.66005  3.57876  5.80579  4.79299    160 e - - -
          2.68618  4.42225  2.77519  2.73123  3.46354  2.40513  3.72494  3.29354  2.67741  2.69355  4.24690  2.90347  2.73739  3.18146  2.89801  2.37887  2.77519  2.98518  4.58477  3.61503
          0.00385  5.95830  6.68064  0.61958  0.77255  0.48576  0.95510
    160   1.21802  5.60847  3.67068  2.93302  4.46680  4.02774  4.44031  3.92899  3.24023  3.64060  4.09734  2.92299  4.62636  3.35512  3.29995  1.54430  2.64900  3.17072  5.15074  4.44341    161 a - - -
          2.68618  4.42225  2.77519  2.73123  3.46354  2.40513  3.72494  3.29354  2.67741  2.69355  4.24690  2.90347  2.73739  3.18146  2.89801  2.37887  2.77519  2.98518  4.58477  3.61503
          0.00385  5.95830  6.68064  0.61958  0.77255  0.48576  0.95510
    161   2.48370  4.87977  5.75119  5.15812  3.76272  4.99733  5.37425  2.21590  4.96415  2.92670  3.95953  5.16062  5.34444  5.11114  4.98960  3.87310  3.11147  0.55191  5.85576  4.67287    162 V - - -
          2.68618  4.42225  2.77519  2.73123  3.46354  2.40513  3.72494  3.29354  2.67741  2.69355  4.24690  2.90347  2.73739  3.18146  2.89801  2.37887  2.77519  2.98518  4.58477  3.61503
          0.00385  5.95830  6.68064  0.61958  0.77255  0.48576  0.95510
    162   1.90556  5.37408  4.02243  3.15316  3.90835  3.53293  4.25122  3.38512  2.09805  2.85023  3.36637  3.87532  4.70979  3.25682  1.86357  3.02217  3.21940  2.10871  5.45138  3.32974    163 r - - -
          2.68618  4.42225  2.77519  2.73123  3.46354  2.40513  3.72494  3.29354  2.67741  2.69355  4.24690  2.90347  2.73739  3.18146  2.89801  2.37887  2.77519  2.98518  4.58477  3.61503
          0.00385  5.95830  6.68064  0.61958  0.77255  0.48576  0.95510
    163   2.33325  5.16677  2.12299  2.20387  5.24553  3.68966  3.62333  4.19483  2.33220  3.57681  4.39138  2.39873  4.55268  2.53983  2.08549  2.55596  3.05497  4.11253  6.33124  4.56268    164 r - - -
          2.68618  4.42225  2.77519  2.73123  3.46354  2.40513  3.72494  3.29354  2.67741  2.69355  4.24690  2.90347  2.73739  3.18146  2.89801  2.37887  2.77519  2.98518  4.58477  3.61503
          0.00385  5.95830  6.68064  0.61958  0.77255  0.48576  0.95510
    164   2.21726  4.72801  4.79910  3.08860  2.45268  4.41247  4.02612  2.53086  4.15728  2.59601  3.31308  4.70744  4.99556  3.82454  3.60920  3.58128  3.25934  2.41934  3.99273  1.31745    165 y - - -
          2.68618  4.42225  2.77519  2.73123  3.46354  2.40513  3.72494  3.29354  2.67741  2.69355  4.24690  2.90347  2.73739  3.18146  2.89801  2.37887  2.77519  2.98518  4.58477  3.61503
          0.00385  5.95830  6.68064  0.61958  0.77255  0.48576  0.95510
    165   4.00677  4.82791  6.14992  5.53673  2.71887  5.39205  5.70298  2.64937  5.33667  0.40320  2.91176  5.56380  5.65134  5.36089  5.30610  4.72195  4.39154  3.20198  5.05404  4.55838    166 L - - -
          2.68618  4.42225  2.77519  2.73123  3.46354  2.40513  3.72494  3.29354  2.67741  2.69355  4.24690  2.90347  2.73739  3.18146  2.89801  2.37887  2.77519  2.98518  4.58477  3.61503
          0.00385  5.95830  6.68064  0.61958  0.77255  0.48576  0.95510
    166   2.54744  5.28158  3.88223  2.81590  3.99633  3.91932  4.60441  1.89317  2.91135  2.57167  3.35940  3.69298  4.75098  2.90834  3.10795  2.87613  2.58878  1.65802  5.84588  4.26143    167 v - - -
          2.68618  4.42225  2.77519  2.73123  3.46354  2.40513  3.72494  3.29354  2.67741  2.69355  4.24690  2.90347  2.73739  3.18146  2.89801  2.37887  2.77519  2.98518  4.58477  3.61503
          0.01376  5.95830  4.50250  0.61958  0.77255  0.48576  0.95510
    167   2.09329  5.89258  2.69627  2.17257  4.83500  2.99553  3.96354  4.45126  2.32391  3.54623  4.30047  2.58676  4.54634  2.53498  2.73210  1.96566  2.88603  3.66101  6.32464  4.59101    168 s - - -
          2.68618  4.42225  2.77519  2.73123  3.46354  2.40513  3.72494  3.29354  2.67741  2.69355  4.24690  2.90347  2.73739  3.18146  2.89801  2.37887  2.77519  2.98518  4.58477  3.61503
          0.01000  5.94842  4.91439  0.61958  0.77255  0.55552  0.85279
    168   2.49857  5.52469  3.07080  2.56902  4.23819  3.38475  3.24220  4.49031  1.89744  2.62469  3.83820  2.54994  4.41706  2.20208  2.39192  2.66924  3.31803  3.98779  6.31867  3.49996    169 k - - -
          2.68618  4.42225  2.77519  2.73123  3.46354  2.40513  3.72494  3.29354  2.67741  2.69355  4.24690  2.90347  2.73739  3.18146  2.89801  2.37887  2.77519  2.98518  4.58477  3.61503
          0.01385  5.94233  4.49812  0.61958  0.77255  0.44173  1.02981
    169   3.02533  5.89337  3.03986  2.97219  5.22669  0.67154  4.03942  4.44341  2.86884  4.08097  4.93828  3.18133  4.57344  3.18894  3.43852  3.19313  3.48527  4.05745  6.33238  4.92706    170 G - - -
          2.68618  4.42225  2.77519  2.73123  3.46354  2.40513  3.72494  3.29354  2.67741  2.69355  4.24690  2.90347  2.73739  3.18146  2.89801  2.37887  2.77519  2.98518  4.58477  3.61503
          0.00538  5.94664  5.89589  0.61958  0.77255  0.43784  1.03685
    170   3.10533  4.58680  4.90191  4.84236  3.22517  4.43982  4.99021  1.29215  4.36521  2.18341  3.46785  4.64434  5.01969  4.57660  3.96563  3.73963  3.35916  1.17750  4.66343  3.98323    171 v - - -
          2.68618  4.42225  2.77519  2.73123  3.46354  2.40513  3.72494  3.29354  2.67741  2.69355  4.24690  2.90347  2.73739  3.18146  2.89801  2.37887  2.77519  2.98518  4.58477  3.61503
          0.00385  5.95683  6.67918  0.61958  0.77255  0.47913  0.96581
    171   2.12192  5.89892  2.01661  2.42914  5.03248  3.45262  4.11300  4.52517  2.54868  3.78610  4.71908  2.66710  2.00615  3.11755  3.19065  2.16370  3.05847  3.87483  6.33099  4.91941    172 p - - -
          2.68618  4.42225  2.77519  2.73123  3.46354  2.40513  3.72494  3.29354  2.67741  2.69355  4.24690  2.90347  2.73739  3.18146  2.89801  2.37887  2.77519  2.98518  4.58477  3.61503
          0.00712  5.95830  5.40099  0.61958  0.77255  0.48576  0.95510
    172   1.72807  5.89578  2.91496  2.29944  5.24141  3.10239  4.08679  4.14831  2.42792  3.90640  4.51441  3.20588  1.89283  2.95904  2.69691  2.48985  3.38320  3.77654  5.55397  4.72032    173 a - - -
          2.68618  4.42225  2.77519  2.73123  3.46354  2.40513  3.72494  3.29354  2.67741  2.69355  4.24690  2.90347  2.73739  3.18146  2.89801  2.37887  2.77519  2.98518  4.58477  3.61503
          0.00732  5.95503  5.36073  0.61958  0.77255  0.48810  0.95137
    173   2.48239  5.87574  2.02548  1.99907  4.68017  2.90603  3.87271  4.47480  2.56088  3.74313  4.76057  2.49556  4.16578  2.97629  2.93024  1.92836  2.95412  3.64996  6.29699  4.34749    174 s - - -
          2.68618  4.42225  2.77519  2.73123  3.46354  2.40513  3.72494  3.29354  2.67741  2.69355  4.24690  2.90347  2.73739  3.18146  2.89801  2.37887  2.77519  2.98518  4.58477  3.61503
          0.00993  5.95340  4.92237  0.61958  0.77255  0.48088  0.96296
    174   2.95831  5.25257  3.34414  3.00368  5.22608  3.91624  3.62741  4.45473  2.48999  3.34862  4.20566  2.96640  4.08558  2.28865  0.98031  2.99577  3.35363  3.98512  6.31902  4.48605    175 r - - -
          2.68618  4.42225  2.77519  2.73123  3.46354  2.40513  3.72494  3.29354  2.67741  2.69355  4.24690  2.90347  2.73739  3.18146  2.89801  2.37887  2.77519  2.98518  4.58477  3.61503
          0.00388  5.95082  6.67317  0.61958  0.77255  0.49545  0.93981
    175   3.46581  4.73669  5.19000  4.87527  2.64000  4.68543  5.01971  1.28382  4.65739  1.28195  2.53924  4.85262  5.04697  4.78411  4.42799  3.99775  3.60982  2.19253  5.08209  3.96854    176 l - - -
          2.68618  4.42225  2.77519  2.73123  3.46354  2.40513  3.72494  3.29354  2.67741  2.69355  4.24690  2.90347  2.73739  3.18146  2.89801  2.37887  2.77519  2.98518  4.58477  3.61503
          0.00788  5.95458  5.24781  0.61958  0.77255  0.48604  0.95465
    176   2.49892  5.87115  3.17035  2.03373  4.13970  3.99150  4.20189  3.68076  2.54543  3.53165  4.24640  3.37197  4.44052  2.58585  2.44250  2.15269  1.91575  2.91171  5.63391  4.14504    177 t - - -
          2.68618  4.42225  2.77519  2.73123  3.46354  2.40513  3.72494  3.29354  2.67741  2.69355  4.24690  2.90347  2.73739  3.18146  2.89801  2.37887  2.77519  2.98518  4.58477  3.61503
          0.00849  5.95284  5.14080  0.61958  0.77255  0.46201  0.99430
    177   1.51108  4.40833  5.35982  4.17372  3.55198  3.77290  4.97726  2.46689  4.09135  2.61987  3.53224  4.77984  3.93503  4.57236  4.36501  2.74221  1.96613  1.71405  4.70406  3.21178    178 a - - -
          2.68618  4.42225  2.77519  2.73123  3.46354  2.40513  3.72494  3.29354  2.67741  2.69355  4.24690  2.90347  2.73739  3.18146  2.89801  2.37887  2.77519  2.98518  4.58477  3.61503
          0.01594  5.95372  4.32613  0.61958  0.77255  0.46565  0.98812
    178   2.42227  5.39031  3.32459  2.22977  4.62282  3.83845  3.90999  2.63002  2.09709  3.56033  4.09832  3.21756  4.44061  2.57499  2.70458  2.66000  2.66092  2.06830  6.29408  4.72263    179 v - - -
          2.68618  4.42225  2.77519  2.73123  3.46354  2.40513  3.72494  3.29354  2.67741  2.69355  4.24690  2.90347  2.73739  3.18146  2.89801  2.37887  2.77519  2.98518  4.58477  3.61503
          0.01879  5.94632  4.13498  0.61958  0.77255  0.53707  0.87818
    179   2.54628  5.24924  3.95053  3.50274  4.03035  0.75095  4.40219  3.69917  3.55679  3.41871  4.34858  4.03324  4.45381  3.87512  3.94825  2.26997  3.37583  3.36352  4.62519  4.21232    180 g - - -
          2.68618  4.42225  2.77519  2.73123  3.46354  2.40513  3.72494  3.29354  2.67741  2.69355  4.24690  2.90347  2.73739  3.18146  2.89801  2.37887  2.77519  2.98518  4.58477  3.61503
          0.00395  5.93227  6.65462  0.61958  0.77255  0.60363  0.79148
    180   3.07763  4.78238  4.27465  3.75526  2.11479  3.99354  3.12628  3.27466  2.58055  2.43352  3.10569  4.08819  4.86911  3.74550  2.65423  3.56103  3.47574  2.70131  4.61421  1.49440    181 y - - -
          2.68618  4.42225  2.77519  2.73123  3.46354  2.40513  3.72494  3.29354  2.67741  2.69355  4.24690  2.90347  2.73739  3.18146  2.89801  2.37887  2.77519  2.98518  4.58477  3.61503
          0.00393  5.93601  6.65836  0.61958  0.77255  0.62320  0.76836
    181   2.13683  5.80197  4.34310  4.73093  6.47342  0.32054  6.09617  5.99539  4.82386  5.62902  6.39709  4.40951  4.93035  5.38876  5.64699  2.74742  4.37919  5.13461  7.77439  6.58692    182 G - - -
          2.68618  4.42225  2.77519  2.73123  3.46354  2.40513  3.72494  3.29354  2.67741  2.69355  4.24690  2.90347  2.73739  3.18146  2.89801  2.37887  2.77519  2.98518  4.58477  3.61503
          0.00393  5.93601  6.65836  0.61958  0.77255  0.62320  0.76836
    182   2.60514  5.85959  2.29103  1.15642  4.10841  3.29355  4.12129  4.12171  2.49780  3.79346  4.42514  3.21946  3.71023  3.18961  3.47902  2.31428  3.53331  3.66754  5.79071  4.45539    183 e - - -
          2.68618  4.42225  2.77519  2.73123  3.46354  2.40513  3.72494  3.29354  2.67741  2.69355  4.24690  2.90347  2.73739  3.18146  2.89801  2.37887  2.77519  2.98518  4.58477  3.61503
          0.01507  5.93601  4.39728  0.61958  0.77255  0.44247  1.02848
    183   2.59464  5.03612  2.67372  2.03368  3.65538  3.77154  3.90746  4.20906  2.63391  3.22632  4.90975  3.13103  4.53776  2.90461  2.62375  2.03605  2.04734  3.51179  6.27440  3.14038    184 e - - -
          2.68618  4.42225  2.77519  2.73123  3.46354  2.40513  3.72494  3.29354  2.67741  2.69355  4.24690  2.90347  2.73739  3.18146  2.89801  2.37887  2.77519  2.98518  4.58477  3.61503
          0.00391  5.94192  6.66427  0.61958  0.77255  0.58537  0.81396
    184   2.94128  5.42009  2.56750  2.25510  3.65143  3.65733  3.53276  3.99274  2.06295  3.67094  3.69131  3.03957  4.31756  2.07317  1.93327  2.84129  3.28827  3.55330  5.76594  3.68066    185 r - - -
          2.68618  4.42225  2.77519  2.73123  3.46354  2.40513  3.72494  3.29354  2.67741  2.69355  4.24690  2.90347  2.73739  3.18146  2.89801  2.37887  2.77519  2.98518  4.58477  3.61503
          0.02255  5.94192  3.92886  0.61958  0.77255  0.51236  0.91399
    185   2.98152  5.25972  4.19098  3.52031  4.41466  4.38741  4.50320  3.61671  3.45136  2.53483  4.35954  3.93626  0.63397  3.61884  3.74815  3.24893  3.62474  3.48416  5.82693  4.29372    186 P - - -
          2.68618  4.42225  2.77519  2.73123  3.46354  2.40513  3.72494  3.29354  2.67741  2.69355  4.24690  2.90347  2.73739  3.18146  2.89801  2.37887  2.77519  2.98518  4.58477  3.61503
          0.05130  5.92990  3.05033  0.61958  0.77255  0.42750  1.05594
    186   2.47746  4.84995  4.65383  3.98967  3.58788  4.44675  4.91721  1.64622  3.12751  1.66817  3.52082  4.40857  4.69214  4.46225  3.41140  3.90227  3.41270  1.46173  5.46173  3.74561    187 v - - -
          2.68618  4.42225  2.77519  2.73123  3.46354  2.40513  3.72494  3.29354  2.67741  2.69355  4.24690  2.90347  2.73739  3.18146  2.89801  2.37887  2.77519  2.98518  4.58477  3.61503
          0.00405  5.90618  6.62852  0.61958  0.77255  0.79227  0.60297
    187   1.31679  4.28336  2.68980  2.67502  3.72978  3.26578  4.11134  3.45508  2.91367  3.86291  4.66935  2.79367  4.11685  3.27244  3.32183  2.72944  3.06099  2.31143  6.18646  3.82377    188 a - - -
          2.68618  4.42225  2.77519  2.73123  3.46354  2.40513  3.72494  3.29354  2.67741  2.69355  4.24690  2.90347  2.73739  3.18146  2.89801  2.37887  2.77519  2.98518  4.58477  3.61503
          0.04703  5.90618  3.14144  0.61958  0.77255  0.56620  0.83859
    188   2.76846  4.74710  2.03398  2.52069  4.40152  3.40686  3.95732  4.20591  2.49198  3.50036  4.61325  2.84983  2.23046  2.92129  3.17635  1.89054  2.77074  3.71101  6.28241  4.25400    189 s - - -
          2.68618  4.42225  2.77519  2.73123  3.46354  2.40513  3.72494  3.29354  2.67741  2.69355  4.24690  2.90347  2.73739  3.18146  2.89801  2.37887  2.77519  2.98518  4.58477  3.61503
          0.03595  5.88645  3.42547  0.61958  0.77255  0.59667  0.79993
    189   3.07957  4.10381  2.86550  2.48390  4.92460  2.60103  4.13893  4.52090  2.88276  4.00441  4.88446  1.02105  4.22184  3.04005  3.32797  2.99943  2.71449  3.91983  5.66370  4.69695    190 n - - -
          2.68618  4.42225  2.77519  2.73123  3.46354  2.40513  3.72494  3.29354  2.67741  2.69355  4.24690  2.90347  2.73739  3.18146  2.89801  2.37887  2.77519  2.98518  4.58477  3.61503
          0.04047  5.88566  3.30001  0.61958  0.77255  0.58183  0.81843
    190   2.15484  3.54738  1.76905  2.41292  4.98873  3.33628  3.47784  4.32666  2.40692  3.83245  4.47522  2.48610  4.07492  3.04944  2.93832  2.35015  2.88822  3.94109  5.42642  4.58532    191 d - - -
          2.68618  4.42225  2.77519  2.73123  3.46354  2.40513  3.72494  3.29354  2.67741  2.69355  4.24690  2.90347  2.73739  3.18146  2.89801  2.37887  2.77519  2.98518  4.58477  3.61503
          0.00926  5.88279  5.04606  0.61958  0.77255  0.86737  0.54482
    191   2.93556  5.20646  2.46994  2.90811  4.58301  3.17622  4.11892  4.39755  2.92296  3.74165  4.85581  2.64336  3.07440  3.20460  3.33599  2.00224  1.28234  3.99409  6.19695  4.59839    192 t - - -
          2.68618  4.42225  2.77519  2.73123  3.46354  2.40513  3.72494  3.29354  2.67741  2.69355  4.24690  2.90347  2.73739  3.18146  2.89801  2.37887  2.77519  2.98518  4.58477  3.61503
          0.00416  5.88112  6.60346  0.61958  0.77255  0.81671  0.58319
    192   2.16250  5.78581  2.48834  1.45787  4.58693  3.41084  4.19261  4.17529  2.51050  3.37919  4.51709  3.05083  2.51580  3.05725  2.99584  2.95654  3.14350  3.45329  6.18430  4.40212    193 e - - -
          2.68618  4.42225  2.77519  2.73123  3.46354  2.40513  3.72494  3.29354  2.67741  2.69355  4.24690  2.90347  2.73739  3.18146  2.89801  2.37887  2.77519  2.98518  4.58477  3.61503
          0.00412  5.89011  6.61245  0.61958  0.77255  0.87097  0.54222
    193   2.03460  5.80474  2.61409  1.32348  5.17195  3.58176  4.12582  4.00795  2.51503  3.59869  4.29366  3.22529  4.09071  2.75396  3.14832  2.53960  3.10305  3.40698  5.29844  4.41499    194 e - - -
          2.68618  4.42225  2.77519  2.73123  3.46354  2.40513  3.72494  3.29354  2.67741  2.69355  4.24690  2.90347  2.73739  3.18146  2.89801  2.37887  2.77519  2.98518  4.58477  3.61503
          0.10515  5.89011  2.33255  0.61958  0.77255  0.59012  0.80802
    194   2.22321  3.73146  2.82956  2.40356  5.15109  1.25768  4.05008  4.63622  2.73046  4.02486  4.54466  2.62119  4.17265  3.08075  3.24006  2.65169  3.36857  4.12971  6.24061  4.48939    195 g - - -
          2.68618  4.42225  2.77519  2.73123  3.46354  2.40513  3.72494  3.29354  2.67741  2.69355  4.24690  2.90347  2.73739  3.18146  2.89801  2.37887  2.77519  2.98518  4.58477  3.61503
          0.02079  5.82113  4.03905  0.61958  0.77255  0.88681  0.53098
    195   3.06558  5.44391  3.24587  2.66970  4.59501  3.90266  2.97508  4.61928  2.21870  3.73684  4.50749  3.15115  4.47721  3.04331  1.06128  3.16915  3.45448  4.08672  3.13398  3.72122    196 r - - -
          2.68618  4.42225  2.77519  2.73123  3.46354  2.40513  3.72494  3.29354  2.67741  2.69355  4.24690  2.90347  2.73739  3.18146  2.89801  2.37887  2.77519  2.98518  4.58477  3.61503
          0.02166  5.83280  3.99013  0.61958  0.77255  0.31978  1.29575
    196   1.23469  5.86803  3.25463  2.51986  4.62865  3.73941  4.14333  4.52556  2.78945  3.51043  4.39098  3.32347  2.95721  2.22980  2.60052  2.57775  3.15465  4.00375  4.98151  4.63231    197 a - - -
          2.68618  4.42225  2.77519  2.73123  3.46354  2.40513  3.72494  3.29354  2.67741  2.69355  4.24690  2.90347  2.73739  3.18146  2.89801  2.37887  2.77519  2.98518  4.58477  3.61503
          0.00398  5.92403  6.64638  0.61958  0.77255  0.67031  0.71652
    197   2.36536  5.16923  3.46380  2.50081  4.20236  4.17307  4.24025  3.37938  1.91361  2.30573  3.46452  3.44431  3.96604  2.00733  2.28218  3.08783  3.41017  3.52404  4.21564  3.93507    198 k - - -
          2.68618  4.42225  2.77519  2.73123  3.46354  2.40513  3.72494  3.29354  2.67741  2.69355  4.24690  2.90347  2.73739  3.18146  2.89801  2.37887  2.77519  2.98518  4.58477  3.61503
          0.00774  5.92621  5.29092  0.61958  0.77255  0.40011  1.10941
    198   3.47886  6.76512  2.83258  3.27803  6.07588  4.01960  4.99823  5.60135  3.96065  5.06865  5.88215  0.35594  5.10102  3.81021  4.18781  3.12293  4.43355  5.15034  7.21500  5.07553    199 N - - -
          2.68618  4.42225  2.77519  2.73123  3.46354  2.40513  3.72494  3.29354  2.67741  2.69355  4.24690  2.90347  2.73739  3.18146  2.89801  2.37887  2.77519  2.98518  4.58477  3.61503
          0.00643  5.95038  5.57134  0.61958  0.77255  0.46013  0.99751
    199   4.23156  5.42117  4.80219  4.31500  5.79913  4.90777  5.00634  5.12500  3.27031  4.63243  4.50432  4.39284  5.34074  3.90448  0.24066  3.78030  4.20551  4.45999  6.72732  5.59551    200 R - - -
          2.68618  4.42225  2.77519  2.73123  3.46354  2.40513  3.72494  3.29354  2.67741  2.69355  4.24690  2.90347  2.73739  3.18146  2.89801  2.37887  2.77519  2.98518  4.58477  3.61503
          0.00386  5.95377  6.67612  0.61958  0.77255  0.47445  0.97346
    200   3.63125  4.91806  4.23275  3.51045  4.83197  4.33308  4.35406  4.25697  3.05818  3.90590  4.84026  4.01726  4.89369  3.68204  0.42729  3.50257  3.69691  3.44584  6.22622  4.96557    201 R - - -
          2.68618  4.42225  2.77519  2.73123  3.46354  2.40513  3.72494  3.29354  2.67741  2.69355  4.24690  2.90347  2.73739  3.18146  2.89801  2.37887  2.77519  2.98518  4.58477  3.61503
          0.00385  5.95630  6.67864  0.61958  0.77255  0.48576  0.95510
    201   2.39799  4.34626  5.51462  4.90590  3.89259  4.46395  5.08687  2.17349  4.69909  2.93944  3.86855  4.90074  5.10347  4.83691  4.71696  3.21961  2.60410  0.71404  5.58356  4.40572    202 v - - -
          2.68618  4.42225  2.77519  2.73123  3.46354  2.40513  3.72494  3.29354  2.67741  2.69355  4.24690  2.90347  2.73739  3.18146  2.89801  2.37887  2.77519  2.98518  4.58477  3.61503
          0.00385  5.95630  6.67864  0.61958  0.77255  0.48576  0.95510
    202   2.94130  5.86802  2.59851  0.99903  5.00810  4.00562  3.91685  3.38657  2.98097  3.88825  4.32719  3.23214  4.55780  3.08180  3.41790  2.92126  2.58434  2.71780  6.30796  4.34828    203 e - - -
          2.68618  4.42225  2.77519  2.73123  3.46354  2.40513  3.72494  3.29354  2.67741  2.69355  4.24690  2.90347  2.73739  3.18146  2.89801  2.37887  2.77519  2.98518  4.58477  3.61503
          0.00385  5.95630  6.67864  0.61958  0.77255  0.48576  0.95510
    203   3.11632  4.00911  5.47727  4.86125  1.92565  4.48816  5.00584  1.24752  4.64322  1.91570  3.57770  4.83799  4.65772  4.77194  4.64663  3.87519  3.18227  1.77173  5.49531  4.01668    204 i - - -
          2.68618  4.42225  2.77519  2.73123  3.46354  2.40513  3.72494  3.29354  2.67741  2.69355  4.24690  2.90347  2.73739  3.18146  2.89801  2.37887  2.77519  2.98518  4.58477  3.61503
          0.01681  5.95630  4.26306  0.61958  0.77255  0.48576  0.95510
    204   2.92590  5.57798  3.34967  2.63697  3.97577  4.06495  4.35253  2.23505  2.40245  2.81948  4.24021  3.38053  4.35331  2.91136  2.44786  2.88506  2.29125  1.97092  4.82921  3.75009    205 v - - -
          2.68618  4.42225  2.77519  2.73123  3.46354  2.40513  3.72494  3.29354  2.67741  2.69355  4.24690  2.90347  2.73739  3.18146  2.89801  2.37887  2.77519  2.98518  4.58477  3.61503
          0.00390  5.94339  6.66574  0.61958  0.77255  0.57567  0.82628
    205   2.92223  4.70168  5.45911  4.84300  2.65905  4.65528  4.98937  1.42316  4.23610  1.71606  3.41141  4.32086  4.36763  4.75462  3.75118  3.85030  3.62284  1.54877  4.84005  3.12405    206 i - - -
          2.68618  4.42225  2.77519  2.73123  3.46354  2.40513  3.72494  3.29354  2.67741  2.69355  4.24690  2.90347  2.73739  3.18146  2.89801  2.37887  2.77519  2.98518  4.58477  3.61503
          0.24569  5.94339  1.53614  0.61958  0.77255  0.57567  0.82628
    206   2.84644  5.06887  3.83112  2.90986  3.31631  4.11239  3.89749  2.20136  2.97064  1.91307  3.43522  3.41603  3.93084  3.24951  2.93646  2.71123  2.30315  2.21238  5.64020  3.85994    207 l - - -
          2.68618  4.42225  2.77519  2.73123  3.46354  2.40513  3.72494  3.29354  2.67741  2.69355  4.24690  2.90347  2.73739  3.18146  2.89801  2.37887  2.77519  2.98518  4.58477  3.61503
          0.03508  5.70065  3.46970  0.61958  0.77255  1.42329  0.27565
    207   2.35753  5.72244  2.81498  2.45118  4.52388  2.87663  4.17210  3.96762  2.19511  3.81603  4.47791  2.88950  2.34238  2.83289  2.41072  2.44997  2.53191  3.56818  6.15501  4.31837    208 k - - -
          2.68618  4.42225  2.77519  2.73123  3.46354  2.40513  3.72494  3.29354  2.67741  2.69355  4.24690  2.90347  2.73739  3.18146  2.89801  2.37887  2.77519  2.98518  4.58477  3.61503
          0.08421  5.67462  2.55964  0.61958  0.77255  1.51166  0.24916
    208   2.67521  5.08477  2.75201  2.21967  4.66435  3.02970  4.05398  3.50910  2.19371  3.19135  4.34034  2.57026  3.03484  2.41502  2.74869  2.51358  2.65433  3.43255  5.55537  4.11542    209 k - - -
          2.68618  4.42225  2.77519  2.73123  3.46354  2.40513  3.72494  3.29354  2.67741  2.69355  4.24690  2.90347  2.73739  3.18146  2.89801  2.37887  2.77519  2.98518  4.58477  3.61503
          0.18142  5.59354  1.81896  0.61958  0.77255  1.60392  0.22453
    209   2.24990  5.58257  2.63913  2.28611  4.34173  3.03506  3.70883  4.09275  2.28024  2.69878  4.04896  2.80097  3.52285  2.52986  2.66375  2.52996  2.67118  3.77632  6.01585  4.22217    210 a - - -
          2.68618  4.42225  2.77519  2.73123  3.46354  2.40513  3.72494  3.29354  2.67741  2.69355  4.24690  2.90347  2.73739  3.18146  2.89801  2.37887  2.77519  2.98518  4.58477  3.61503
          0.00442  5.42357        *  0.61958  0.77255  0.00000        *
//
