HMMER3/f [3.2.1 | June 2018]
NAME  ZORYA_ZorE
LENG  101
ALPH  amino
RF    no
MM    no
CONS  yes
CS    no
MAP   yes
DATE  Fri Jun 18 18:44:37 2021
NSEQ  500
EFFN  9.197235
CKSUM 2079350598
STATS LOCAL MSV       -9.8775  0.71731
STATS LOCAL VITERBI  -10.6281  0.71731
STATS LOCAL FORWARD   -4.0827  0.71731
HMM          A        C        D        E        F        G        H        I        K        L        M        N        P        Q        R        S        T        V        W        Y   
            m->m     m->i     m->d     i->m     i->i     d->m     d->d
  COMPO   2.55046  3.24059  2.88228  2.65870  3.80811  3.03536  3.02318  3.07255  2.60499  2.62673  3.95010  2.96224  3.09683  3.02742  2.66024  2.76832  2.83416  2.88435  4.54192  3.78304
          2.68647  4.42263  2.77558  2.73161  3.46363  2.40551  3.72533  3.29191  2.67779  2.69099  4.24528  2.90380  2.73778  3.18184  2.89830  2.37925  2.77550  2.98457  4.58515  3.61532
          0.98419  0.94070  1.44433  0.03292  3.43003  0.00000        *
      1   2.66655  4.86629  4.09773  3.58504  3.99100  4.06403  4.50773  2.89942  3.47691  2.78059  3.47597  3.95471  0.84737  3.81712  3.52428  3.27305  3.35302  2.91588  5.07320  3.89079      2 p - - -
          2.68529  4.42262  2.77513  2.73090  3.46391  2.40546  3.72494  3.29376  2.67746  2.69383  4.24688  2.90378  2.73777  3.18168  2.89634  2.37910  2.77524  2.98546  4.58513  3.61528
          1.22295  0.69245  1.58332  0.03352  3.41222  1.33625  0.30494
      2   2.33836  4.42082  3.92845  3.13206  3.54445  3.67553  4.02178  2.21594  3.15617  1.67477  3.04440  3.86214  4.30980  3.51482  2.68874  3.36420  2.74087  2.26635  4.97771  3.59112      4 l - - -
          2.68618  4.42225  2.77519  2.73123  3.46354  2.40513  3.72494  3.29354  2.67741  2.69355  4.24690  2.90347  2.73739  3.18146  2.89801  2.37887  2.77519  2.98518  4.58477  3.61503
          0.09210  5.39176  2.48370  0.61958  0.77255  1.72424  0.19639
      3   2.67567  4.26067  5.02552  4.41118  3.24802  4.24363  4.40094  1.48094  4.19915  1.80533  3.18633  4.40151  4.60741  4.13604  4.02382  3.39693  2.72816  1.65806  5.07434  3.41175      5 i - - -
          2.68618  4.42225  2.77519  2.73123  3.46354  2.40513  3.72494  3.29354  2.67741  2.69355  4.24690  2.90347  2.73739  3.18146  2.89801  2.37887  2.77519  2.98518  4.58477  3.61503
          0.06476  5.31248  2.85119  0.61958  0.77255  1.71500  0.19841
      4   2.33810  3.95107  3.16811  2.56958  3.41131  3.17306  3.84897  2.96570  2.70382  2.81914  3.44417  2.88777  3.99762  2.64638  2.53345  2.66543  2.82833  2.65815  4.64964  3.62340      6 a - - -
          2.68618  4.42225  2.77519  2.73123  3.46354  2.40513  3.72494  3.29354  2.67741  2.69355  4.24690  2.90347  2.73739  3.18146  2.89801  2.37887  2.77519  2.98518  4.58477  3.61503
          0.00761  5.27832  6.00067  0.61958  0.77255  1.75787  0.18924
      5   2.62582  4.94684  2.67345  2.23504  4.86068  3.51210  3.53321  3.98651  2.05509  3.14229  3.81526  3.10951  3.74187  2.41793  2.06059  2.40789  3.04619  3.90698  5.22477  4.01648      7 k - - -
          2.68618  4.42225  2.77519  2.73123  3.46354  2.40513  3.72494  3.29354  2.67741  2.69355  4.24690  2.90347  2.73739  3.18146  2.89801  2.37887  2.77519  2.98518  4.58477  3.61503
          0.01345  5.29878  4.78414  0.61958  0.77255  1.19324  0.36131
      6   2.32991  3.92744  2.57657  2.14047  3.61868  2.56627  3.66258  3.83500  2.38505  3.38229  3.95606  2.88917  3.88577  2.89342  2.54829  2.71785  2.77805  3.29109  5.50150  4.26571      8 e - - -
          2.68627  4.42253  2.77407  2.73010  3.46375  2.40520  3.72505  3.29377  2.67755  2.69383  4.24704  2.90359  2.73765  3.18150  2.89826  2.37888  2.77548  2.98538  4.58505  3.61531
          0.80665  0.80434  2.24178  0.04369  3.15230  1.06585  0.42226
      7   2.75643  5.16526  2.66299  1.84011  4.94807  3.73579  2.47999  4.08907  2.48098  3.74290  4.47117  3.02163  3.95429  1.68646  2.92490  2.74747  3.17909  3.70542  6.03485  4.37688     10 q - - -
          2.68618  4.42225  2.77519  2.73123  3.46354  2.40513  3.72494  3.29354  2.67741  2.69355  4.24690  2.90347  2.73739  3.18146  2.89801  2.37887  2.77519  2.98518  4.58477  3.61503
          0.28465  5.45706  1.41282  0.61958  0.77255  1.19689  0.35973
      8   2.44815  4.84045  2.90756  2.50689  4.25916  3.36014  3.71943  3.36321  2.48573  2.66494  3.86476  3.10524  2.23545  2.95959  2.62032  2.90628  2.78481  2.73500  4.50599  3.95246     11 p - - -
          2.68618  4.42225  2.77519  2.73123  3.46354  2.40513  3.72494  3.29354  2.67741  2.69355  4.24690  2.90347  2.73739  3.18146  2.89801  2.37887  2.77519  2.98518  4.58477  3.61503
          0.01880  5.28674  4.29994  0.61958  0.77255  1.75530  0.18978
      9   3.03323  4.01194  4.08665  4.35867  3.47075  3.95134  4.55794  1.51745  4.01572  1.82077  3.30588  4.22174  4.19839  4.16138  4.18506  3.45571  2.71710  1.53836  4.70692  3.66585     12 i - - -
          2.68618  4.42225  2.77519  2.73123  3.46354  2.40513  3.72494  3.29354  2.67741  2.69355  4.24690  2.90347  2.73739  3.18146  2.89801  2.37887  2.77519  2.98518  4.58477  3.61503
          0.04612  5.29511  3.21756  0.61958  0.77255  1.11776  0.39602
     10   2.58245  4.92122  2.58365  2.54212  3.86994  3.11783  3.30154  4.22541  2.31714  3.62670  4.20482  3.10374  2.36754  2.87520  2.44065  2.32249  2.69858  3.28646  6.01060  3.96259     13 k - - -
          2.68618  4.42225  2.77519  2.73123  3.46354  2.40513  3.72494  3.29354  2.67741  2.69355  4.24690  2.90347  2.73739  3.18146  2.89801  2.37887  2.77519  2.98518  4.58477  3.61503
          0.00924  5.42713  5.33780  0.61958  0.77255  1.62117  0.22023
     11   2.04691  4.54777  3.14296  2.69905  3.62964  3.06012  3.72622  2.98246  2.75945  2.67541  3.13184  3.21969  2.74961  3.19023  3.09046  2.22355  2.75313  3.32270  5.10558  3.85305     14 a - - -
          2.68618  4.42225  2.77519  2.73123  3.46354  2.40513  3.72494  3.29354  2.67741  2.69355  4.24690  2.90347  2.73739  3.18146  2.89801  2.37887  2.77519  2.98518  4.58477  3.61503
          0.01006  5.43834  5.17407  0.61958  0.77255  1.57200  0.23273
     12   2.22438  5.58513  2.51172  2.22627  3.96817  3.13102  3.90024  3.63749  2.33008  3.38169  4.22546  3.13821  3.12298  2.82168  2.77915  2.25707  2.64855  3.17729  5.49299  4.28213     15 a - - -
          2.68618  4.42225  2.77519  2.73123  3.46354  2.40513  3.72494  3.29354  2.67741  2.69355  4.24690  2.90347  2.73739  3.18146  2.89801  2.37887  2.77519  2.98518  4.58477  3.61503
          0.00874  5.45392  5.42134  0.61958  0.77255  1.49553  0.25377
     13   2.53705  5.59268  2.66334  2.31961  4.20368  3.58293  3.91831  3.50011  2.12640  2.96340  3.60367  2.64089  4.03954  2.59860  2.52475  2.63514  2.45695  3.45884  4.79451  4.03372     16 k - - -
          2.68618  4.42225  2.77519  2.73123  3.46354  2.40513  3.72494  3.29354  2.67741  2.69355  4.24690  2.90347  2.73739  3.18146  2.89801  2.37887  2.77519  2.98518  4.58477  3.61503
          0.00622  5.47927  6.20162  0.61958  0.77255  1.58253  0.22998
     14   1.91846  4.44123  3.30063  2.85938  3.52518  3.55112  3.76579  2.85861  2.45839  2.28589  3.48098  3.38937  4.21623  2.99773  2.91118  2.91050  2.64900  2.66619  4.64686  3.39692     17 a - - -
          2.68618  4.42225  2.77519  2.73123  3.46354  2.40513  3.72494  3.29354  2.67741  2.69355  4.24690  2.90347  2.73739  3.18146  2.89801  2.37887  2.77519  2.98518  4.58477  3.61503
          0.01251  5.48787  4.79263  0.61958  0.77255  1.60395  0.22452
     15   2.48791  5.28964  2.59073  2.35542  4.30344  3.80617  3.80770  3.44542  2.07806  3.36652  4.20974  2.67896  3.51193  2.85237  2.03868  2.59535  2.88879  3.19216  5.50842  4.14174     18 r - - -
          2.68618  4.42225  2.77519  2.73123  3.46354  2.40513  3.72494  3.29354  2.67741  2.69355  4.24690  2.90347  2.73739  3.18146  2.89801  2.37887  2.77519  2.98518  4.58477  3.61503
          0.04019  5.48541  3.34542  0.61958  0.77255  1.13193  0.38921
     16   2.80766  4.19375  5.16675  4.08401  3.09167  4.38320  4.26503  1.86900  3.97355  1.30934  2.43511  4.54166  4.37501  3.95075  3.95492  3.64332  2.93788  2.13560  4.76700  3.44448     19 l - - -
          2.68618  4.42225  2.77519  2.73123  3.46354  2.40513  3.72494  3.29354  2.67741  2.69355  4.24690  2.90347  2.73739  3.18146  2.89801  2.37887  2.77519  2.98518  4.58477  3.61503
          0.02305  5.54502  3.96990  0.61958  0.77255  1.49537  0.25382
     17   1.78745  5.03500  3.31439  2.43055  4.19350  3.42023  3.82226  3.51899  2.26013  3.09916  4.18647  3.38261  3.09177  2.75752  2.90261  2.53043  2.61348  2.73112  5.26300  4.08081     20 a - - -
          2.68618  4.42225  2.77519  2.73123  3.46354  2.40513  3.72494  3.29354  2.67741  2.69355  4.24690  2.90347  2.73739  3.18146  2.89801  2.37887  2.77519  2.98518  4.58477  3.61503
          0.23849  5.53550  1.56906  0.61958  0.77255  1.53018  0.24398
     18   2.05725  2.93272  3.04058  2.34306  3.94027  3.24495  3.88607  3.31230  2.60533  2.87194  4.16972  2.75424  3.39885  2.89548  2.70427  2.58057  2.83920  3.15136  5.84482  4.22311     21 a - - -
          2.68618  4.42225  2.77519  2.73123  3.46354  2.40513  3.72494  3.29354  2.67741  2.69355  4.24690  2.90347  2.73739  3.18146  2.89801  2.37887  2.77519  2.98518  4.58477  3.61503
          0.08972  5.31072  2.51488  0.61958  0.77255  1.50598  0.25077
     19   2.73962  5.06639  2.01670  2.27354  3.99147  3.23773  3.02718  3.67309  2.40798  3.36062  4.38827  2.73791  2.62936  2.81608  2.87852  2.61135  2.87794  3.74253  5.94926  4.16862     22 d - - -
          2.68500  4.42210  2.77544  2.73100  3.46391  2.40512  3.72532  3.29380  2.67759  2.69381  4.24705  2.90377  2.73741  3.18164  2.89807  2.37855  2.77525  2.98551  4.58492  3.61497
          1.20982  0.39310  3.61971  0.03372  3.40633  1.31882  0.31123
     20   2.29515  4.90835  2.92042  2.26837  4.72493  3.25559  3.91019  3.62216  2.19810  3.55798  3.99968  2.69161  3.96232  2.56022  2.30545  2.34933  2.74515  3.14655  5.99294  4.30557     24 k - - -
          2.68618  4.42225  2.77519  2.73123  3.46354  2.40513  3.72494  3.29354  2.67741  2.69355  4.24690  2.90347  2.73739  3.18146  2.89801  2.37887  2.77519  2.98518  4.58477  3.61503
          0.08937  5.38748  2.51426  0.61958  0.77255  1.77115  0.18650
     21   2.40341  4.55930  3.43533  2.89109  3.76267  3.02767  3.95709  2.50172  3.08154  1.92624  3.74989  3.54865  2.49073  3.58009  3.25387  2.82152  2.99305  2.32833  4.68845  3.53507     25 l - - -
          2.68618  4.42225  2.77519  2.73123  3.46354  2.40513  3.72494  3.29354  2.67741  2.69355  4.24690  2.90347  2.73739  3.18146  2.89801  2.37887  2.77519  2.98518  4.58477  3.61503
          0.01081  5.30551  5.15253  0.61958  0.77255  1.81707  0.17734
     22   2.40887  4.31153  3.56272  3.04262  3.88846  3.84569  3.93145  2.47066  2.56976  1.67142  3.67481  3.52762  4.38059  3.23594  2.97521  2.75615  2.69993  2.33911  5.40110  3.87304     26 l - - -
          2.68618  4.42225  2.77519  2.73123  3.46354  2.40513  3.72494  3.29354  2.67741  2.69355  4.24690  2.90347  2.73739  3.18146  2.89801  2.37887  2.77519  2.98518  4.58477  3.61503
          0.03034  5.30880  3.69157  0.61958  0.77255  1.83010  0.17483
     23   2.49056  5.12703  2.34984  2.12592  4.27216  3.23942  3.34300  3.73802  2.34855  3.26556  4.27100  2.87441  3.41619  2.70754  2.71813  2.50773  2.96070  3.12807  5.01904  3.47573     27 e - - -
          2.68618  4.42225  2.77519  2.73123  3.46354  2.40513  3.72494  3.29354  2.67741  2.69355  4.24690  2.90347  2.73739  3.18146  2.89801  2.37887  2.77519  2.98518  4.58477  3.61503
          0.09779  5.29005  2.42905  0.61958  0.77255  0.97495  0.47355
     24   2.49616  4.61457  3.99208  3.64031  2.78745  3.32757  3.89322  2.47866  3.53454  2.03305  3.12125  3.63866  4.45258  3.97936  3.34857  3.25877  2.76306  2.33175  4.15684  1.89048     28 y - - -
          2.68618  4.42225  2.77519  2.73123  3.46354  2.40513  3.72494  3.29354  2.67741  2.69355  4.24690  2.90347  2.73739  3.18146  2.89801  2.37887  2.77519  2.98518  4.58477  3.61503
          0.00652  5.43122  6.15357  0.61958  0.77255  1.49333  0.25441
     25   2.83933  5.13911  2.85101  2.13228  4.93269  2.18686  3.83165  3.42607  2.25449  3.15641  4.63540  3.04939  3.46387  2.74450  2.69006  2.63708  2.96876  2.65764  6.02934  3.81051     29 e - - -
          2.68618  4.42225  2.77519  2.73123  3.46354  2.40513  3.72494  3.29354  2.67741  2.69355  4.24690  2.90347  2.73739  3.18146  2.89801  2.37887  2.77519  2.98518  4.58477  3.61503
          0.00630  5.46638  6.18872  0.61958  0.77255  0.89651  0.52423
     26   2.86276  5.68985  3.08968  2.32978  5.03581  3.73135  3.35955  4.52239  2.15137  3.88933  4.45611  2.76193  3.38821  2.82498  1.41679  2.65899  2.85529  3.56334  6.12200  4.17509     30 r - - -
          2.68618  4.42225  2.77519  2.73123  3.46354  2.40513  3.72494  3.29354  2.67741  2.69355  4.24690  2.90347  2.73739  3.18146  2.89801  2.37887  2.77519  2.98518  4.58477  3.61503
          0.02564  5.61512  3.83173  0.61958  0.77255  1.16277  0.37487
     27   2.49537  5.38649  2.48176  2.31651  4.13797  3.15924  3.77301  3.80344  2.44198  3.38973  4.22378  2.61625  3.04619  2.85193  2.83897  2.46013  2.30286  3.01932  4.77732  4.40457     31 t - - -
          2.68618  4.42225  2.77519  2.73123  3.46354  2.40513  3.72494  3.29354  2.67741  2.69355  4.24690  2.90347  2.73739  3.18146  2.89801  2.37887  2.77519  2.98518  4.58477  3.61503
          0.12699  5.63023  2.15704  0.61958  0.77255  1.02516  0.44432
     28   2.45484  5.64641  3.11409  2.53078  4.98549  3.16946  3.50784  3.36238  2.12751  3.25864  3.79055  3.08418  2.99225  2.76266  2.17164  2.45954  2.56896  3.63151  4.10170  4.21468     32 k - - -
          2.68618  4.42225  2.77519  2.73123  3.46354  2.40513  3.72494  3.29354  2.67741  2.69355  4.24690  2.90347  2.73739  3.18146  2.89801  2.37887  2.77519  2.98518  4.58477  3.61503
          0.18264  5.56573  1.81337  0.61958  0.77255  0.84197  0.56363
     29   2.61546  5.19241  3.06968  2.39212  3.72791  3.56171  3.61815  2.69864  2.37860  2.65165  4.18896  3.19443  3.81060  2.79525  1.98480  2.80989  2.84562  2.80905  5.29412  4.32223     33 r - - -
          2.68618  4.42225  2.77519  2.73123  3.46354  2.40513  3.72494  3.29354  2.67741  2.69355  4.24690  2.90347  2.73739  3.18146  2.89801  2.37887  2.77519  2.98518  4.58477  3.61503
          0.00595  5.52314  6.24549  0.61958  0.77255  1.55790  0.23645
     30   2.40432  4.66231  4.32718  3.87802  2.36422  4.09639  4.32707  2.72479  3.97739  2.48562  3.65851  3.55956  2.10303  4.01791  3.79859  2.94818  3.16877  2.33089  2.04469  3.29463     34 w - - -
          2.68618  4.42225  2.77519  2.73123  3.46354  2.40513  3.72494  3.29354  2.67741  2.69355  4.24690  2.90347  2.73739  3.18146  2.89801  2.37887  2.77519  2.98518  4.58477  3.61503
          0.00816  5.52715  5.48567  0.61958  0.77255  1.38286  0.28883
     31   2.37028  4.96118  2.70126  2.37774  4.55689  3.43044  3.98699  4.16769  2.28981  3.75962  4.69416  2.85093  2.78269  2.79341  2.42897  2.14369  2.29035  3.63627  6.08611  4.34715     35 s - - -
          2.68618  4.42225  2.77519  2.73123  3.46354  2.40513  3.72494  3.29354  2.67741  2.69355  4.24690  2.90347  2.73739  3.18146  2.89801  2.37887  2.77519  2.98518  4.58477  3.61503
          0.65714  5.55301  0.73858  0.61958  0.77255  0.42007  1.07002
     32   2.14616  5.51325  2.87162  2.33971  4.51516  3.19574  3.57716  3.79052  2.20819  3.50684  4.40645  3.17608  2.31288  2.80300  2.43943  2.68036  2.80126  3.30316  5.38760  4.39079     36 a - - -
          2.68618  4.42225  2.77519  2.73123  3.46354  2.40513  3.72494  3.29354  2.67741  2.69355  4.24690  2.90347  2.73739  3.18146  2.89801  2.37887  2.77519  2.98518  4.58477  3.61503
          0.00738  5.30838  6.03073  0.61958  0.77255  0.31247  1.31541
     33   1.97881  5.03234  3.02040  2.38667  3.56310  3.11712  3.63968  3.78862  1.99790  2.95083  4.45720  3.21059  3.81135  2.91304  2.44649  2.71257  2.89251  3.54315  4.17765  3.72666     37 a - - -
          2.68618  4.42225  2.77519  2.73123  3.46354  2.40513  3.72494  3.29354  2.67741  2.69355  4.24690  2.90347  2.73739  3.18146  2.89801  2.37887  2.77519  2.98518  4.58477  3.61503
          0.00829  5.77162  5.27069  0.61958  0.77255  0.59570  0.80113
     34   2.64699  4.51675  3.79428  3.33821  3.62225  3.66791  3.70728  2.62017  2.88259  1.77444  3.39233  3.70550  4.71520  2.48015  3.17655  2.94704  2.51466  2.09253  4.72973  3.61820     38 l - - -
          2.68618  4.42225  2.77519  2.73123  3.46354  2.40513  3.72494  3.29354  2.67741  2.69355  4.24690  2.90347  2.73739  3.18146  2.89801  2.37887  2.77519  2.98518  4.58477  3.61503
          0.00662  5.81702  5.62193  0.61958  0.77255  0.55823  0.84915
     35   2.63497  5.78213  3.44713  2.92463  5.10932  3.93611  4.01516  4.13897  2.09217  3.52697  4.82755  3.22904  4.48899  2.98707  0.97408  3.06164  3.24708  3.47283  5.42551  3.94360     39 r - - -
          2.68618  4.42225  2.77519  2.73123  3.46354  2.40513  3.72494  3.29354  2.67741  2.69355  4.24690  2.90347  2.73739  3.18146  2.89801  2.37887  2.77519  2.98518  4.58477  3.61503
          0.00432  5.84248  6.56483  0.61958  0.77255  0.68662  0.69971
     36   2.20059  5.80111  2.79811  2.15972  3.89631  3.89611  3.30803  3.58966  2.26258  3.03887  4.45654  2.88920  3.74820  2.69054  1.91684  3.01693  3.11019  3.54126  4.19265  4.62269     40 r - - -
          2.68618  4.42225  2.77519  2.73123  3.46354  2.40513  3.72494  3.29354  2.67741  2.69355  4.24690  2.90347  2.73739  3.18146  2.89801  2.37887  2.77519  2.98518  4.58477  3.61503
          0.03062  5.84248  3.60266  0.61958  0.77255  0.50936  0.91850
     37   1.79266  5.74912  3.27533  2.39941  3.26192  3.50414  3.82208  3.75601  2.25986  3.01350  4.08577  2.86896  4.31359  2.65371  2.74471  2.65616  3.07336  3.45148  3.61882  3.27059     41 a - - -
          2.68618  4.42225  2.77519  2.73123  3.46354  2.40513  3.72494  3.29354  2.67741  2.69355  4.24690  2.90347  2.73739  3.18146  2.89801  2.37887  2.77519  2.98518  4.58477  3.61503
          0.01159  5.83484  4.75607  0.61958  0.77255  0.65852  0.72902
     38   2.41039  3.80779  5.00254  4.53306  3.30481  4.43840  4.70539  2.17213  3.69487  1.30813  3.50527  4.73153  4.56297  3.90502  3.90095  3.45821  3.32913  1.58175  5.06089  3.35339     42 l - - -
          2.68618  4.42225  2.77519  2.73123  3.46354  2.40513  3.72494  3.29354  2.67741  2.69355  4.24690  2.90347  2.73739  3.18146  2.89801  2.37887  2.77519  2.98518  4.58477  3.61503
          0.00434  5.83754  6.55989  0.61958  0.77255  0.67440  0.71226
     39   2.84187  4.43934  4.82849  3.56467  2.52663  3.99992  4.16216  2.21148  2.98878  1.39476  3.37947  4.23417  4.89662  3.68103  2.49956  3.51697  3.17028  2.54869  3.66586  3.40576     43 l - - -
          2.68618  4.42225  2.77519  2.73123  3.46354  2.40513  3.72494  3.29354  2.67741  2.69355  4.24690  2.90347  2.73739  3.18146  2.89801  2.37887  2.77519  2.98518  4.58477  3.61503
          0.01902  5.84285  4.13879  0.61958  0.77255  0.60812  0.78608
     40   2.03094  4.63704  3.09314  2.02990  4.28610  3.60249  3.36016  3.84832  2.02654  2.77979  3.81771  3.27308  4.26265  2.60836  2.46080  2.69718  3.17450  3.47690  5.46876  4.25542     44 k - - -
          2.68618  4.42225  2.77519  2.73123  3.46354  2.40513  3.72494  3.29354  2.67741  2.69355  4.24690  2.90347  2.73739  3.18146  2.89801  2.37887  2.77519  2.98518  4.58477  3.61503
          0.02870  5.83946  3.67365  0.61958  0.77255  0.62442  0.76694
     41   2.70111  5.07313  3.31662  2.62849  5.11520  3.73862  3.56652  3.69645  2.41659  3.16917  3.72778  3.23623  4.29825  3.01925  1.08488  2.81856  3.30262  3.78291  6.22442  3.95922     45 r - - -
          2.68618  4.42225  2.77519  2.73123  3.46354  2.40513  3.72494  3.29354  2.67741  2.69355  4.24690  2.90347  2.73739  3.18146  2.89801  2.37887  2.77519  2.98518  4.58477  3.61503
          0.03436  5.82858  3.47919  0.61958  0.77255  0.43583  1.04052
     42   2.34667  5.23200  1.30696  2.62953  3.59794  3.30729  2.90812  4.38586  2.75537  3.79223  4.71645  3.10518  3.94363  2.67055  3.36842  2.88613  3.26786  3.79415  4.53868  3.34695     46 d - - -
          2.68618  4.42225  2.77519  2.73123  3.46354  2.40513  3.72494  3.29354  2.67741  2.69355  4.24690  2.90347  2.73739  3.18146  2.89801  2.37887  2.77519  2.98518  4.58477  3.61503
          0.01179  5.84047  4.73175  0.61958  0.77255  0.70278  0.68360
     43   2.97586  5.38475  2.93539  2.65661  4.72836  1.75810  3.59183  4.31812  2.35342  3.32564  4.47189  2.35825  2.67123  2.59984  2.43273  2.89663  3.34640  3.96486  5.18312  4.14940     47 g - - -
          2.68618  4.42225  2.77519  2.73123  3.46354  2.40513  3.72494  3.29354  2.67741  2.69355  4.24690  2.90347  2.73739  3.18146  2.89801  2.37887  2.77519  2.98518  4.58477  3.61503
          0.38026  5.83645  1.16028  0.61958  0.77255  0.46129  0.99552
     44   2.80255  4.47686  3.28451  2.88796  2.89519  1.85441  3.01763  3.60527  2.86961  2.94111  3.97006  2.98192  3.91758  3.08027  2.92743  2.76394  3.16769  3.38554  3.34953  2.59928     48 g - - -
          2.68618  4.42225  2.77519  2.73123  3.46354  2.40513  3.72494  3.29354  2.67741  2.69355  4.24690  2.90347  2.73739  3.18146  2.89801  2.37887  2.77519  2.98518  4.58477  3.61503
          0.01225  5.50892  4.81270  0.61958  0.77255  0.22332  1.60873
     45   2.86812  3.58137  3.49985  2.78191  4.05874  2.66831  3.55461  2.96640  2.11958  2.40289  4.12554  3.64917  4.07764  3.20641  2.33355  3.08791  2.17603  2.73049  5.34961  3.89315     49 k - - -
          2.68618  4.42225  2.77519  2.73123  3.46354  2.40513  3.72494  3.29354  2.67741  2.69355  4.24690  2.90347  2.73739  3.18146  2.89801  2.37887  2.77519  2.98518  4.58477  3.61503
          0.00432  5.84296  6.56530  0.61958  0.77255  0.43866  1.03536
     46   3.61393  0.16548  5.01302  5.96419  4.56062  4.51216  6.32786  4.71939  5.84674  4.72659  5.78289  5.35626  5.35204  5.95462  5.82870  4.01465  4.32096  3.96355  7.08577  5.73612     50 C - - -
          2.68618  4.42225  2.77519  2.73123  3.46354  2.40513  3.72494  3.29354  2.67741  2.69355  4.24690  2.90347  2.73739  3.18146  2.89801  2.37887  2.77519  2.98518  4.58477  3.61503
          0.00716  5.87366  5.44307  0.61958  0.77255  0.51510  0.90992
     47   1.97291  4.51774  3.49963  2.03006  4.42000  2.91558  3.81246  4.31379  2.76055  3.61522  4.19210  3.49441  3.09953  2.26463  2.35200  2.91778  2.89068  2.61132  5.00982  4.05435     51 a - - -
          2.68618  4.42225  2.77519  2.73123  3.46354  2.40513  3.72494  3.29354  2.67741  2.69355  4.24690  2.90347  2.73739  3.18146  2.89801  2.37887  2.77519  2.98518  4.58477  3.61503
          0.01191  5.87395  4.70772  0.61958  0.77255  0.48853  0.95069
     48   2.84634  4.32610  4.50870  3.43546  2.24658  4.10882  3.62983  2.22016  3.24612  2.49014  3.53882  4.23148  4.72379  3.85070  2.88151  3.27483  3.22532  2.41796  3.52637  1.71191     52 y - - -
          2.68618  4.42225  2.77519  2.73123  3.46354  2.40513  3.72494  3.29354  2.67741  2.69355  4.24690  2.90347  2.73739  3.18146  2.89801  2.37887  2.77519  2.98518  4.58477  3.61503
          0.03136  5.87190  3.57346  0.61958  0.77255  0.48047  0.96363
     49   3.41419  0.16957  6.18306  6.19957  6.39558  3.97248  6.59241  5.87284  6.02634  5.60008  6.33985  4.61125  5.22529  6.07438  5.93636  3.42612  3.96903  4.33000  7.75379  6.76493     53 C - - -
          2.68618  4.42225  2.77519  2.73123  3.46354  2.40513  3.72494  3.29354  2.67741  2.69355  4.24690  2.90347  2.73739  3.18146  2.89801  2.37887  2.77519  2.98518  4.58477  3.61503
          0.32633  5.85270  1.28895  0.61958  0.77255  0.43975  1.03339
     50   2.80811  5.65514  2.76670  2.34134  4.59402  1.26665  3.54770  4.24651  2.47487  3.28049  4.53076  3.11810  4.18319  2.81614  2.91844  2.80469  3.20537  3.84785  6.08910  4.46029     54 g - - -
          2.68618  4.42225  2.77519  2.73123  3.46354  2.40513  3.72494  3.29354  2.67741  2.69355  4.24690  2.90347  2.73739  3.18146  2.89801  2.37887  2.77519  2.98518  4.58477  3.61503
          0.01216  5.56547  4.79596  0.61958  0.77255  1.53595  0.24239
     51   2.36281  4.14627  2.94600  2.36675  3.25850  3.08660  3.62396  3.50841  2.16777  3.12541  3.99059  2.97425  4.22072  2.75914  2.23979  2.44907  2.95060  3.43435  5.07074  4.31887     55 k - - -
          2.68618  4.42225  2.77519  2.73123  3.46354  2.40513  3.72494  3.29354  2.67741  2.69355  4.24690  2.90347  2.73739  3.18146  2.89801  2.37887  2.77519  2.98518  4.58477  3.61503
          0.03153  5.55904  3.60489  0.61958  0.77255  1.52396  0.24571
     52   2.72970  5.64147  2.43680  2.42132  4.03748  3.26295  3.14976  3.88495  2.30199  3.29400  4.53216  2.73552  2.75785  2.75492  2.46593  2.52318  2.58349  3.54399  4.87419  3.98281     56 k - - -
          2.68618  4.42225  2.77519  2.73123  3.46354  2.40513  3.72494  3.29354  2.67741  2.69355  4.24690  2.90347  2.73739  3.18146  2.89801  2.37887  2.77519  2.98518  4.58477  3.61503
          0.12338  5.53638  2.18807  0.61958  0.77255  1.55557  0.23708
     53   2.44987  4.91440  2.96540  2.61291  2.17345  2.27627  3.86675  2.79567  2.64601  2.78702  3.98870  3.27705  3.35590  3.11155  3.25918  2.91368  3.10190  2.98098  5.72287  3.76536     57 f - - -
          2.68618  4.42225  2.77519  2.73123  3.46354  2.40513  3.72494  3.29354  2.67741  2.69355  4.24690  2.90347  2.73739  3.18146  2.89801  2.37887  2.77519  2.98518  4.58477  3.61503
          0.49235  5.42380  0.95607  0.61958  0.77255  0.43635  1.03957
     54   2.46085  4.58308  2.59722  2.52676  4.07848  3.60321  3.80052  3.22543  2.46427  2.81578  3.83884  3.04714  4.00792  3.11288  2.08738  2.69214  2.59665  2.57569  5.36836  3.90549     58 r - - -
          2.68618  4.42225  2.77519  2.73123  3.46354  2.40513  3.72494  3.29354  2.67741  2.69355  4.24690  2.90347  2.73739  3.18146  2.89801  2.37887  2.77519  2.98518  4.58477  3.61503
          0.01246  5.42596  4.82998  0.61958  0.77255  0.84183  0.56374
     55   2.71857  5.67735  2.85384  2.64662  4.81021  2.40824  3.51664  3.69872  2.54417  3.38435  4.47479  2.61554  1.99534  2.95443  2.82362  2.39098  2.92294  3.27937  6.11222  3.91633     59 p - - -
          2.68618  4.42225  2.77519  2.73123  3.46354  2.40513  3.72494  3.29354  2.67741  2.69355  4.24690  2.90347  2.73739  3.18146  2.89801  2.37887  2.77519  2.98518  4.58477  3.61503
          0.01730  5.61127  4.30510  0.61958  0.77255  0.99976  0.45882
     56   1.85754  5.22778  3.04683  2.42955  4.11318  2.85749  3.93135  3.53005  2.46396  3.07091  4.31210  2.96683  2.64059  3.17206  2.97442  2.61002  2.62687  2.95764  5.24861  4.09785     60 a - - -
          2.68618  4.42225  2.77519  2.73123  3.46354  2.40513  3.72494  3.29354  2.67741  2.69355  4.24690  2.90347  2.73739  3.18146  2.89801  2.37887  2.77519  2.98518  4.58477  3.61503
          0.00678  5.66619  5.71488  0.61958  0.77255  0.95679  0.48471
     57   2.38140  5.73325  2.72048  2.46026  4.42272  2.93307  3.30665  3.97391  2.59421  2.86942  4.22491  3.00060  2.66157  2.75535  2.57818  2.53686  2.71730  3.20836  5.20670  3.31907     61 a - - -
          2.68618  4.42225  2.77519  2.73123  3.46354  2.40513  3.72494  3.29354  2.67741  2.69355  4.24690  2.90347  2.73739  3.18146  2.89801  2.37887  2.77519  2.98518  4.58477  3.61503
          0.01273  5.71512  4.67249  0.61958  0.77255  0.89581  0.52471
     58   2.16521  5.17102  2.67997  2.35028  3.25666  2.79113  3.52939  3.51518  2.70179  3.15808  4.44961  3.10998  3.53743  2.94776  2.61338  2.61813  3.18006  3.84164  3.27982  2.77373     62 a - - -
          2.68618  4.42225  2.77519  2.73123  3.46354  2.40513  3.72494  3.29354  2.67741  2.69355  4.24690  2.90347  2.73739  3.18146  2.89801  2.37887  2.77519  2.98518  4.58477  3.61503
          0.00476  5.74648  6.46883  0.61958  0.77255  0.42081  1.06860
     59   2.86607  2.33095  4.79448  4.13631  2.82819  4.30493  4.39081  2.29884  3.79866  1.46889  3.47706  3.64567  4.11877  4.38150  3.60847  3.06704  2.40816  2.47446  3.71397  3.66309     63 l - - -
          2.68618  4.42225  2.77519  2.73123  3.46354  2.40513  3.72494  3.29354  2.67741  2.69355  4.24690  2.90347  2.73739  3.18146  2.89801  2.37887  2.77519  2.98518  4.58477  3.61503
          0.00431  5.84573  6.56807  0.61958  0.77255  0.51345  0.91236
     60   3.23522  5.28176  2.37641  1.42805  5.16207  3.99651  2.44997  3.51977  3.02965  3.95085  4.56878  3.30690  4.49797  2.47240  3.52136  2.76188  2.05965  3.14974  6.26015  4.85316     64 e - - -
          2.68618  4.42225  2.77519  2.73123  3.46354  2.40513  3.72494  3.29354  2.67741  2.69355  4.24690  2.90347  2.73739  3.18146  2.89801  2.37887  2.77519  2.98518  4.58477  3.61503
          0.00422  5.86680  6.58914  0.61958  0.77255  0.60083  0.79486
     61   2.13236  4.23820  4.87997  4.44275  3.13407  3.97087  4.41214  1.68330  4.18416  2.08845  3.36066  4.51942  4.47953  4.55597  3.61554  3.77551  3.37395  1.33189  4.95934  3.66051     65 v - - -
          2.68618  4.42225  2.77519  2.73123  3.46354  2.40513  3.72494  3.29354  2.67741  2.69355  4.24690  2.90347  2.73739  3.18146  2.89801  2.37887  2.77519  2.98518  4.58477  3.61503
          0.00422  5.86680  6.58914  0.61958  0.77255  0.42000  1.07017
     62   4.60804  7.46658  0.78781  2.33524  6.65724  4.60425  1.09906  6.30923  4.52319  5.71805  6.65631  3.65426  5.31670  4.48224  5.28624  4.40031  4.93439  5.80881  7.84932  5.10152     66 d - - -
          2.68618  4.42225  2.77519  2.73123  3.46354  2.40513  3.72494  3.29354  2.67741  2.69355  4.24690  2.90347  2.73739  3.18146  2.89801  2.37887  2.77519  2.98518  4.58477  3.61503
          0.00414  5.88481  6.60716  0.61958  0.77255  0.48576  0.95510
     63   4.87695  4.66149  5.28964  4.36970  5.65318  5.26030  0.09711  6.27880  4.94747  5.72052  6.75928  5.48032  5.96568  5.58347  5.11715  5.00631  5.33465  5.79884  7.02888  5.58942     67 H - - -
          2.68618  4.42225  2.77519  2.73123  3.46354  2.40513  3.72494  3.29354  2.67741  2.69355  4.24690  2.90347  2.73739  3.18146  2.89801  2.37887  2.77519  2.98518  4.58477  3.61503
          0.00414  5.88481  6.60716  0.61958  0.77255  0.48576  0.95510
     64   3.08473  4.72225  4.71018  4.42974  3.32267  4.49664  4.71377  1.19122  3.01282  2.17045  3.68155  4.04075  4.95365  4.40337  3.43585  3.57797  2.94961  1.62844  5.46109  3.64575     68 i - - -
          2.68618  4.42225  2.77519  2.73123  3.46354  2.40513  3.72494  3.29354  2.67741  2.69355  4.24690  2.90347  2.73739  3.18146  2.89801  2.37887  2.77519  2.98518  4.58477  3.61503
          0.00414  5.88481  6.60716  0.61958  0.77255  0.48576  0.95510
     65   3.17236  5.18166  2.84919  2.64651  4.65879  4.04676  3.64627  1.90308  2.53640  2.63053  3.77949  3.12641  4.30264  3.00416  2.68538  3.19427  2.69425  1.91186  5.16023  4.58633     69 i - - -
          2.68618  4.42225  2.77519  2.73123  3.46354  2.40513  3.72494  3.29354  2.67741  2.69355  4.24690  2.90347  2.73739  3.18146  2.89801  2.37887  2.77519  2.98518  4.58477  3.61503
          0.02476  5.88655  3.83133  0.61958  0.77255  0.48576  0.95510
     66   2.57703  5.73932  3.09848  2.71728  4.22692  3.64810  3.12174  4.50131  3.03708  3.90955  4.49256  3.51334  0.92134  3.30644  3.13428  3.09817  3.47257  3.98130  4.69192  3.78869     70 p - - -
          2.68618  4.42225  2.77519  2.73123  3.46354  2.40513  3.72494  3.29354  2.67741  2.69355  4.24690  2.90347  2.73739  3.18146  2.89801  2.37887  2.77519  2.98518  4.58477  3.61503
          0.04895  5.86601  3.10248  0.61958  0.77255  0.57452  0.82777
     67   3.17762  4.99820  3.87064  3.58732  3.03246  4.39037  3.48417  2.46507  2.30684  1.95668  3.57653  3.50699  4.58240  3.60650  2.34541  3.64792  3.39068  2.41566  2.27618  3.14626     71 l - - -
          2.68618  4.42225  2.77519  2.73123  3.46354  2.40513  3.72494  3.29354  2.67741  2.69355  4.24690  2.90347  2.73739  3.18146  2.89801  2.37887  2.77519  2.98518  4.58477  3.61503
          0.00935  5.82553  5.05907  0.61958  0.77255  0.82586  0.57600
     68   1.92768  5.25373  2.97370  2.47462  4.47307  3.61198  3.17646  4.01708  2.51110  3.63840  4.52480  3.09243  3.70177  2.89629  3.03064  1.47992  3.07002  3.40937  5.42106  4.39218     72 s - - -
          2.68618  4.42225  2.77519  2.73123  3.46354  2.40513  3.72494  3.29354  2.67741  2.69355  4.24690  2.90347  2.73739  3.18146  2.89801  2.37887  2.77519  2.98518  4.58477  3.61503
          0.05370  5.82060  3.00956  0.61958  0.77255  0.44001  1.03292
     69   2.76197  4.86658  2.32190  2.51698  4.27343  3.79920  2.48563  4.18310  2.04422  3.15666  4.63603  2.94058  4.14049  2.57981  1.98633  2.81145  3.09362  3.99201  6.24419  3.64373     73 r - - -
          2.68618  4.42225  2.77519  2.73123  3.46354  2.40513  3.72494  3.29354  2.67741  2.69355  4.24690  2.90347  2.73739  3.18146  2.89801  2.37887  2.77519  2.98518  4.58477  3.61503
          0.09153  5.82326  2.47090  0.61958  0.77255  0.52384  0.89709
     70   3.04062  5.18635  3.10889  2.89277  4.44961  0.88518  3.88038  4.54562  2.75799  3.92963  4.58450  2.84557  4.30402  2.96898  3.00774  3.05215  3.19774  4.04570  5.64440  4.12587     74 g - - -
          2.68618  4.42225  2.77519  2.73123  3.46354  2.40513  3.72494  3.29354  2.67741  2.69355  4.24690  2.90347  2.73739  3.18146  2.89801  2.37887  2.77519  2.98518  4.58477  3.61503
          0.04487  5.77544  3.19966  0.61958  0.77255  0.45233  1.01099
     71   3.30291  5.37438  3.18148  2.87415  5.10065  0.73946  3.86228  4.57468  2.88943  3.97190  4.56875  2.84234  4.19070  3.18941  3.24756  3.13080  3.31326  4.15397  5.62496  4.81453     75 g - - -
          2.68618  4.42225  2.77519  2.73123  3.46354  2.40513  3.72494  3.29354  2.67741  2.69355  4.24690  2.90347  2.73739  3.18146  2.89801  2.37887  2.77519  2.98518  4.58477  3.61503
          0.02433  5.81497  3.86072  0.61958  0.77255  0.47907  0.96590
     72   2.56614  5.49755  2.31804  2.39760  5.16973  3.45192  3.85826  4.16795  2.30097  3.38342  4.60610  3.08140  2.14514  2.90589  2.61428  2.34663  2.56221  3.70059  4.17590  4.84547     76 p - - -
          2.68618  4.42225  2.77519  2.73123  3.46354  2.40513  3.72494  3.29354  2.67741  2.69355  4.24690  2.90347  2.73739  3.18146  2.89801  2.37887  2.77519  2.98518  4.58477  3.61503
          0.02914  5.84291  3.65659  0.61958  0.77255  0.61191  0.78157
     73   3.01842  5.80374  1.77661  2.77536  4.95755  3.63482  3.17450  4.35116  2.92197  3.40786  4.70453  2.45685  3.36273  3.25542  3.36389  2.51352  1.52048  4.02783  4.91966  4.25225     77 t - - -
          2.68618  4.42225  2.77519  2.73123  3.46354  2.40513  3.72494  3.29354  2.67741  2.69355  4.24690  2.90347  2.73739  3.18146  2.89801  2.37887  2.77519  2.98518  4.58477  3.61503
          0.01194  5.83263  4.71784  0.61958  0.77255  0.37533  1.16176
     74   2.77724  4.46881  1.69666  2.49485  4.71927  3.51888  3.29118  3.64323  2.62011  3.88695  4.54919  2.77558  3.36003  3.31581  2.71714  2.30445  2.28088  3.13088  6.27319  4.86325     78 d - - -
          2.68618  4.42225  2.77519  2.73123  3.46354  2.40513  3.72494  3.29354  2.67741  2.69355  4.24690  2.90347  2.73739  3.18146  2.89801  2.37887  2.77519  2.98518  4.58477  3.61503
          0.00418  5.87481  6.59715  0.61958  0.77255  0.55324  0.85587
     75   2.57701  4.75509  4.00585  2.98800  3.22812  3.44636  4.25222  2.15542  3.37966  1.92710  3.69343  3.94384  2.49732  3.97514  3.26968  3.54615  3.13809  2.40606  2.47921  3.32302     79 l - - -
          2.68618  4.42225  2.77519  2.73123  3.46354  2.40513  3.72494  3.29354  2.67741  2.69355  4.24690  2.90347  2.73739  3.18146  2.89801  2.37887  2.77519  2.98518  4.58477  3.61503
          0.00417  5.87682  6.59917  0.61958  0.77255  0.50721  0.92174
     76   2.57666  4.83568  1.92075  1.91301  5.19191  2.91556  3.86038  4.47847  2.69753  3.65226  4.25445  2.65070  4.50453  3.21593  3.09070  1.95235  2.65186  3.89937  4.48265  4.51183     80 e - - -
          2.68618  4.42225  2.77519  2.73123  3.46354  2.40513  3.72494  3.29354  2.67741  2.69355  4.24690  2.90347  2.73739  3.18146  2.89801  2.37887  2.77519  2.98518  4.58477  3.61503
          0.00415  5.88198  6.60433  0.61958  0.77255  0.45928  0.99896
     77   3.51497  6.07952  2.69869  3.03558  5.40455  4.01355  4.19640  4.88925  3.12984  4.37463  5.13359  0.51957  4.05688  3.56134  3.65730  3.52534  3.63112  4.46096  5.64423  4.83250     81 N - - -
          2.68618  4.42225  2.77519  2.73123  3.46354  2.40513  3.72494  3.29354  2.67741  2.69355  4.24690  2.90347  2.73739  3.18146  2.89801  2.37887  2.77519  2.98518  4.58477  3.61503
          0.00413  5.88854  6.61089  0.61958  0.77255  0.48576  0.95510
     78   2.95982  3.43029  5.41037  4.79493  3.39346  3.13341  4.24557  2.56596  4.24279  0.87945  3.38122  4.63008  4.97866  4.56673  4.11170  3.72107  2.96099  2.34267  3.27283  4.01852     82 l - - -
          2.68618  4.42225  2.77519  2.73123  3.46354  2.40513  3.72494  3.29354  2.67741  2.69355  4.24690  2.90347  2.73739  3.18146  2.89801  2.37887  2.77519  2.98518  4.58477  3.61503
          0.00600  5.88854  5.74254  0.61958  0.77255  0.48576  0.95510
     79   2.38614  4.08685  3.98963  2.77556  3.81103  3.66741  3.96126  2.59987  3.08720  2.82684  3.68038  3.86558  4.56942  1.98755  2.75283  3.45759  2.70080  1.65705  5.48550  4.28507     83 v - - -
          2.68618  4.42225  2.77519  2.73123  3.46354  2.40513  3.72494  3.29354  2.67741  2.69355  4.24690  2.90347  2.73739  3.18146  2.89801  2.37887  2.77519  2.98518  4.58477  3.61503
          0.00413  5.88668  6.60903  0.61958  0.77255  0.49844  0.93516
     80   2.24209  2.94157  4.93552  4.62527  3.27852  3.57173  4.07064  2.74003  4.24010  1.45531  3.69984  4.24330  2.18070  4.12890  4.40076  2.70317  2.52764  2.70162  4.79470  3.64185     84 l - - -
          2.68618  4.42225  2.77519  2.73123  3.46354  2.40513  3.72494  3.29354  2.67741  2.69355  4.24690  2.90347  2.73739  3.18146  2.89801  2.37887  2.77519  2.98518  4.58477  3.61503
          0.00413  5.88668  6.60903  0.61958  0.77255  0.49844  0.93516
     81   1.76361  3.65001  5.38005  4.76659  3.74576  4.37035  4.94212  2.82994  4.29882  0.96554  3.42120  4.76344  4.53123  4.49690  4.42033  2.81034  3.26888  2.37998  5.44396  3.79756     85 l - - -
          2.68618  4.42225  2.77519  2.73123  3.46354  2.40513  3.72494  3.29354  2.67741  2.69355  4.24690  2.90347  2.73739  3.18146  2.89801  2.37887  2.77519  2.98518  4.58477  3.61503
          0.00544  5.88668  5.93474  0.61958  0.77255  0.49844  0.93516
     82   3.70415  0.49848  4.37491  3.83465  4.70447  4.11641  2.48076  4.07353  3.51087  3.76646  4.65715  4.16905  4.99517  3.98565  3.95177  3.69974  3.60499  3.82899  6.06586  4.69241     86 C - - -
          2.68618  4.42225  2.77519  2.73123  3.46354  2.40513  3.72494  3.29354  2.67741  2.69355  4.24690  2.90347  2.73739  3.18146  2.89801  2.37887  2.77519  2.98518  4.58477  3.61503
          0.00414  5.88538  6.60773  0.61958  0.77255  0.50717  0.92179
     83   2.46736  5.09820  3.17362  2.59265  4.45904  2.95793  3.66046  3.80671  2.29968  3.26942  4.20331  3.46116  2.19881  2.81055  2.06819  2.52724  3.02921  3.20464  3.96069  4.51600     87 r - - -
          2.68618  4.42225  2.77519  2.73123  3.46354  2.40513  3.72494  3.29354  2.67741  2.69355  4.24690  2.90347  2.73739  3.18146  2.89801  2.37887  2.77519  2.98518  4.58477  3.61503
          0.00414  5.88538  6.60773  0.61958  0.77255  0.50717  0.92179
     84   2.75707  5.44649  2.76620  2.56791  3.73438  3.23252  3.10608  3.94163  2.36604  3.63168  4.38930  2.12775  2.73751  3.20455  2.33211  2.61680  2.76441  3.51780  5.49067  3.19418     88 n - - -
          2.68618  4.42225  2.77519  2.73123  3.46354  2.40513  3.72494  3.29354  2.67741  2.69355  4.24690  2.90347  2.73739  3.18146  2.89801  2.37887  2.77519  2.98518  4.58477  3.61503
          0.00414  5.88538  6.60773  0.61958  0.77255  0.50717  0.92179
     85   3.33161  0.84351  3.48637  3.50010  4.35772  4.34447  1.92752  3.58544  3.55336  3.42495  4.18848  3.65237  4.72834  3.79179  3.81621  3.50769  3.52605  3.19042  5.77665  4.20528     89 c - - -
          2.68618  4.42225  2.77519  2.73123  3.46354  2.40513  3.72494  3.29354  2.67741  2.69355  4.24690  2.90347  2.73739  3.18146  2.89801  2.37887  2.77519  2.98518  4.58477  3.61503
          0.00414  5.88538  6.60773  0.61958  0.77255  0.50717  0.92179
     86   4.20716  6.90234  3.58718  3.60378  6.41446  4.18114  0.69854  6.00912  4.00444  5.44729  6.35329  1.11598  5.31917  4.22136  4.59031  4.15367  4.79211  5.52530  7.51310  6.03784     90 h - - -
          2.68618  4.42225  2.77519  2.73123  3.46354  2.40513  3.72494  3.29354  2.67741  2.69355  4.24690  2.90347  2.73739  3.18146  2.89801  2.37887  2.77519  2.98518  4.58477  3.61503
          0.00414  5.88538  6.60773  0.61958  0.77255  0.50717  0.92179
     87   2.63270  5.46062  2.74349  2.67793  4.83424  3.34003  3.18809  3.97130  2.49714  2.75412  3.97248  2.43245  4.21598  2.59578  1.85011  2.37641  2.94610  3.73657  5.54986  4.20136     91 r - - -
          2.68618  4.42225  2.77519  2.73123  3.46354  2.40513  3.72494  3.29354  2.67741  2.69355  4.24690  2.90347  2.73739  3.18146  2.89801  2.37887  2.77519  2.98518  4.58477  3.61503
          0.00722  5.88538  5.42211  0.61958  0.77255  0.50717  0.92179
     88   2.42670  4.85595  3.34098  2.64042  4.55178  3.42717  3.51642  3.61324  2.26603  2.20315  3.07943  3.04009  4.52963  2.68777  2.22280  2.54501  3.04291  3.03012  4.65418  3.99852     92 l - - -
          2.68618  4.42225  2.77519  2.73123  3.46354  2.40513  3.72494  3.29354  2.67741  2.69355  4.24690  2.90347  2.73739  3.18146  2.89801  2.37887  2.77519  2.98518  4.58477  3.61503
          0.00784  5.88231  5.29347  0.61958  0.77255  0.49398  0.94211
     89   2.87705  4.75129  3.92429  2.74362  4.27438  4.27815  4.39802  2.39169  1.06454  2.86593  3.75289  3.66504  4.66315  3.49372  2.89620  3.49971  3.09850  2.53703  5.40871  4.22875     93 k - - -
          2.68618  4.42225  2.77519  2.73123  3.46354  2.40513  3.72494  3.29354  2.67741  2.69355  4.24690  2.90347  2.73739  3.18146  2.89801  2.37887  2.77519  2.98518  4.58477  3.61503
          0.00867  5.88172  5.14199  0.61958  0.77255  0.53136  0.88626
     90   2.84224  5.01230  3.01073  2.65251  5.18729  2.15122  1.55850  4.67270  2.64244  3.82903  4.88388  3.05676  4.37886  3.11494  3.18273  2.46745  2.22160  4.09981  5.82594  4.20567     94 h - - -
          2.68618  4.42225  2.77519  2.73123  3.46354  2.40513  3.72494  3.29354  2.67741  2.69355  4.24690  2.90347  2.73739  3.18146  2.89801  2.37887  2.77519  2.98518  4.58477  3.61503
          0.03059  5.87721  3.59994  0.61958  0.77255  0.51164  0.91506
     91   2.06506  5.14830  2.15809  2.78109  3.54124  3.33416  3.03341  4.12528  2.62678  3.68395  4.31460  2.25603  4.17378  2.63388  2.61350  2.59360  2.73623  3.78262  5.71524  3.94942     95 a - - -
          2.68618  4.42225  2.77519  2.73123  3.46354  2.40513  3.72494  3.29354  2.67741  2.69355  4.24690  2.90347  2.73739  3.18146  2.89801  2.37887  2.77519  2.98518  4.58477  3.61503
          0.03853  5.85553  3.35439  0.61958  0.77255  0.65560  0.73216
     92   2.79959  5.25087  2.82915  2.61922  4.22486  2.43237  3.42699  4.07977  2.08430  3.06013  4.16260  2.93728  3.79997  2.99876  1.88891  2.47673  2.80837  3.94613  4.50624  4.41052     96 r - - -
          2.68618  4.42225  2.77519  2.73123  3.46354  2.40513  3.72494  3.29354  2.67741  2.69355  4.24690  2.90347  2.73739  3.18146  2.89801  2.37887  2.77519  2.98518  4.58477  3.61503
          0.12803  5.82445  2.14375  0.61958  0.77255  0.55495  0.85356
     93   2.65006  4.85092  2.65680  2.21773  4.25724  3.63414  3.53906  3.34880  2.51766  2.86645  4.26649  3.12780  3.76195  2.80698  2.69138  2.53849  1.86941  3.42483  5.23124  3.91907     97 t - - -
          2.68618  4.42225  2.77519  2.73123  3.46354  2.40513  3.72494  3.29354  2.67741  2.69355  4.24690  2.90347  2.73739  3.18146  2.89801  2.37887  2.77519  2.98518  4.58477  3.61503
          0.04553  5.73652  3.18730  0.61958  0.77255  1.16226  0.37510
     94   2.50716  4.44284  2.80848  2.53539  3.96108  3.19395  3.80495  2.58953  2.72750  2.43298  3.85818  3.36498  2.64042  3.21575  3.02915  2.81434  2.59291  2.50017  5.93788  3.82817     98 l - - -
          2.68618  4.42225  2.77519  2.73123  3.46354  2.40513  3.72494  3.29354  2.67741  2.69355  4.24690  2.90347  2.73739  3.18146  2.89801  2.37887  2.77519  2.98518  4.58477  3.61503
          0.04984  5.69472  3.09542  0.61958  0.77255  0.49283  0.94390
     95   2.54916  5.78371  2.82391  2.13978  4.90241  2.95560  3.73250  3.79037  2.23263  3.69100  4.44566  3.12269  4.02791  2.57466  2.07171  2.59939  2.45032  2.95906  6.21612  4.31596     99 r - - -
          2.68618  4.42225  2.77519  2.73123  3.46354  2.40513  3.72494  3.29354  2.67741  2.69355  4.24690  2.90347  2.73739  3.18146  2.89801  2.37887  2.77519  2.98518  4.58477  3.61503
          0.20513  5.77675  1.70179  0.61958  0.77255  1.00201  0.45751
     96   2.45099  5.64656  2.64840  1.83993  4.41722  3.14120  3.72911  3.58212  2.18826  3.42363  3.93789  2.92930  3.53221  2.56303  2.58873  2.69420  2.79757  3.60166  5.08729  4.38397    100 e - - -
          2.68618  4.42225  2.77519  2.73123  3.46354  2.40513  3.72494  3.29354  2.67741  2.69355  4.24690  2.90347  2.73739  3.18146  2.89801  2.37887  2.77519  2.98518  4.58477  3.61503
          0.63751  5.58035  0.76010  0.61958  0.77255  0.48371  0.95839
     97   2.37096  5.38132  2.93347  2.35315  4.18207  3.19160  3.62029  3.42016  2.47723  2.89674  2.54133  3.09444  3.95085  2.47574  2.52285  2.82607  3.00188  3.00904  4.07118  4.15250    101 e - - -
          2.68618  4.42225  2.77519  2.73123  3.46354  2.40513  3.72494  3.29354  2.67741  2.69355  4.24690  2.90347  2.73739  3.18146  2.89801  2.37887  2.77519  2.98518  4.58477  3.61503
          0.25512  5.29835  1.51333  0.61958  0.77255  0.86830  0.54415
     98   2.85349  4.57843  3.28788  2.98441  3.29870  4.00129  3.56798  2.28107  2.80243  2.02038  3.50670  3.38717  3.71887  3.22757  2.82528  2.95799  2.01538  2.83904  5.47591  3.49208    102 t - - -
          2.68618  4.42225  2.77519  2.73123  3.46354  2.40513  3.72494  3.29354  2.67741  2.69355  4.24690  2.90347  2.73739  3.18146  2.89801  2.37887  2.77519  2.98518  4.58477  3.61503
          0.01862  5.35939  4.28685  0.61958  0.77255  1.32947  0.30736
     99   2.55123  5.17245  2.55263  2.58381  4.34487  3.60700  3.16475  3.79728  2.45084  3.07835  4.25974  2.39228  2.60827  2.80812  2.80026  2.34488  2.66772  3.23890  5.08315  4.20209    103 s - - -
          2.68618  4.42225  2.77519  2.73123  3.46354  2.40513  3.72494  3.29354  2.67741  2.69355  4.24690  2.90347  2.73739  3.18146  2.89801  2.37887  2.77519  2.98518  4.58477  3.61503
          0.02750  5.44035  3.78154  0.61958  0.77255  1.66020  0.21085
    100   2.71777  4.16873  3.70336  3.00737  4.06814  3.99939  4.23063  3.62567  2.94263  3.13424  4.15334  3.54921  0.91193  3.39832  3.24380  3.05240  3.05575  3.17524  5.61058  4.33158    104 p - - -
          2.68604  4.42241  2.77538  2.73141  3.46288  2.40543  3.72491  3.29385  2.67746  2.69379  4.24703  2.90359  2.73739  3.18157  2.89756  2.37881  2.77460  2.98543  4.58515  3.61443
          1.20303  0.50507  2.34073  0.03323  3.42092  1.39077  0.28619
    101   2.75564  5.09958  3.01350  2.65579  4.82363  3.26740  3.89086  3.76577  2.61731  3.73579  4.38368  3.17930  1.16725  2.80883  3.06192  2.68337  3.03282  3.88118  5.42796  4.55854    106 p - - -
          2.68618  4.42225  2.77519  2.73123  3.46354  2.40513  3.72494  3.29354  2.67741  2.69355  4.24690  2.90347  2.73739  3.18146  2.89801  2.37887  2.77519  2.98518  4.58477  3.61503
          0.00458  5.38812        *  0.61958  0.77255  0.00000        *
//
