HMMER3/f [3.2.1 | June 2018]
NAME  KIWA_KwaA
LENG  180
ALPH  amino
RF    no
MM    no
CONS  yes
CS    no
MAP   yes
DATE  Fri Jun 18 18:44:26 2021
NSEQ  500
EFFN  8.983612
CKSUM 2675987194
STATS LOCAL MSV      -10.3445  0.70671
STATS LOCAL VITERBI  -10.8363  0.70671
STATS LOCAL FORWARD   -4.8756  0.70671
HMM          A        C        D        E        F        G        H        I        K        L        M        N        P        Q        R        S        T        V        W        Y   
            m->m     m->i     m->d     i->m     i->i     d->m     d->d
  COMPO   2.66742  4.33959  3.25836  2.97176  2.91240  3.17249  3.97291  2.38988  2.77872  2.14864  3.49631  3.11088  3.49591  3.40982  3.23827  2.65143  2.85082  2.49517  4.53731  3.13737
          2.68618  4.42225  2.77519  2.73123  3.46354  2.40513  3.72494  3.29354  2.67741  2.69355  4.24690  2.90347  2.73739  3.18146  2.89801  2.37887  2.77519  2.98518  4.58477  3.61503
          0.09530  5.84955  2.43023  0.61958  0.77255  0.00000        *
      1   3.34988  4.77185  4.86330  3.89399  3.33761  4.24038  4.65759  3.04373  3.88446  1.91477  0.76992  4.13864  4.85328  4.31398  4.20246  3.54618  3.46638  2.89383  5.38882  4.00507      1 m - - -
          2.68618  4.42225  2.77519  2.73123  3.46354  2.40513  3.72494  3.29354  2.67741  2.69355  4.24690  2.90347  2.73739  3.18146  2.89801  2.37887  2.77519  2.98518  4.58477  3.61503
          0.25305  5.75895  1.51224  0.61958  0.77255  0.90633  0.51752
      2   2.97941  5.63526  3.08394  2.58864  4.98137  3.05793  3.72235  4.31297  2.07064  3.94098  4.37128  2.01682  3.86291  2.31218  2.28203  2.21395  2.56352  3.96120  6.06731  4.40208      2 n - - -
          2.68618  4.42225  2.77519  2.73123  3.46354  2.40513  3.72494  3.29354  2.67741  2.69355  4.24690  2.90347  2.73739  3.18146  2.89801  2.37887  2.77519  2.98518  4.58477  3.61503
          0.02220  5.51606  4.02111  0.61958  0.77255  1.24806  0.33836
      3   3.00224  4.33373  3.79905  3.50871  3.14663  3.30282  4.42150  2.59035  2.19328  1.90535  3.35404  2.60659  3.40720  3.67685  2.77310  3.12743  2.43314  2.75547  4.64531  3.75660      3 l - - -
          2.68618  4.42225  2.77519  2.73123  3.46354  2.40513  3.72494  3.29354  2.67741  2.69355  4.24690  2.90347  2.73739  3.18146  2.89801  2.37887  2.77519  2.98518  4.58477  3.61503
          0.00583  5.54385  6.26620  0.61958  0.77255  1.41317  0.27888
      4   2.99973  4.37209  5.02590  4.42079  2.23179  3.41888  4.22145  2.04280  2.92828  1.59957  3.42928  3.96793  4.25170  4.22073  3.51015  3.00680  2.95748  2.47798  2.95319  3.45917      4 l - - -
          2.68618  4.42225  2.77519  2.73123  3.46354  2.40513  3.72494  3.29354  2.67741  2.69355  4.24690  2.90347  2.73739  3.18146  2.89801  2.37887  2.77519  2.98518  4.58477  3.61503
          0.00577  5.55427  6.27661  0.61958  0.77255  0.55851  0.84877
      5   1.61231  5.00406  3.74350  3.35530  2.91000  3.66395  4.53670  2.75831  3.34813  2.25692  3.50676  3.32070  3.39502  3.51932  3.10364  2.48922  2.85548  2.35128  4.81715  3.76145      5 a - - -
          2.68618  4.42225  2.77519  2.73123  3.46354  2.40513  3.72494  3.29354  2.67741  2.69355  4.24690  2.90347  2.73739  3.18146  2.89801  2.37887  2.77519  2.98518  4.58477  3.61503
          0.00485  5.72629  6.44864  0.61958  0.77255  0.75447  0.63536
      6   2.36145  5.77452  3.32285  2.74372  4.81093  3.52550  3.89884  4.60393  0.98025  4.07913  4.61286  3.48275  4.25399  3.20981  2.13776  2.69207  3.33648  4.16491  6.20712  4.79749      6 k - - -
          2.68618  4.42225  2.77519  2.73123  3.46354  2.40513  3.72494  3.29354  2.67741  2.69355  4.24690  2.90347  2.73739  3.18146  2.89801  2.37887  2.77519  2.98518  4.58477  3.61503
          0.00468  5.76245  6.48480  0.61958  0.77255  0.92405  0.50568
      7   2.87518  4.23522  5.33223  4.71614  2.35162  4.36842  4.28634  1.52391  4.08471  1.92471  3.49734  4.69443  4.89224  4.62787  4.07925  3.60275  2.66619  1.78275  3.10474  3.51701      7 i - - -
          2.68618  4.42225  2.77519  2.73123  3.46354  2.40513  3.72494  3.29354  2.67741  2.69355  4.24690  2.90347  2.73739  3.18146  2.89801  2.37887  2.77519  2.98518  4.58477  3.61503
          0.00468  5.76245  6.48480  0.61958  0.77255  0.85698  0.55242
      8   2.60733  4.10981  3.88124  3.51358  3.11197  2.96245  4.45346  2.41820  3.17948  1.27413  3.20455  4.00536  4.79379  3.79275  3.55841  2.85785  3.14601  2.28801  5.47056  4.07161      8 l - - -
          2.68618  4.42225  2.77519  2.73123  3.46354  2.40513  3.72494  3.29354  2.67741  2.69355  4.24690  2.90347  2.73739  3.18146  2.89801  2.37887  2.77519  2.98518  4.58477  3.61503
          0.00465  5.76949  6.49183  0.61958  0.77255  0.87912  0.53640
      9   3.22925  2.36839  4.44174  4.77700  2.62741  4.59316  4.92867  2.30421  4.56163  0.91144  2.68396  4.75885  4.95164  4.68763  4.56607  3.83732  3.64893  2.59374  5.41178  4.23957      9 l - - -
          2.68618  4.42225  2.77519  2.73123  3.46354  2.40513  3.72494  3.29354  2.67741  2.69355  4.24690  2.90347  2.73739  3.18146  2.89801  2.37887  2.77519  2.98518  4.58477  3.61503
          0.00464  5.77122  6.49356  0.61958  0.77255  0.86021  0.55004
     10   3.05518  4.74500  5.31905  4.70482  1.40973  4.53673  4.86951  2.77080  4.49272  2.72505  3.61318  4.16832  4.90044  4.62646  4.50563  3.59788  2.50494  1.62607  5.36679  1.91634     10 f - - -
          2.68618  4.42225  2.77519  2.73123  3.46354  2.40513  3.72494  3.29354  2.67741  2.69355  4.24690  2.90347  2.73739  3.18146  2.89801  2.37887  2.77519  2.98518  4.58477  3.61503
          0.00463  5.77417  6.49652  0.61958  0.77255  0.85263  0.55563
     11   2.31859  4.45971  5.34220  4.72617  2.88197  4.24254  4.87315  1.47458  4.50880  1.22862  3.42366  4.53501  4.90261  4.63810  4.51345  3.22444  3.60079  2.28746  4.80636  4.04093     11 l - - -
          2.68618  4.42225  2.77519  2.73123  3.46354  2.40513  3.72494  3.29354  2.67741  2.69355  4.24690  2.90347  2.73739  3.18146  2.89801  2.37887  2.77519  2.98518  4.58477  3.61503
          0.00461  5.77665  6.49899  0.61958  0.77255  0.76348  0.62744
     12   3.16712  4.58019  4.89183  4.30175  3.92554  2.64709  4.78435  2.12060  4.17151  1.87487  3.39737  4.48322  4.62512  3.41715  3.92353  1.54871  2.09148  2.56330  5.43722  4.24804     12 s - - -
          2.68618  4.42225  2.77519  2.73123  3.46354  2.40513  3.72494  3.29354  2.67741  2.69355  4.24690  2.90347  2.73739  3.18146  2.89801  2.37887  2.77519  2.98518  4.58477  3.61503
          0.00456  5.78750  6.50984  0.61958  0.77255  0.81990  0.58067
     13   2.11421  5.67096  2.16983  3.17311  5.08382  3.28964  4.20020  4.08429  3.19974  4.08196  4.85620  3.61945  4.56438  3.54691  3.67918  0.86712  3.38741  3.71192  6.26562  4.89554     13 s - - -
          2.68618  4.42225  2.77519  2.73123  3.46354  2.40513  3.72494  3.29354  2.67741  2.69355  4.24690  2.90347  2.73739  3.18146  2.89801  2.37887  2.77519  2.98518  4.58477  3.61503
          0.00456  5.78750  6.50984  0.61958  0.77255  0.77888  0.61419
     14   3.35049  4.78595  5.38431  4.45798  1.48477  4.58566  4.91377  2.52717  4.55312  1.68012  3.41194  4.74961  4.94570  4.67884  4.55737  3.89794  3.35923  2.80149  4.87402  1.48011     14 y - - -
          2.68618  4.42225  2.77519  2.73123  3.46354  2.40513  3.72494  3.29354  2.67741  2.69355  4.24690  2.90347  2.73739  3.18146  2.89801  2.37887  2.77519  2.98518  4.58477  3.61503
          0.00883  5.79165  5.16040  0.61958  0.77255  0.80128  0.59557
     15   1.79637  4.53318  4.90307  4.34785  2.81294  3.92418  4.82577  2.39937  3.18846  1.89621  3.20183  4.34489  4.87348  4.03744  3.53016  2.18905  2.58138  2.72335  3.05094  3.72430     15 a - - -
          2.68618  4.42225  2.77519  2.73123  3.46354  2.40513  3.72494  3.29354  2.67741  2.69355  4.24690  2.90347  2.73739  3.18146  2.89801  2.37887  2.77519  2.98518  4.58477  3.61503
          0.00457  5.78738  6.50973  0.61958  0.77255  0.82042  0.58026
     16   3.74978  5.25566  5.64289  5.05903  3.55900  4.72225  5.39686  3.05269  4.88824  1.93029  3.70610  5.15815  0.52281  5.01813  4.95826  4.36385  4.10972  3.17770  5.84893  4.70259     16 P - - -
          2.68618  4.42225  2.77519  2.73123  3.46354  2.40513  3.72494  3.29354  2.67741  2.69355  4.24690  2.90347  2.73739  3.18146  2.89801  2.37887  2.77519  2.98518  4.58477  3.61503
          0.00457  5.78738  6.50973  0.61958  0.77255  0.82042  0.58026
     17   3.07855  4.76394  4.72680  4.69254  3.37211  2.18383  4.88159  2.73794  4.48739  0.87407  3.76547  4.69769  4.91294  4.62672  4.51107  3.85916  3.02389  2.06204  5.38744  4.02595     17 l - - -
          2.68618  4.42225  2.77519  2.73123  3.46354  2.40513  3.72494  3.29354  2.67741  2.69355  4.24690  2.90347  2.73739  3.18146  2.89801  2.37887  2.77519  2.98518  4.58477  3.61503
          0.00457  5.78738  6.50973  0.61958  0.77255  0.82042  0.58026
     18   2.46811  3.51395  4.32596  2.65714  1.50696  3.48864  3.98640  3.00053  3.91827  2.40802  3.29842  4.42044  4.82596  3.44277  4.20558  2.71302  3.29254  2.92841  4.03869  2.37183     18 f - - -
          2.68618  4.42225  2.77519  2.73123  3.46354  2.40513  3.72494  3.29354  2.67741  2.69355  4.24690  2.90347  2.73739  3.18146  2.89801  2.37887  2.77519  2.98518  4.58477  3.61503
          0.00457  5.78738  6.50973  0.61958  0.77255  0.79451  0.60112
     19   3.05225  4.43518  5.41884  4.80597  2.44136  3.60193  4.96051  1.75511  4.59155  1.07785  3.41694  4.78731  4.97973  4.72043  4.59719  3.93494  3.56711  1.89367  5.44517  4.27062     19 l - - -
          2.68618  4.42225  2.77519  2.73123  3.46354  2.40513  3.72494  3.29354  2.67741  2.69355  4.24690  2.90347  2.73739  3.18146  2.89801  2.37887  2.77519  2.98518  4.58477  3.61503
          0.00455  5.78998  6.51233  0.61958  0.77255  0.78649  0.60778
     20   2.84179  4.75354  5.34721  4.73158  2.88683  4.54922  4.88302  1.60387  4.51551  1.30871  3.28431  4.71300  4.27941  4.64588  4.52220  2.64324  2.39024  2.43167  4.07636  4.19965     20 l - - -
          2.68618  4.42225  2.77519  2.73123  3.46354  2.40513  3.72494  3.29354  2.67741  2.69355  4.24690  2.90347  2.73739  3.18146  2.89801  2.37887  2.77519  2.98518  4.58477  3.61503
          0.00454  5.79221  6.51456  0.61958  0.77255  0.75774  0.63247
     21   3.20201  4.75539  5.35452  4.73853  2.97988  2.16116  4.88617  1.86915  4.52135  1.26034  3.01391  4.71753  4.91575  4.65080  4.02843  3.86384  3.23109  2.26208  4.05735  3.21002     21 l - - -
          2.68618  4.42225  2.77519  2.73123  3.46354  2.40513  3.72494  3.29354  2.67741  2.69355  4.24690  2.90347  2.73739  3.18146  2.89801  2.37887  2.77519  2.98518  4.58477  3.61503
          0.00900  5.79634  5.13002  0.61958  0.77255  0.76108  0.62954
     22   1.76025  2.83751  5.18911  4.72402  2.47234  3.23027  4.22837  1.79860  4.50973  1.95599  3.49106  4.70938  4.91198  4.64167  4.51927  2.38113  3.32244  2.74059  4.14521  3.80567     22 a - - -
          2.68618  4.42225  2.77519  2.73123  3.46354  2.40513  3.72494  3.29354  2.67741  2.69355  4.24690  2.90347  2.73739  3.18146  2.89801  2.37887  2.77519  2.98518  4.58477  3.61503
          0.00454  5.79374  6.51609  0.61958  0.77255  0.79171  0.60343
     23   2.96530  4.45379  5.35775  4.74145  2.28972  4.06571  4.88548  1.53828  4.52322  1.96254  3.68273  4.71808  4.91471  4.65181  4.52651  3.63278  3.37289  1.38835  3.75340  3.32897     23 v - - -
          2.68618  4.42225  2.77519  2.73123  3.46354  2.40513  3.72494  3.29354  2.67741  2.69355  4.24690  2.90347  2.73739  3.18146  2.89801  2.37887  2.77519  2.98518  4.58477  3.61503
          0.00454  5.79374  6.51609  0.61958  0.77255  0.79171  0.60343
     24   3.06876  5.61165  3.35226  3.06979  4.88538  3.93011  4.29604  2.43582  2.21262  2.82316  3.70391  2.87536  4.49084  2.11493  2.69619  1.89519  3.13336  2.50355  6.08957  4.34330     24 s - - -
          2.68618  4.42225  2.77519  2.73123  3.46354  2.40513  3.72494  3.29354  2.67741  2.69355  4.24690  2.90347  2.73739  3.18146  2.89801  2.37887  2.77519  2.98518  4.58477  3.61503
          0.00695  5.79374  5.55316  0.61958  0.77255  0.79171  0.60343
     25   2.77696  5.78612  2.11174  2.69507  3.90424  1.94402  3.82197  4.09570  2.60385  3.45051  4.82701  2.30029  4.44512  2.65502  2.94739  2.61151  2.60944  3.92246  6.21933  3.60911     25 g - - -
          2.68618  4.42225  2.77519  2.73123  3.46354  2.40513  3.72494  3.29354  2.67741  2.69355  4.24690  2.90347  2.73739  3.18146  2.89801  2.37887  2.77519  2.98518  4.58477  3.61503
          0.03001  5.78570  3.63092  0.61958  0.77255  0.80265  0.59446
     26   2.86103  4.14378  5.33416  4.71785  2.21539  4.02943  4.86197  1.66480  4.49963  2.03072  3.61362  4.69456  4.89130  4.62825  4.33651  3.47810  3.42055  1.51964  3.80955  2.57726     26 v - - -
          2.68618  4.42225  2.77519  2.73123  3.46354  2.40513  3.72494  3.29354  2.67741  2.69355  4.24690  2.90347  2.73739  3.18146  2.89801  2.37887  2.77519  2.98518  4.58477  3.61503
          0.00687  5.76038  5.59953  0.61958  0.77255  0.76451  0.62654
     27   2.72990  5.75634  1.87457  2.69270  3.66085  3.47893  4.05844  3.60913  2.10627  3.46129  4.07500  2.81155  3.39016  3.04845  3.24101  2.66294  2.05994  3.60797  5.38288  3.49861     27 d - - -
          2.68618  4.42225  2.77519  2.73123  3.46354  2.40513  3.72494  3.29354  2.67741  2.69355  4.24690  2.90347  2.73739  3.18146  2.89801  2.37887  2.77519  2.98518  4.58477  3.61503
          0.00463  5.77402  6.49636  0.61958  0.77255  0.83260  0.57079
     28   2.61964  5.69881  2.90082  2.68689  2.96728  3.94108  3.90577  2.65371  2.18319  3.02085  4.28310  2.76971  4.07485  2.93904  3.11648  1.77621  3.21100  3.34551  6.15307  3.21248     28 s - - -
          2.68618  4.42225  2.77519  2.73123  3.46354  2.40513  3.72494  3.29354  2.67741  2.69355  4.24690  2.90347  2.73739  3.18146  2.89801  2.37887  2.77519  2.98518  4.58477  3.61503
          0.01150  5.77616  4.78789  0.61958  0.77255  0.84455  0.56168
     29   2.97098  4.94800  1.86231  2.46376  3.37818  3.35576  3.63744  3.55742  2.39360  3.25095  4.63765  2.55681  2.70582  2.93627  3.02451  2.53301  3.01634  3.29552  5.20029  3.87755     29 d - - -
          2.68618  4.42225  2.77519  2.73123  3.46354  2.40513  3.72494  3.29354  2.67741  2.69355  4.24690  2.90347  2.73739  3.18146  2.89801  2.37887  2.77519  2.98518  4.58477  3.61503
          0.00465  5.76931  6.49166  0.61958  0.77255  0.87334  0.54052
     30   2.90199  4.45104  3.24755  2.58056  3.51240  3.00167  3.97406  2.68595  1.64844  2.97021  3.90726  3.05380  4.00706  2.97076  3.07910  2.39075  2.92287  3.36116  3.79617  3.75181     30 k - - -
          2.68618  4.42225  2.77519  2.73123  3.46354  2.40513  3.72494  3.29354  2.67741  2.69355  4.24690  2.90347  2.73739  3.18146  2.89801  2.37887  2.77519  2.98518  4.58477  3.61503
          0.20781  5.76931  1.69002  0.61958  0.77255  0.87334  0.54052
     31   2.78121  4.81665  2.04783  2.25025  2.96495  3.83484  4.07215  3.06614  2.56722  2.99761  4.24543  2.79669  3.33638  3.18220  3.25902  2.71147  2.87001  3.21752  2.90345  3.76191     31 d - - -
          2.68625  4.42247  2.77556  2.73146  3.45904  2.40542  3.72518  3.29291  2.67772  2.69332  4.24689  2.90372  2.73756  3.18183  2.89827  2.37894  2.77549  2.98545  4.58411  3.61479
          1.68094  0.57183  1.38906  0.03095  3.49078  1.43631  0.27155
     32   2.71112  4.75449  2.62054  2.06747  2.42410  3.61647  3.92807  2.72306  2.89066  2.25574  3.96073  3.01990  3.71883  3.19196  3.35911  2.95783  2.90191  2.78717  4.42235  4.12864     33 e - - -
          2.68618  4.42225  2.77519  2.73123  3.46354  2.40513  3.72494  3.29354  2.67741  2.69355  4.24690  2.90347  2.73739  3.18146  2.89801  2.37887  2.77519  2.98518  4.58477  3.61503
          0.00757  5.28290  6.00525  0.61958  0.77255  1.69047  0.20387
     33   2.79987  4.61144  3.09371  2.40412  4.51596  3.53293  3.42062  3.52209  1.86239  3.44154  3.91104  2.29215  4.02449  2.64018  2.14718  2.56101  2.97825  3.66690  5.94823  3.88782     34 k - - -
          2.68618  4.42225  2.77519  2.73123  3.46354  2.40513  3.72494  3.29354  2.67741  2.69355  4.24690  2.90347  2.73739  3.18146  2.89801  2.37887  2.77519  2.98518  4.58477  3.61503
          0.00740  5.30637  6.02871  0.61958  0.77255  0.98809  0.46567
     34   2.95579  5.16160  2.76586  1.77012  4.15800  3.77767  2.66383  4.26097  2.37306  3.11295  4.65679  2.21784  3.40940  2.88287  3.04287  2.60831  2.88555  3.45048  6.04928  3.49400     35 e - - -
          2.68618  4.42225  2.77519  2.73123  3.46354  2.40513  3.72494  3.29354  2.67741  2.69355  4.24690  2.90347  2.73739  3.18146  2.89801  2.37887  2.77519  2.98518  4.58477  3.61503
          0.00615  5.49016  6.21251  0.61958  0.77255  0.48315  0.95929
     35   3.02561  4.59132  3.18828  3.56524  2.86369  3.98193  3.68246  2.60435  3.37012  1.44147  3.79066  2.88747  2.53145  3.69256  3.69166  2.74119  3.17142  3.02632  3.65613  3.28151     36 l - - -
          2.68618  4.42225  2.77519  2.73123  3.46354  2.40513  3.72494  3.29354  2.67741  2.69355  4.24690  2.90347  2.73739  3.18146  2.89801  2.37887  2.77519  2.98518  4.58477  3.61503
          0.00487  5.72318  6.44553  0.61958  0.77255  0.99433  0.46199
     36   2.67252  4.28790  3.86406  3.18607  3.23159  3.02243  4.29252  2.36994  2.56358  2.32468  3.84832  3.02194  2.70795  3.55585  3.68197  2.62805  2.75790  2.51153  3.10954  3.41552     37 l - - -
          2.68618  4.42225  2.77519  2.73123  3.46354  2.40513  3.72494  3.29354  2.67741  2.69355  4.24690  2.90347  2.73739  3.18146  2.89801  2.37887  2.77519  2.98518  4.58477  3.61503
          0.00484  5.72857  6.45091  0.61958  0.77255  0.82732  0.57487
     37   2.73895  5.37420  2.17238  2.87671  3.05550  3.62433  4.22644  2.83472  2.68780  2.02295  3.97449  3.20623  3.59522  3.19439  3.18290  2.78843  2.63866  2.83488  3.63366  3.65846     38 l - - -
          2.68618  4.42225  2.77519  2.73123  3.46354  2.40513  3.72494  3.29354  2.67741  2.69355  4.24690  2.90347  2.73739  3.18146  2.89801  2.37887  2.77519  2.98518  4.58477  3.61503
          0.00473  5.75144  6.47379  0.61958  0.77255  0.92241  0.50677
     38   1.60530  4.42051  3.32207  2.53397  4.47681  3.06269  3.83746  3.33063  2.85248  3.01970  3.87355  2.95786  3.77062  3.22963  2.91031  2.03539  3.07913  2.77848  4.66824  4.43791     39 a - - -
          2.68618  4.42225  2.77519  2.73123  3.46354  2.40513  3.72494  3.29354  2.67741  2.69355  4.24690  2.90347  2.73739  3.18146  2.89801  2.37887  2.77519  2.98518  4.58477  3.61503
          0.00472  5.75368  6.47603  0.61958  0.77255  0.78055  0.61278
     39   2.91644  4.27594  2.22247  2.92600  3.22120  3.51778  4.26572  2.28373  3.14721  2.25368  4.16440  2.24171  3.85418  3.66287  3.52497  2.72187  3.01211  2.90640  3.46001  3.28711     40 d - - -
          2.68618  4.42225  2.77519  2.73123  3.46354  2.40513  3.72494  3.29354  2.67741  2.69355  4.24690  2.90347  2.73739  3.18146  2.89801  2.37887  2.77519  2.98518  4.58477  3.61503
          0.00464  5.77073  6.49308  0.61958  0.77255  0.78865  0.60597
     40   2.79907  4.14625  5.30429  4.33392  2.90579  2.80903  4.86709  1.56784  4.48198  2.28461  3.62617  4.01757  4.20659  3.69502  4.50010  2.82195  2.95980  1.74781  3.36227  3.09353     41 i - - -
          2.68618  4.42225  2.77519  2.73123  3.46354  2.40513  3.72494  3.29354  2.67741  2.69355  4.24690  2.90347  2.73739  3.18146  2.89801  2.37887  2.77519  2.98518  4.58477  3.61503
          0.00460  5.77897  6.50132  0.61958  0.77255  0.83240  0.57094
     41   2.66649  4.31253  5.34182  4.72585  2.15654  3.44196  4.87369  2.18663  4.36743  1.70648  3.47017  4.70496  4.51536  4.63826  4.16078  2.80045  3.42751  1.58140  3.95561  3.05453     42 v - - -
          2.68618  4.42225  2.77519  2.73123  3.46354  2.40513  3.72494  3.29354  2.67741  2.69355  4.24690  2.90347  2.73739  3.18146  2.89801  2.37887  2.77519  2.98518  4.58477  3.61503
          0.00460  5.77897  6.50132  0.61958  0.77255  0.83240  0.57094
     42   2.79579  3.88464  5.33955  4.72373  2.41587  4.05862  4.87330  1.41301  4.50711  1.74413  3.51669  4.70395  2.94305  4.63708  4.11060  2.99302  3.06009  2.43988  3.25752  3.86173     43 i - - -
          2.68618  4.42225  2.77519  2.73123  3.46354  2.40513  3.72494  3.29354  2.67741  2.69355  4.24690  2.90347  2.73739  3.18146  2.89801  2.37887  2.77519  2.98518  4.58477  3.61503
          0.00460  5.77897  6.50132  0.61958  0.77255  0.83240  0.57094
     43   2.31609  3.58577  5.08833  4.69863  2.78454  3.31039  4.86856  1.82334  4.48792  2.00672  3.56029  3.64369  4.18568  4.62290  4.50315  1.94216  3.04383  2.14776  3.82752  3.68900     44 i - - -
          2.68618  4.42225  2.77519  2.73123  3.46354  2.40513  3.72494  3.29354  2.67741  2.69355  4.24690  2.90347  2.73739  3.18146  2.89801  2.37887  2.77519  2.98518  4.58477  3.61503
          0.00460  5.77897  6.50132  0.61958  0.77255  0.80557  0.59210
     44   2.66484  3.74572  5.29165  4.67931  2.92781  3.07755  4.86710  1.59883  4.47371  2.04122  3.72758  4.68392  4.89979  2.14735  4.49715  3.37918  3.07779  1.75292  5.37369  4.19672     45 i - - -
          2.68618  4.42225  2.77519  2.73123  3.46354  2.40513  3.72494  3.29354  2.67741  2.69355  4.24690  2.90347  2.73739  3.18146  2.89801  2.37887  2.77519  2.98518  4.58477  3.61503
          0.00459  5.78169  6.50404  0.61958  0.77255  0.82050  0.58020
     45   2.31392  2.09019  5.19527  4.58906  3.06109  3.03801  4.84858  2.68935  4.40334  2.18514  3.16332  4.63851  2.20975  4.56016  4.45985  1.92207  2.82947  2.84768  5.38521  4.20589     46 s - - -
          2.68618  4.42225  2.77519  2.73123  3.46354  2.40513  3.72494  3.29354  2.67741  2.69355  4.24690  2.90347  2.73739  3.18146  2.89801  2.37887  2.77519  2.98518  4.58477  3.61503
          0.00459  5.78169  6.50404  0.61958  0.77255  0.79043  0.60449
     46   2.59147  4.34252  5.34719  4.73148  1.73648  4.05907  4.88072  1.76990  4.51478  1.47134  3.55978  4.71133  4.67338  4.64465  4.52041  3.14126  3.28357  2.12940  5.37221  4.19639     47 l - - -
          2.68618  4.42225  2.77519  2.73123  3.46354  2.40513  3.72494  3.29354  2.67741  2.69355  4.24690  2.90347  2.73739  3.18146  2.89801  2.37887  2.77519  2.98518  4.58477  3.61503
          0.00986  5.78474  5.00057  0.61958  0.77255  0.80697  0.59097
     47   2.42763  4.05721  5.33655  4.72412  2.42802  3.41735  4.86949  1.82135  4.50732  1.75534  3.56915  4.70217  4.89882  4.63594  4.51155  3.34620  2.96340  2.00748  2.28403  4.02042     48 l - - -
          2.68618  4.42225  2.77519  2.73123  3.46354  2.40513  3.72494  3.29354  2.67741  2.69355  4.24690  2.90347  2.73739  3.18146  2.89801  2.37887  2.77519  2.98518  4.58477  3.61503
          0.00767  5.77948  5.39154  0.61958  0.77255  0.83019  0.57264
     48   2.51138  2.83423  5.27778  4.66595  2.72996  2.72115  4.85985  2.76772  4.46208  1.48749  3.31302  4.00770  2.23952  4.60295  4.48836  2.45148  3.35826  2.73141  3.77443  4.19181     49 l - - -
          2.68618  4.42225  2.77519  2.73123  3.46354  2.40513  3.72494  3.29354  2.67741  2.69355  4.24690  2.90347  2.73739  3.18146  2.89801  2.37887  2.77519  2.98518  4.58477  3.61503
          0.00462  5.77457  6.49692  0.61958  0.77255  0.84341  0.56254
     49   1.91194  3.67343  5.33467  4.59251  2.41427  3.68257  4.86867  2.00162  3.87700  1.87573  2.96962  4.69924  4.89846  4.63234  4.50829  2.73117  2.90475  2.05712  4.15295  3.55978     50 l - - -
          2.68618  4.42225  2.77519  2.73123  3.46354  2.40513  3.72494  3.29354  2.67741  2.69355  4.24690  2.90347  2.73739  3.18146  2.89801  2.37887  2.77519  2.98518  4.58477  3.61503
          0.00463  5.77228  6.49462  0.61958  0.77255  0.82709  0.57504
     50   2.63267  4.11632  5.33895  4.72294  2.58140  3.43383  4.62961  1.83700  4.50571  1.51393  3.57169  4.70181  4.16435  4.63516  4.51060  3.72762  3.33247  1.98219  5.36151  2.16800     51 l - - -
          2.68618  4.42225  2.77519  2.73123  3.46354  2.40513  3.72494  3.29354  2.67741  2.69355  4.24690  2.90347  2.73739  3.18146  2.89801  2.37887  2.77519  2.98518  4.58477  3.61503
          0.00463  5.77393  6.49628  0.61958  0.77255  0.83631  0.56794
     51   2.58355  4.55521  4.42797  4.71313  2.82847  3.32735  4.86851  1.76809  4.25018  1.27599  3.33166  4.69710  4.89874  4.62961  4.37218  3.07748  3.19294  2.27193  4.14003  3.09089     52 l - - -
          2.68618  4.42225  2.77519  2.73123  3.46354  2.40513  3.72494  3.29354  2.67741  2.69355  4.24690  2.90347  2.73739  3.18146  2.89801  2.37887  2.77519  2.98518  4.58477  3.61503
          0.00463  5.77393  6.49628  0.61958  0.77255  0.81833  0.58191
     52   2.59428  2.21490  4.55417  4.04356  3.22585  2.79176  4.73904  3.10130  4.04936  2.36317  3.58894  4.25611  3.27235  3.77800  4.25325  1.88888  1.75777  2.81484  5.45789  4.06896     53 t - - -
          2.68618  4.42225  2.77519  2.73123  3.46354  2.40513  3.72494  3.29354  2.67741  2.69355  4.24690  2.90347  2.73739  3.18146  2.89801  2.37887  2.77519  2.98518  4.58477  3.61503
          0.00462  5.77576  6.49810  0.61958  0.77255  0.82841  0.57402
     53   2.21845  4.26702  5.16577  3.92063  2.43401  3.49674  4.83914  1.95348  3.41170  1.92598  3.49424  3.43048  3.53582  4.47159  3.34979  3.30846  3.13697  2.16992  3.31748  3.31174     54 l - - -
          2.68618  4.42225  2.77519  2.73123  3.46354  2.40513  3.72494  3.29354  2.67741  2.69355  4.24690  2.90347  2.73739  3.18146  2.89801  2.37887  2.77519  2.98518  4.58477  3.61503
          0.00462  5.77576  6.49810  0.61958  0.77255  0.81435  0.58506
     54   2.77275  4.25591  4.10833  2.42780  2.32110  3.38139  4.65441  2.09937  3.80015  1.90257  3.44488  4.35595  4.86396  3.89372  3.93895  3.48089  2.98119  2.20446  3.36851  2.74370     55 l - - -
          2.68618  4.42225  2.77519  2.73123  3.46354  2.40513  3.72494  3.29354  2.67741  2.69355  4.24690  2.90347  2.73739  3.18146  2.89801  2.37887  2.77519  2.98518  4.58477  3.61503
          0.00461  5.77718  6.49953  0.61958  0.77255  0.78075  0.61260
     55   2.60357  4.24911  4.67488  3.84735  2.79402  3.44202  4.80648  1.87622  4.05654  2.21589  3.30080  4.36893  4.05284  4.45458  2.25457  2.41023  2.59914  2.05568  5.40144  3.90790     56 i - - -
          2.68618  4.42225  2.77519  2.73123  3.46354  2.40513  3.72494  3.29354  2.67741  2.69355  4.24690  2.90347  2.73739  3.18146  2.89801  2.37887  2.77519  2.98518  4.58477  3.61503
          0.00459  5.78142  6.50376  0.61958  0.77255  0.75902  0.63135
     56   3.06533  4.27494  5.35146  4.73518  2.61672  4.40687  4.87969  1.56918  4.17423  1.26620  2.86243  4.71215  4.90901  4.64577  3.98429  3.85731  3.55046  2.29898  4.98823  2.67556     57 l - - -
          2.68618  4.42225  2.77519  2.73123  3.46354  2.40513  3.72494  3.29354  2.67741  2.69355  4.24690  2.90347  2.73739  3.18146  2.89801  2.37887  2.77519  2.98518  4.58477  3.61503
          0.00457  5.78594  6.50829  0.61958  0.77255  0.78289  0.61080
     57   2.15296  4.82718  3.57080  2.73590  3.01291  3.70196  3.92232  3.12592  1.87482  3.03122  4.25738  2.83254  4.50540  3.13889  2.16987  2.76975  3.14125  3.16728  3.61243  3.60741     58 k - - -
          2.68618  4.42225  2.77519  2.73123  3.46354  2.40513  3.72494  3.29354  2.67741  2.69355  4.24690  2.90347  2.73739  3.18146  2.89801  2.37887  2.77519  2.98518  4.58477  3.61503
          0.00826  5.78594  5.26822  0.61958  0.77255  0.72790  0.65956
     58   2.89007  4.16372  3.16665  2.82663  3.81752  3.62137  4.08545  3.16241  1.95000  2.28265  4.21091  2.71117  4.49993  2.98465  2.54563  2.34877  3.09522  3.07983  4.24001  2.94018     59 k - - -
          2.68618  4.42225  2.77519  2.73123  3.46354  2.40513  3.72494  3.29354  2.67741  2.69355  4.24690  2.90347  2.73739  3.18146  2.89801  2.37887  2.77519  2.98518  4.58477  3.61503
          0.00456  5.78790  6.51024  0.61958  0.77255  0.72060  0.66643
     59   1.59686  4.40316  5.32368  4.37572  1.91301  4.22294  4.87861  2.06672  3.82524  2.01934  3.52408  4.46948  4.70289  4.44224  3.76385  3.42488  3.23603  2.14322  4.13240  3.62828     60 a - - -
          2.68618  4.42225  2.77519  2.73123  3.46354  2.40513  3.72494  3.29354  2.67741  2.69355  4.24690  2.90347  2.73739  3.18146  2.89801  2.37887  2.77519  2.98518  4.58477  3.61503
          0.00454  5.79331  6.51566  0.61958  0.77255  0.71823  0.66868
     60   2.96769  5.45762  3.05894  2.43301  3.20082  3.61749  4.25299  3.14262  1.58509  2.78076  4.50291  3.01126  2.90290  3.08160  2.32660  2.72768  3.01230  3.87718  5.72519  3.88677     61 k - - -
          2.68618  4.42225  2.77519  2.73123  3.46354  2.40513  3.72494  3.29354  2.67741  2.69355  4.24690  2.90347  2.73739  3.18146  2.89801  2.37887  2.77519  2.98518  4.58477  3.61503
          0.32512  5.79632  1.29273  0.61958  0.77255  0.73375  0.65413
     61   2.85195  4.04369  3.26540  2.59608  3.43410  3.14850  3.17718  3.81058  2.01084  3.32915  3.99506  2.33568  3.53191  3.03982  2.40637  2.48197  2.92402  3.67030  6.00069  2.88862     62 k - - -
          2.68618  4.42225  2.77519  2.73123  3.46354  2.40513  3.72494  3.29354  2.67741  2.69355  4.24690  2.90347  2.73739  3.18146  2.89801  2.37887  2.77519  2.98518  4.58477  3.61503
          0.14729  5.47530  2.01914  0.61958  0.77255  1.56247  0.23524
     62   2.86251  5.22210  2.68339  2.67311  3.56161  3.70471  3.82311  2.86604  2.32937  1.81436  3.54488  3.30248  3.16068  2.87617  2.84776  2.75083  3.06391  3.02841  5.72149  3.75521     63 l - - -
          2.68634  4.42263  2.77557  2.73152  3.46351  2.40550  3.72532  3.29337  2.67563  2.69278  4.24708  2.90370  2.73773  3.18124  2.89816  2.37920  2.77519  2.98543  4.58468  3.61507
          1.69904  0.42208  1.82349  0.03339  3.41629  0.34388  1.23448
     63   2.69519  5.04071  2.87219  2.63441  4.77791  3.26434  3.82713  4.14507  1.59039  3.81479  4.73193  2.57364  4.11974  2.40477  2.26297  2.43633  2.88346  3.80600  4.18597  4.50832     65 k - - -
          2.68618  4.42225  2.77519  2.73123  3.46354  2.40513  3.72494  3.29354  2.67741  2.69355  4.24690  2.90347  2.73739  3.18146  2.89801  2.37887  2.77519  2.98518  4.58477  3.61503
          0.01453  5.61984  4.52824  0.61958  0.77255  1.31139  0.31395
     64   1.83695  4.10191  3.11367  2.69781  4.34261  2.30060  3.61283  3.63807  2.16158  3.89640  4.71636  2.48558  4.22245  2.82869  2.78186  2.49093  2.87943  3.88743  6.11001  3.87234     66 a - - -
          2.68618  4.42225  2.77519  2.73123  3.46354  2.40513  3.72494  3.29354  2.67741  2.69355  4.24690  2.90347  2.73739  3.18146  2.89801  2.37887  2.77519  2.98518  4.58477  3.61503
          0.00931  5.61076  5.18363  0.61958  0.77255  0.91561  0.51128
     65   1.79537  5.09945  3.07647  2.37304  3.87477  2.73826  4.19255  3.49134  2.45809  2.53172  3.89430  2.64512  3.77730  3.10001  3.25518  2.40194  2.81150  3.48735  5.48819  4.69410     67 a - - -
          2.68618  4.42225  2.77519  2.73123  3.46354  2.40513  3.72494  3.29354  2.67741  2.69355  4.24690  2.90347  2.73739  3.18146  2.89801  2.37887  2.77519  2.98518  4.58477  3.61503
          0.00515  5.66652  6.38886  0.61958  0.77255  0.96662  0.47863
     66   2.57856  4.87950  3.17478  2.02252  4.18643  2.44635  3.73835  2.92226  2.53101  3.46949  3.53266  2.76798  3.52605  2.74610  3.24773  2.48498  2.63968  3.04481  4.47354  4.26416     68 e - - -
          2.68618  4.42225  2.77519  2.73123  3.46354  2.40513  3.72494  3.29354  2.67741  2.69355  4.24690  2.90347  2.73739  3.18146  2.89801  2.37887  2.77519  2.98518  4.58477  3.61503
          0.00501  5.69489  6.41723  0.61958  0.77255  1.02825  0.44259
     67   2.52536  5.74102  2.66427  2.13123  4.87244  2.43798  4.06939  3.35613  2.26035  3.70381  4.78151  2.57423  3.66562  2.81261  2.75588  2.20422  2.81952  3.30814  6.17332  4.59526     69 e - - -
          2.68618  4.42225  2.77519  2.73123  3.46354  2.40513  3.72494  3.29354  2.67741  2.69355  4.24690  2.90347  2.73739  3.18146  2.89801  2.37887  2.77519  2.98518  4.58477  3.61503
          0.01257  5.70463  4.69331  0.61958  0.77255  0.44118  1.03079
     68   2.77453  5.77325  2.78521  2.35400  3.23054  3.47951  2.53273  3.11195  2.34582  2.50708  4.09231  2.83885  4.01656  2.61659  2.38562  3.01492  2.97709  3.53765  6.21067  4.08362     70 k - - -
          2.68618  4.42225  2.77519  2.73123  3.46354  2.40513  3.72494  3.29354  2.67741  2.69355  4.24690  2.90347  2.73739  3.18146  2.89801  2.37887  2.77519  2.98518  4.58477  3.61503
          0.00777  5.79062  5.36348  0.61958  0.77255  0.68618  0.70016
     69   2.93716  5.26701  3.02540  2.41391  4.71426  2.39609  3.74788  3.89607  2.24450  3.41244  4.39289  2.42281  2.35925  3.09465  2.61103  2.48646  2.50680  3.67878  6.22550  4.21929     71 k - - -
          2.68618  4.42225  2.77519  2.73123  3.46354  2.40513  3.72494  3.29354  2.67741  2.69355  4.24690  2.90347  2.73739  3.18146  2.89801  2.37887  2.77519  2.98518  4.58477  3.61503
          0.00453  5.79433  6.51668  0.61958  0.77255  0.72025  0.66676
     70   2.99265  4.24038  4.75261  3.55096  2.24867  3.90104  3.85649  1.49950  3.06386  2.37263  3.51373  4.64244  4.89530  4.12586  4.00316  3.70154  3.38007  1.66180  5.39595  2.92508     72 i - - -
          2.68618  4.42225  2.77519  2.73123  3.46354  2.40513  3.72494  3.29354  2.67741  2.69355  4.24690  2.90347  2.73739  3.18146  2.89801  2.37887  2.77519  2.98518  4.58477  3.61503
          0.00453  5.79589  6.51823  0.61958  0.77255  0.72832  0.65917
     71   3.09278  5.78148  3.12028  2.26912  4.96051  3.79409  3.56480  3.13001  1.83851  3.66507  4.38444  2.64615  3.93026  2.76338  2.84920  2.79223  1.70804  3.24887  6.20869  4.55942     73 t - - -
          2.68618  4.42225  2.77519  2.73123  3.46354  2.40513  3.72494  3.29354  2.67741  2.69355  4.24690  2.90347  2.73739  3.18146  2.89801  2.37887  2.77519  2.98518  4.58477  3.61503
          0.00453  5.79589  6.51823  0.61958  0.77255  0.72832  0.65917
     72   2.68963  4.82873  5.43912  4.83036  3.11820  4.47966  5.00104  1.22708  4.62089  2.24586  3.95484  4.81812  4.63389  4.75619  4.63326  3.71946  3.21441  1.19267  5.49076  4.31294     74 v - - -
          2.68618  4.42225  2.77519  2.73123  3.46354  2.40513  3.72494  3.29354  2.67741  2.69355  4.24690  2.90347  2.73739  3.18146  2.89801  2.37887  2.77519  2.98518  4.58477  3.61503
          0.00454  5.79390  6.51624  0.61958  0.77255  0.72832  0.65917
     73   3.02187  4.47089  3.08786  2.49691  5.06535  3.33507  3.97915  2.06985  1.87591  3.32638  4.19712  3.03844  4.46038  2.83676  3.02956  2.50384  2.27317  2.84628  6.18819  4.64398     75 k - - -
          2.68618  4.42225  2.77519  2.73123  3.46354  2.40513  3.72494  3.29354  2.67741  2.69355  4.24690  2.90347  2.73739  3.18146  2.89801  2.37887  2.77519  2.98518  4.58477  3.61503
          0.00454  5.79390  6.51624  0.61958  0.77255  0.72832  0.65917
     74   3.00926  5.58233  2.54087  1.92369  4.69572  3.25818  4.06200  3.78524  1.91693  4.10101  4.83572  2.70460  4.44931  3.12019  3.13012  1.57944  2.75421  4.09189  6.22742  4.81588     76 s - - -
          2.68618  4.42225  2.77519  2.73123  3.46354  2.40513  3.72494  3.29354  2.67741  2.69355  4.24690  2.90347  2.73739  3.18146  2.89801  2.37887  2.77519  2.98518  4.58477  3.61503
          0.00454  5.79390  6.51624  0.61958  0.77255  0.72832  0.65917
     75   2.16897  3.48769  5.33464  3.99182  3.02314  4.54825  4.88140  1.72017  4.25988  2.48639  3.87490  4.52605  4.91202  4.63969  4.51810  2.91969  3.43450  1.19881  5.37776  3.30268     77 v - - -
          2.68618  4.42225  2.77519  2.73123  3.46354  2.40513  3.72494  3.29354  2.67741  2.69355  4.24690  2.90347  2.73739  3.18146  2.89801  2.37887  2.77519  2.98518  4.58477  3.61503
          0.00454  5.79390  6.51624  0.61958  0.77255  0.72832  0.65917
     76   3.10864  5.10862  3.10331  1.24985  5.14143  4.05628  4.17378  4.62795  1.55866  4.10110  4.83596  3.29673  4.44982  2.85302  2.99941  2.27831  3.17854  3.79332  6.22762  4.62200     78 e - - -
          2.68618  4.42225  2.77519  2.73123  3.46354  2.40513  3.72494  3.29354  2.67741  2.69355  4.24690  2.90347  2.73739  3.18146  2.89801  2.37887  2.77519  2.98518  4.58477  3.61503
          0.00454  5.79390  6.51624  0.61958  0.77255  0.72832  0.65917
     77   2.74646  5.79515  2.66894  2.41816  4.40684  3.80698  2.21844  4.62775  2.49964  3.79230  4.83557  2.13430  2.76272  3.11171  2.98993  1.98516  2.92839  3.96910  6.22729  3.87002     79 s - - -
          2.68618  4.42225  2.77519  2.73123  3.46354  2.40513  3.72494  3.29354  2.67741  2.69355  4.24690  2.90347  2.73739  3.18146  2.89801  2.37887  2.77519  2.98518  4.58477  3.61503
          0.00454  5.79390  6.51624  0.61958  0.77255  0.72832  0.65917
     78   1.98954  5.18788  3.44129  2.18811  4.77306  3.62352  3.88041  2.41973  2.20638  3.40820  4.14336  2.91507  4.10533  3.01032  3.14182  2.86331  2.62530  2.28338  6.15158  4.34475     80 a - - -
          2.68618  4.42225  2.77519  2.73123  3.46354  2.40513  3.72494  3.29354  2.67741  2.69355  4.24690  2.90347  2.73739  3.18146  2.89801  2.37887  2.77519  2.98518  4.58477  3.61503
          0.00454  5.79390  6.51624  0.61958  0.77255  0.72832  0.65917
     79   3.21613  5.79323  1.85588  2.56013  5.13828  3.31293  4.11274  4.52523  2.67262  3.97883  4.58146  1.94849  2.64862  3.20942  2.82955  2.29665  3.28031  2.35612  6.22592  4.81497     81 d - - -
          2.68618  4.42225  2.77519  2.73123  3.46354  2.40513  3.72494  3.29354  2.67741  2.69355  4.24690  2.90347  2.73739  3.18146  2.89801  2.37887  2.77519  2.98518  4.58477  3.61503
          0.00454  5.79390  6.51624  0.61958  0.77255  0.72832  0.65917
     80   2.68748  5.78182  2.30338  2.51146  3.75589  3.16257  3.57183  4.41236  2.33550  3.70945  2.39667  2.56261  4.24177  3.20926  3.05825  2.36082  2.99714  3.74518  6.21750  2.51512     82 d - - -
          2.68618  4.42225  2.77519  2.73123  3.46354  2.40513  3.72494  3.29354  2.67741  2.69355  4.24690  2.90347  2.73739  3.18146  2.89801  2.37887  2.77519  2.98518  4.58477  3.61503
          0.00454  5.79390  6.51624  0.61958  0.77255  0.67701  0.70955
     81   2.97383  5.78264  2.11847  1.36943  4.53226  3.63991  3.72177  3.74262  2.83975  3.70632  2.64397  2.71451  4.45567  2.83805  3.16051  2.76957  3.13563  3.75679  4.60080  4.26829     83 e - - -
          2.68618  4.42225  2.77519  2.73123  3.46354  2.40513  3.72494  3.29354  2.67741  2.69355  4.24690  2.90347  2.73739  3.18146  2.89801  2.37887  2.77519  2.98518  4.58477  3.61503
          0.00451  5.79908  6.52142  0.61958  0.77255  0.64149  0.74762
     82   3.06839  4.77928  5.17806  4.57632  3.87678  3.47989  2.54770  1.76415  4.39618  1.77016  2.88988  3.51566  4.89361  4.13549  4.46105  2.78072  2.68681  1.87505  5.39455  3.29450     84 i - - -
          2.68618  4.42225  2.77519  2.73123  3.46354  2.40513  3.72494  3.29354  2.67741  2.69355  4.24690  2.90347  2.73739  3.18146  2.89801  2.37887  2.77519  2.98518  4.58477  3.61503
          0.00449  5.80341  6.52575  0.61958  0.77255  0.65221  0.73583
     83   2.89797  4.76322  5.35177  4.73651  3.10256  4.29379  4.89152  1.72698  4.52148  1.04236  2.68210  4.46212  4.19813  4.65277  4.52981  3.26478  2.89937  2.43722  5.38534  4.20938     85 l - - -
          2.68618  4.42225  2.77519  2.73123  3.46354  2.40513  3.72494  3.29354  2.67741  2.69355  4.24690  2.90347  2.73739  3.18146  2.89801  2.37887  2.77519  2.98518  4.58477  3.61503
          0.00448  5.80525  6.52759  0.61958  0.77255  0.66120  0.72615
     84   2.10822  5.54903  3.19848  2.47363  5.10799  2.59329  4.25619  4.34851  2.99535  4.07457  4.61915  1.86227  4.46106  3.26948  3.38933  1.92697  2.05552  3.16181  6.21340  4.80922     86 n - - -
          2.68618  4.42225  2.77519  2.73123  3.46354  2.40513  3.72494  3.29354  2.67741  2.69355  4.24690  2.90347  2.73739  3.18146  2.89801  2.37887  2.77519  2.98518  4.58477  3.61503
          0.01166  5.80346  4.75914  0.61958  0.77255  0.66120  0.72615
     85   3.40545  4.42697  4.83543  4.71739  1.43570  4.56925  4.88419  3.03203  4.51049  1.98742  3.56803  4.71606  4.93210  3.70560  4.53098  3.70631  3.63747  2.88791  5.37716  1.22109     87 y - - -
          2.68618  4.42225  2.77519  2.73123  3.46354  2.40513  3.72494  3.29354  2.67741  2.69355  4.24690  2.90347  2.73739  3.18146  2.89801  2.37887  2.77519  2.98518  4.58477  3.61503
          0.01477  5.79632  4.45449  0.61958  0.77255  0.69807  0.68825
     86   3.25921  4.51064  5.36846  4.75308  2.29588  4.56522  4.90070  2.19567  4.53607  1.35536  3.43633  4.73153  4.92769  4.66505  4.54045  3.58772  2.41765  1.47701  5.38973  3.86667     88 l - - -
          2.68618  4.42225  2.77519  2.73123  3.46354  2.40513  3.72494  3.29354  2.67741  2.69355  4.24690  2.90347  2.73739  3.18146  2.89801  2.37887  2.77519  2.98518  4.58477  3.61503
          0.00456  5.78931  6.51165  0.61958  0.77255  0.74812  0.64104
     87   2.27382  4.75164  5.25953  4.65598  2.46189  3.62178  4.41887  2.29490  4.45660  1.66096  2.79038  4.67084  4.89191  4.59885  2.30067  3.13764  2.64677  2.08044  5.36410  4.19909     89 l - - -
          2.68618  4.42225  2.77519  2.73123  3.46354  2.40513  3.72494  3.29354  2.67741  2.69355  4.24690  2.90347  2.73739  3.18146  2.89801  2.37887  2.77519  2.98518  4.58477  3.61503
          0.00455  5.79151  6.51386  0.61958  0.77255  0.74812  0.64104
     88   2.52439  5.64899  2.96269  3.03869  4.94940  3.97618  4.16258  4.20975  3.03843  3.20035  4.71345  2.43986  2.25648  3.39505  3.51990  2.20980  1.34220  3.65021  6.11230  4.74761     90 t - - -
          2.68618  4.42225  2.77519  2.73123  3.46354  2.40513  3.72494  3.29354  2.67741  2.69355  4.24690  2.90347  2.73739  3.18146  2.89801  2.37887  2.77519  2.98518  4.58477  3.61503
          0.00457  5.78629  6.50864  0.61958  0.77255  0.69958  0.68676
     89   5.17624  6.26761  6.38372  6.17449  2.15621  5.91822  4.85553  4.47372  5.95049  3.95931  3.42754  5.61332  6.19334  5.73099  5.80972  4.10851  5.38510  4.72725  4.95306  0.29031     91 Y - - -
          2.68618  4.42225  2.77519  2.73123  3.46354  2.40513  3.72494  3.29354  2.67741  2.69355  4.24690  2.90347  2.73739  3.18146  2.89801  2.37887  2.77519  2.98518  4.58477  3.61503
          0.00455  5.79122  6.51357  0.61958  0.77255  0.72430  0.66294
     90   2.96148  4.79337  5.40107  4.78734  3.11305  4.60321  4.11295  1.20417  4.57243  1.54409  3.08563  4.76887  4.96301  4.70123  4.57816  3.80514  3.57724  1.69758  5.42697  4.25245     92 i - - -
          2.68618  4.42225  2.77519  2.73123  3.46354  2.40513  3.72494  3.29354  2.67741  2.69355  4.24690  2.90347  2.73739  3.18146  2.89801  2.37887  2.77519  2.98518  4.58477  3.61503
          0.00582  5.78984  5.89843  0.61958  0.77255  0.61057  0.78316
     91   2.77513  4.76472  5.31530  4.70224  2.76501  4.55056  4.55928  1.69131  2.57419  1.71936  3.06297  4.70204  4.91457  4.49166  4.27621  3.12222  3.48605  1.56937  5.38601  4.15013     93 v - - -
          2.68618  4.42225  2.77519  2.73123  3.46354  2.40513  3.72494  3.29354  2.67741  2.69355  4.24690  2.90347  2.73739  3.18146  2.89801  2.37887  2.77519  2.98518  4.58477  3.61503
          0.00450  5.80236  6.52471  0.61958  0.77255  0.67067  0.71614
     92   3.42065  5.63134  4.75076  3.99266  6.28212  3.55411  5.97217  5.78949  5.13204  5.42995  6.19617  4.79704  0.37620  5.26583  5.42322  1.89370  3.72191  4.95120  7.58103  6.41435     94 P - - -
          2.68618  4.42225  2.77519  2.73123  3.46354  2.40513  3.72494  3.29354  2.67741  2.69355  4.24690  2.90347  2.73739  3.18146  2.89801  2.37887  2.77519  2.98518  4.58477  3.61503
          0.00450  5.80236  6.52471  0.61958  0.77255  0.67067  0.71614
     93   3.81952  4.09977  5.78460  5.17784  1.06710  5.01531  5.32954  2.51718  4.97197  1.05681  3.41861  5.18240  5.31653  5.03971  4.95650  4.34079  4.04463  2.97635  4.29684  4.58769     95 l - - -
          2.68618  4.42225  2.77519  2.73123  3.46354  2.40513  3.72494  3.29354  2.67741  2.69355  4.24690  2.90347  2.73739  3.18146  2.89801  2.37887  2.77519  2.98518  4.58477  3.61503
          0.00450  5.80236  6.52471  0.61958  0.77255  0.67067  0.71614
     94   3.13891  4.76714  2.64395  4.48806  2.27300  3.52732  4.88634  1.78459  4.50107  1.65421  2.33749  4.50095  4.91823  4.63765  4.51930  3.67333  3.44018  2.04858  5.38852  3.53333     96 l - - -
          2.68618  4.42225  2.77519  2.73123  3.46354  2.40513  3.72494  3.29354  2.67741  2.69355  4.24690  2.90347  2.73739  3.18146  2.89801  2.37887  2.77519  2.98518  4.58477  3.61503
          0.00448  5.80687  6.52921  0.61958  0.77255  0.67067  0.71614
     95   2.53382  3.50556  3.78086  3.24654  2.72487  2.28028  4.56728  3.29933  3.28865  2.89516  3.51247  3.60406  4.36290  3.80690  3.49215  1.86729  2.34280  2.01922  5.66498  4.42697     97 s - - -
          2.68618  4.42225  2.77519  2.73123  3.46354  2.40513  3.72494  3.29354  2.67741  2.69355  4.24690  2.90347  2.73739  3.18146  2.89801  2.37887  2.77519  2.98518  4.58477  3.61503
          0.00448  5.80687  6.52921  0.61958  0.77255  0.67067  0.71614
     96   2.57982  5.56468  2.99985  3.00976  2.10327  3.64847  3.31910  2.45595  2.45507  2.31502  3.77578  3.07431  4.29206  2.86800  2.87240  2.81033  2.73351  3.38575  6.05517  4.70595     98 f - - -
          2.68618  4.42225  2.77519  2.73123  3.46354  2.40513  3.72494  3.29354  2.67741  2.69355  4.24690  2.90347  2.73739  3.18146  2.89801  2.37887  2.77519  2.98518  4.58477  3.61503
          0.02730  5.80687  3.73303  0.61958  0.77255  0.67067  0.71614
     97   2.91487  5.78778  1.37933  1.94285  4.58061  3.28307  4.23723  4.15085  2.63167  3.74643  4.47929  2.48626  4.03947  2.85388  3.41011  2.32099  3.23892  3.85025  6.22031  4.53841     99 d - - -
          2.68618  4.42225  2.77519  2.73123  3.46354  2.40513  3.72494  3.29354  2.67741  2.69355  4.24690  2.90347  2.73739  3.18146  2.89801  2.37887  2.77519  2.98518  4.58477  3.61503
          0.05640  5.78415  2.96099  0.61958  0.77255  0.78218  0.61140
     98   3.29243  4.74411  4.28885  4.04018  1.89697  4.07711  4.71441  2.23826  3.92844  1.37310  3.53114  3.74473  3.58629  4.04017  4.40386  3.15928  3.29470  2.43033  5.36256  2.47024    100 l - - -
          2.68618  4.42225  2.77519  2.73123  3.46354  2.40513  3.72494  3.29354  2.67741  2.69355  4.24690  2.90347  2.73739  3.18146  2.89801  2.37887  2.77519  2.98518  4.58477  3.61503
          0.12118  5.73644  2.19910  0.61958  0.77255  0.81982  0.58073
     99   2.61169  5.24037  2.28452  2.07210  4.58864  2.40988  4.09681  4.40387  2.56728  3.70285  4.06457  2.42937  2.89908  3.01611  3.29884  2.20188  2.56511  3.98938  6.13623  4.72518    101 e - - -
          2.68618  4.42225  2.77519  2.73123  3.46354  2.40513  3.72494  3.29354  2.67741  2.69355  4.24690  2.90347  2.73739  3.18146  2.89801  2.37887  2.77519  2.98518  4.58477  3.61503
          0.00528  5.64217  6.36451  0.61958  0.77255  0.33717  1.25103
    100   2.83598  5.79971  2.05595  2.31057  4.19855  3.07668  4.16863  3.48267  2.17312  3.81060  4.84036  2.60247  4.45620  3.03804  3.22179  1.81428  2.40535  3.76240  6.23237  4.82139    102 s - - -
          2.68618  4.42225  2.77519  2.73123  3.46354  2.40513  3.72494  3.29354  2.67741  2.69355  4.24690  2.90347  2.73739  3.18146  2.89801  2.37887  2.77519  2.98518  4.58477  3.61503
          0.00658  5.80452  5.64367  0.61958  0.77255  0.68093  0.70551
    101   2.48925  5.14333  3.26744  2.84535  3.16160  3.28368  4.52478  2.54752  2.85537  2.44714  3.57914  3.34526  2.56945  3.68815  3.72814  3.00299  2.46099  2.27763  2.85069  4.02674    103 v - - -
          2.68618  4.42225  2.77519  2.73123  3.46354  2.40513  3.72494  3.29354  2.67741  2.69355  4.24690  2.90347  2.73739  3.18146  2.89801  2.37887  2.77519  2.98518  4.58477  3.61503
          0.00449  5.80446  6.52681  0.61958  0.77255  0.68067  0.70579
    102   2.83800  5.79815  2.81786  2.12578  4.16368  3.01479  3.85718  3.41815  2.59270  2.95064  4.44582  2.83504  3.30655  2.27821  2.04528  2.55346  3.01438  3.49779  5.57726  4.27672    104 r - - -
          2.68618  4.42225  2.77519  2.73123  3.46354  2.40513  3.72494  3.29354  2.67741  2.69355  4.24690  2.90347  2.73739  3.18146  2.89801  2.37887  2.77519  2.98518  4.58477  3.61503
          0.00448  5.80654  6.52888  0.61958  0.77255  0.66827  0.71866
    103   3.03625  5.80327  2.29771  2.39580  4.25700  3.23582  4.25214  4.48091  2.10679  3.73146  4.60584  2.32686  4.08246  2.80804  3.24982  1.78677  2.56968  3.72208  6.23567  3.24479    105 s - - -
          2.68618  4.42225  2.77519  2.73123  3.46354  2.40513  3.72494  3.29354  2.67741  2.69355  4.24690  2.90347  2.73739  3.18146  2.89801  2.37887  2.77519  2.98518  4.58477  3.61503
          0.00447  5.80878  6.53113  0.61958  0.77255  0.67947  0.70701
    104   2.94620  4.30982  5.36371  4.62948  2.52884  4.30233  4.89442  2.00320  4.19197  1.41883  2.43626  3.99784  4.71564  4.34705  4.27664  3.67960  3.33917  1.87161  2.98424  3.91186    106 l - - -
          2.68618  4.42225  2.77519  2.73123  3.46354  2.40513  3.72494  3.29354  2.67741  2.69355  4.24690  2.90347  2.73739  3.18146  2.89801  2.37887  2.77519  2.98518  4.58477  3.61503
          0.00447  5.80878  6.53113  0.61958  0.77255  0.67947  0.70701
    105   2.33357  4.62103  4.49458  4.11328  2.92560  3.54580  4.65149  1.75986  3.72380  1.89043  3.66483  3.90985  4.68084  3.84966  3.98396  3.41078  2.93517  1.55825  5.41624  3.48888    107 v - - -
          2.68618  4.42225  2.77519  2.73123  3.46354  2.40513  3.72494  3.29354  2.67741  2.69355  4.24690  2.90347  2.73739  3.18146  2.89801  2.37887  2.77519  2.98518  4.58477  3.61503
          0.00447  5.80878  6.53113  0.61958  0.77255  0.67947  0.70701
    106   2.09688  4.65201  4.06338  3.38204  4.32202  2.45522  4.51392  2.71723  2.83342  2.56776  3.08646  3.10848  3.47571  3.49504  3.25151  2.33315  2.56164  2.16450  5.73397  3.80513    108 a - - -
          2.68618  4.42225  2.77519  2.73123  3.46354  2.40513  3.72494  3.29354  2.67741  2.69355  4.24690  2.90347  2.73739  3.18146  2.89801  2.37887  2.77519  2.98518  4.58477  3.61503
          0.00447  5.80878  6.53113  0.61958  0.77255  0.65331  0.73463
    107   2.63157  4.56798  4.19047  4.32118  1.87804  3.61561  4.08759  2.48928  4.30587  1.76113  3.49233  2.33378  4.90320  3.97739  4.40837  3.50872  3.05141  2.30277  3.21166  3.19020    109 l - - -
          2.68618  4.42225  2.77519  2.73123  3.46354  2.40513  3.72494  3.29354  2.67741  2.69355  4.24690  2.90347  2.73739  3.18146  2.89801  2.37887  2.77519  2.98518  4.58477  3.61503
          0.00446  5.81136  6.53370  0.61958  0.77255  0.66595  0.72111
    108   2.25705  2.62916  5.36621  4.75009  2.64992  3.26361  4.89635  1.95714  4.53250  1.60738  3.39836  4.72818  4.92586  4.54815  4.53684  2.97710  2.99397  1.96908  4.34025  4.09822    110 l - - -
          2.68618  4.42225  2.77519  2.73123  3.46354  2.40513  3.72494  3.29354  2.67741  2.69355  4.24690  2.90347  2.73739  3.18146  2.89801  2.37887  2.77519  2.98518  4.58477  3.61503
          0.00446  5.81136  6.53370  0.61958  0.77255  0.66595  0.72111
    109   3.04148  4.07848  2.34562  4.71784  2.33042  3.39130  4.89024  1.75615  4.50784  1.85652  3.55927  4.71270  3.54444  4.64343  4.52421  3.42459  3.27736  1.86195  4.47579  3.56271    111 i - - -
          2.68618  4.42225  2.77519  2.73123  3.46354  2.40513  3.72494  3.29354  2.67741  2.69355  4.24690  2.90347  2.73739  3.18146  2.89801  2.37887  2.77519  2.98518  4.58477  3.61503
          0.00446  5.81136  6.53370  0.61958  0.77255  0.62978  0.76080
    110   2.79792  4.53837  5.38318  4.76754  1.70163  4.57916  4.91426  2.17093  4.55023  1.35072  3.05781  4.74561  4.94181  4.67897  4.55430  3.59955  3.02133  1.88832  5.40331  4.07079    112 l - - -
          2.68618  4.42225  2.77519  2.73123  3.46354  2.40513  3.72494  3.29354  2.67741  2.69355  4.24690  2.90347  2.73739  3.18146  2.89801  2.37887  2.77519  2.98518  4.58477  3.61503
          0.01753  5.81492  4.24084  0.61958  0.77255  0.64684  0.74170
    111   2.91801  4.75859  5.36123  4.74502  2.00563  4.12148  4.89028  2.23405  4.52714  1.22174  3.17461  4.72247  4.91969  4.20376  4.53101  3.62734  3.42062  1.83395  4.54356  3.22783    113 l - - -
          2.68618  4.42225  2.77519  2.73123  3.46354  2.40513  3.72494  3.29354  2.67741  2.69355  4.24690  2.90347  2.73739  3.18146  2.89801  2.37887  2.77519  2.98518  4.58477  3.61503
          0.00689  5.80189  5.56130  0.61958  0.77255  0.58890  0.80955
    112   2.58680  3.93600  4.71494  4.70856  2.94343  2.97689  4.88916  1.79543  4.50091  1.77626  3.57665  3.82128  4.92140  4.63852  4.52106  2.51936  2.39135  1.85239  5.39299  3.98933    114 l - - -
          2.68618  4.42225  2.77519  2.73123  3.46354  2.40513  3.72494  3.29354  2.67741  2.69355  4.24690  2.90347  2.73739  3.18146  2.89801  2.37887  2.77519  2.98518  4.58477  3.61503
          0.01137  5.81257  4.78939  0.61958  0.77255  0.65948  0.72799
    113   3.09089  4.27653  5.36375  4.74754  2.85356  4.17622  4.89285  1.49354  4.52967  1.68630  3.01033  4.72501  4.92225  4.01915  4.53357  3.20591  3.14450  1.73445  2.86294  4.20744    115 i - - -
          2.68618  4.42225  2.77519  2.73123  3.46354  2.40513  3.72494  3.29354  2.67741  2.69355  4.24690  2.90347  2.73739  3.18146  2.89801  2.37887  2.77519  2.98518  4.58477  3.61503
          0.00448  5.80568  6.52803  0.61958  0.77255  0.69550  0.69080
    114   3.18822  3.78229  5.26993  3.66122  2.83820  4.09606  3.32156  1.43798  4.46227  1.67411  2.24053  3.07997  4.91095  3.80690  4.49864  3.66467  3.15106  2.58875  5.39377  4.11603    116 i - - -
          2.68618  4.42225  2.77519  2.73123  3.46354  2.40513  3.72494  3.29354  2.67741  2.69355  4.24690  2.90347  2.73739  3.18146  2.89801  2.37887  2.77519  2.98518  4.58477  3.61503
          0.00448  5.80568  6.52803  0.61958  0.77255  0.67150  0.71527
    115   2.31436  2.58060  5.34308  4.72824  1.79960  1.52930  4.88838  2.55286  4.51469  2.53344  3.29426  4.71525  4.64581  4.64727  4.52543  3.31705  3.33198  2.59270  4.95347  3.72511    117 g - - -
          2.68618  4.42225  2.77519  2.73123  3.46354  2.40513  3.72494  3.29354  2.67741  2.69355  4.24690  2.90347  2.73739  3.18146  2.89801  2.37887  2.77519  2.98518  4.58477  3.61503
          0.00449  5.80446  6.52680  0.61958  0.77255  0.68331  0.70308
    116   2.43329  4.29515  5.33571  4.72136  2.08039  4.15150  4.48078  2.11530  4.19806  1.88897  3.53400  4.49345  2.31551  4.20469  3.81399  3.35812  3.18879  2.09079  3.41410  3.28308    118 l - - -
          2.68618  4.42225  2.77519  2.73123  3.46354  2.40513  3.72494  3.29354  2.67741  2.69355  4.24690  2.90347  2.73739  3.18146  2.89801  2.37887  2.77519  2.98518  4.58477  3.61503
          0.00449  5.80446  6.52680  0.61958  0.77255  0.68331  0.70308
    117   3.40737  4.77920  4.45723  4.76476  3.15963  4.58036  4.91525  1.25917  4.54869  1.27131  3.05070  4.53643  4.94225  4.67767  4.55419  3.89260  3.30927  2.20906  5.40420  3.05434    119 i - - -
          2.68618  4.42225  2.77519  2.73123  3.46354  2.40513  3.72494  3.29354  2.67741  2.69355  4.24690  2.90347  2.73739  3.18146  2.89801  2.37887  2.77519  2.98518  4.58477  3.61503
          0.00449  5.80446  6.52680  0.61958  0.77255  0.68331  0.70308
    118   2.69920  3.67476  5.32429  4.71072  2.47684  4.55283  2.51500  2.58018  4.50127  2.16701  3.59634  4.70681  4.91679  4.49589  4.51853  2.95750  2.14213  2.64563  5.38641  1.57988    120 y - - -
          2.68618  4.42225  2.77519  2.73123  3.46354  2.40513  3.72494  3.29354  2.67741  2.69355  4.24690  2.90347  2.73739  3.18146  2.89801  2.37887  2.77519  2.98518  4.58477  3.61503
          0.00687  5.80446  5.56387  0.61958  0.77255  0.68331  0.70308
    119   2.75027  4.01013  4.78046  4.64447  3.55593  4.27710  4.06916  1.67479  4.24678  2.68995  3.65875  4.28910  2.56485  4.43509  3.79690  2.83526  3.23603  1.82787  2.73244  2.33994    121 i - - -
          2.68618  4.42225  2.77519  2.73123  3.46354  2.40513  3.72494  3.29354  2.67741  2.69355  4.24690  2.90347  2.73739  3.18146  2.89801  2.37887  2.77519  2.98518  4.58477  3.61503
          0.00450  5.80208  6.52443  0.61958  0.77255  0.69550  0.69080
    120   3.06251  5.79541  3.46597  2.24892  3.39484  3.40536  3.21796  4.62439  1.52584  3.34217  4.40508  2.79052  4.45529  3.02886  1.93221  2.74849  2.73088  3.77404  6.22881  4.46452    122 k - - -
          2.68618  4.42225  2.77519  2.73123  3.46354  2.40513  3.72494  3.29354  2.67741  2.69355  4.24690  2.90347  2.73739  3.18146  2.89801  2.37887  2.77519  2.98518  4.58477  3.61503
          0.00450  5.80208  6.52443  0.61958  0.77255  0.69550  0.69080
    121   2.73339  5.64213  3.45354  2.95206  4.92478  3.23276  3.51537  3.79500  3.01697  3.23734  3.57353  2.58321  4.48971  3.29755  3.45975  1.66713  1.36738  3.78343  6.11412  4.74433    123 t - - -
          2.68618  4.42225  2.77519  2.73123  3.46354  2.40513  3.72494  3.29354  2.67741  2.69355  4.24690  2.90347  2.73739  3.18146  2.89801  2.37887  2.77519  2.98518  4.58477  3.61503
          0.00450  5.80208  6.52443  0.61958  0.77255  0.62397  0.76747
    122   3.26808  5.80573  2.05214  2.13722  5.15207  2.26473  3.14247  4.63895  2.64212  4.01202  4.62662  1.88628  4.16375  2.68613  2.95219  2.48779  3.46533  4.19705  6.23765  3.44263    124 n - - -
          2.68618  4.42225  2.77519  2.73123  3.46354  2.40513  3.72494  3.29354  2.67741  2.69355  4.24690  2.90347  2.73739  3.18146  2.89801  2.37887  2.77519  2.98518  4.58477  3.61503
          0.00447  5.80931  6.53166  0.61958  0.77255  0.65781  0.72978
    123   2.52117  5.69365  3.55060  3.03857  4.99372  3.18620  2.85623  3.87274  2.49376  1.76386  3.25693  2.46191  4.48289  2.33058  3.10300  2.48552  2.87436  3.96650  6.15425  3.85148    125 l - - -
          2.68618  4.42225  2.77519  2.73123  3.46354  2.40513  3.72494  3.29354  2.67741  2.69355  4.24690  2.90347  2.73739  3.18146  2.89801  2.37887  2.77519  2.98518  4.58477  3.61503
          0.00447  5.80931  6.53166  0.61958  0.77255  0.65781  0.72978
    124   3.24737  4.76446  5.35967  4.74393  2.10515  4.56034  3.82086  1.67745  4.52750  1.74389  3.04404  4.25581  4.92398  4.65763  4.53368  3.36578  2.95038  2.31753  5.38626  2.01571    126 i - - -
          2.68618  4.42225  2.77519  2.73123  3.46354  2.40513  3.72494  3.29354  2.67741  2.69355  4.24690  2.90347  2.73739  3.18146  2.89801  2.37887  2.77519  2.98518  4.58477  3.61503
          0.00447  5.80931  6.53166  0.61958  0.77255  0.65781  0.72978
    125   3.19002  4.45202  5.05444  4.45713  1.86913  4.51693  2.58326  2.58387  3.89171  2.13258  3.79901  3.23345  3.47751  3.86915  4.41220  3.10770  3.30089  2.75111  5.42646  1.61670    127 y - - -
          2.68618  4.42225  2.77519  2.73123  3.46354  2.40513  3.72494  3.29354  2.67741  2.69355  4.24690  2.90347  2.73739  3.18146  2.89801  2.37887  2.77519  2.98518  4.58477  3.61503
          0.00447  5.80931  6.53166  0.61958  0.77255  0.65781  0.72978
    126   2.16462  4.55741  2.86497  4.31636  2.34688  3.92433  4.79733  2.25343  3.93084  1.86343  2.47054  2.84313  4.40910  3.56451  4.34413  3.00384  3.37966  2.47267  5.44918  3.43118    128 l - - -
          2.68618  4.42225  2.77519  2.73123  3.46354  2.40513  3.72494  3.29354  2.67741  2.69355  4.24690  2.90347  2.73739  3.18146  2.89801  2.37887  2.77519  2.98518  4.58477  3.61503
          0.00609  5.80617  5.78920  0.61958  0.77255  0.65781  0.72978
    127   3.28029  6.45223  2.42603  2.64561  5.76651  4.32292  3.41417  5.28268  3.48135  4.74400  5.52736  0.52661  4.85931  3.85269  3.75038  3.56628  3.97570  4.83115  6.87788  5.40066    129 N - - -
          2.68618  4.42225  2.77519  2.73123  3.46354  2.40513  3.72494  3.29354  2.67741  2.69355  4.24690  2.90347  2.73739  3.18146  2.89801  2.37887  2.77519  2.98518  4.58477  3.61503
          0.00449  5.80457  6.52691  0.61958  0.77255  0.66628  0.72076
    128   2.80597  5.54650  3.50783  2.68049  4.79559  3.99124  4.33199  3.19733  2.84073  3.21525  4.61418  3.55432  0.83246  3.32759  3.32147  3.28860  3.44697  3.44948  6.04127  4.69758    130 p - - -
          2.68618  4.42225  2.77519  2.73123  3.46354  2.40513  3.72494  3.29354  2.67741  2.69355  4.24690  2.90347  2.73739  3.18146  2.89801  2.37887  2.77519  2.98518  4.58477  3.61503
          0.00449  5.80457  6.52691  0.61958  0.77255  0.64569  0.74297
    129   3.19610  4.38263  5.37248  4.75780  3.69190  4.57628  4.91177  2.01049  4.54263  1.32631  2.64081  4.74010  4.93900  4.67344  4.45634  2.87606  2.04249  1.78701  5.40342  4.22751    131 l - - -
          2.68618  4.42225  2.77519  2.73123  3.46354  2.40513  3.72494  3.29354  2.67741  2.69355  4.24690  2.90347  2.73739  3.18146  2.89801  2.37887  2.77519  2.98518  4.58477  3.61503
          0.00448  5.80659  6.52894  0.61958  0.77255  0.65554  0.73223
    130   3.84966  4.09818  5.82482  5.21211  2.32047  5.04903  5.35615  2.16202  5.00477  0.60057  2.87787  5.21627  5.34841  5.06699  4.98661  4.37186  4.07453  3.32354  4.62822  3.96053    132 L - - -
          2.68618  4.42225  2.77519  2.73123  3.46354  2.40513  3.72494  3.29354  2.67741  2.69355  4.24690  2.90347  2.73739  3.18146  2.89801  2.37887  2.77519  2.98518  4.58477  3.61503
          0.00523  5.80659  6.11387  0.61958  0.77255  0.65554  0.73223
    131   1.62530  4.87966  3.61441  2.82287  4.35949  2.43810  4.11789  2.58495  2.73654  2.46017  4.36624  3.06759  4.52917  3.41325  3.13671  2.03388  3.11980  3.77313  6.00471  3.89453    133 a - - -
          2.68618  4.42225  2.77519  2.73123  3.46354  2.40513  3.72494  3.29354  2.67741  2.69355  4.24690  2.90347  2.73739  3.18146  2.89801  2.37887  2.77519  2.98518  4.58477  3.61503
          0.00449  5.80381  6.52616  0.61958  0.77255  0.65953  0.72793
    132   2.63365  4.59519  5.30481  4.47540  2.84661  4.41663  4.73184  1.72309  3.10239  1.30668  2.82051  4.62670  4.91406  4.12678  4.02369  3.38384  2.98901  2.16936  5.38816  4.21118    134 l - - -
          2.68618  4.42225  2.77519  2.73123  3.46354  2.40513  3.72494  3.29354  2.67741  2.69355  4.24690  2.90347  2.73739  3.18146  2.89801  2.37887  2.77519  2.98518  4.58477  3.61503
          0.04339  5.80381  3.23280  0.61958  0.77255  0.54069  0.87311
    133   2.79202  3.97622  5.34644  4.73020  1.65061  4.54101  4.53588  2.75722  4.51224  1.32312  1.98578  4.70748  4.90455  4.64103  4.51597  3.46441  3.48872  2.59800  4.01758  3.74001    135 l - - -
          2.68618  4.42225  2.77519  2.73123  3.46354  2.40513  3.72494  3.29354  2.67741  2.69355  4.24690  2.90347  2.73739  3.18146  2.89801  2.37887  2.77519  2.98518  4.58477  3.61503
          0.00774  5.77957  5.37813  0.61958  0.77255  0.48896  0.95002
    134   3.62157  6.03874  3.89746  3.21800  5.42985  0.80807  4.16104  4.86593  1.73939  4.31375  5.08763  3.12988  4.53674  3.38232  2.55962  3.46835  3.74178  4.45842  5.64981  5.07492    136 g - - -
          2.68618  4.42225  2.77519  2.73123  3.46354  2.40513  3.72494  3.29354  2.67741  2.69355  4.24690  2.90347  2.73739  3.18146  2.89801  2.37887  2.77519  2.98518  4.58477  3.61503
          0.00446  5.81069  6.53304  0.61958  0.77255  0.60095  0.79472
    135   3.43296  4.85258  5.11814  4.52311  1.94405  4.56464  4.24680  3.10381  3.83413  2.95801  3.79884  4.55045  4.40786  4.44205  2.46642  3.86424  3.66473  2.91101  2.28224  1.16500    137 y - - -
          2.68618  4.42225  2.77519  2.73123  3.46354  2.40513  3.72494  3.29354  2.67741  2.69355  4.24690  2.90347  2.73739  3.18146  2.89801  2.37887  2.77519  2.98518  4.58477  3.61503
          0.00445  5.81371  6.53606  0.61958  0.77255  0.61492  0.77802
    136   3.25729  5.80384  3.42792  2.98931  5.14813  2.20579  2.34573  4.32088  1.83455  4.10868  4.04982  2.33960  4.46292  2.92058  1.82434  2.79809  3.22118  3.97365  6.23688  4.38841    138 r - - -
          2.68618  4.42225  2.77519  2.73123  3.46354  2.40513  3.72494  3.29354  2.67741  2.69355  4.24690  2.90347  2.73739  3.18146  2.89801  2.37887  2.77519  2.98518  4.58477  3.61503
          0.00445  5.81371  6.53606  0.61958  0.77255  0.61492  0.77802
    137   2.37047  4.76901  5.34947  4.73462  2.01830  4.56159  4.67459  1.68278  3.78387  1.53111  3.44155  4.72164  4.64657  4.37787  4.53180  3.01905  3.14770  2.31437  5.39066  3.27051    139 l - - -
          2.68618  4.42225  2.77519  2.73123  3.46354  2.40513  3.72494  3.29354  2.67741  2.69355  4.24690  2.90347  2.73739  3.18146  2.89801  2.37887  2.77519  2.98518  4.58477  3.61503
          0.00445  5.81371  6.53606  0.61958  0.77255  0.61492  0.77802
    138   4.83281  5.43551  4.50791  5.88376  1.91698  5.70765  4.15842  3.58101  5.67888  3.77341  4.72183  5.48804  6.01297  5.56569  5.60460  5.06052  5.05022  4.43466  4.99365  0.35775    140 Y - - -
          2.68618  4.42225  2.77519  2.73123  3.46354  2.40513  3.72494  3.29354  2.67741  2.69355  4.24690  2.90347  2.73739  3.18146  2.89801  2.37887  2.77519  2.98518  4.58477  3.61503
          0.00447  5.80867  6.53102  0.61958  0.77255  0.61492  0.77802
    139   3.12048  5.79705  2.65395  1.58679  4.83546  3.77253  4.14591  2.77692  1.86531  2.79597  4.34856  3.26133  4.45981  2.95209  2.72954  2.58543  2.74367  3.77457  6.23109  4.82151    141 e - - -
          2.68618  4.42225  2.77519  2.73123  3.46354  2.40513  3.72494  3.29354  2.67741  2.69355  4.24690  2.90347  2.73739  3.18146  2.89801  2.37887  2.77519  2.98518  4.58477  3.61503
          0.00447  5.80867  6.53102  0.61958  0.77255  0.61492  0.77802
    140   2.04242  3.04556  3.32491  4.66791  3.17139  4.31158  4.37596  1.71531  4.46890  2.70824  3.89303  4.24057  4.91382  4.61398  4.50312  3.20545  3.25037  1.24939  4.88474  4.21744    142 v - - -
          2.68618  4.42225  2.77519  2.73123  3.46354  2.40513  3.72494  3.29354  2.67741  2.69355  4.24690  2.90347  2.73739  3.18146  2.89801  2.37887  2.77519  2.98518  4.58477  3.61503
          0.00447  5.80867  6.53102  0.61958  0.77255  0.61492  0.77802
    141   3.09279  5.38804  2.54325  1.68053  4.58303  3.53580  3.88926  4.63745  2.04339  4.11033  4.84497  1.93717  4.32661  3.03119  3.35395  2.59060  2.25228  4.12396  6.23663  3.77190    143 e - - -
          2.68618  4.42225  2.77519  2.73123  3.46354  2.40513  3.72494  3.29354  2.67741  2.69355  4.24690  2.90347  2.73739  3.18146  2.89801  2.37887  2.77519  2.98518  4.58477  3.61503
          0.00717  5.80867  5.48746  0.61958  0.77255  0.61492  0.77802
    142   2.79452  4.37345  2.86774  3.25551  2.86277  3.06548  4.13738  2.61135  2.95552  2.86938  3.80149  2.86989  3.87013  3.73455  3.60564  2.57676  1.87542  2.74905  5.77000  2.50640    144 t - - -
          2.68618  4.42225  2.77519  2.73123  3.46354  2.40513  3.72494  3.29354  2.67741  2.69355  4.24690  2.90347  2.73739  3.18146  2.89801  2.37887  2.77519  2.98518  4.58477  3.61503
          0.02112  5.80599  4.02330  0.61958  0.77255  0.61709  0.77547
    143   1.97391  5.11176  2.50679  2.10476  4.44668  3.06400  3.95298  3.81017  2.09514  3.58701  4.02998  2.58923  3.76941  2.92161  3.06734  2.40793  2.86040  3.59349  6.22396  4.81296    145 a - - -
          2.68618  4.42225  2.77519  2.73123  3.46354  2.40513  3.72494  3.29354  2.67741  2.69355  4.24690  2.90347  2.73739  3.18146  2.89801  2.37887  2.77519  2.98518  4.58477  3.61503
          0.10046  5.79068  2.38026  0.61958  0.77255  0.70951  0.67705
    144   3.09092  5.35369  2.44673  2.30048  3.05186  3.11428  3.56336  3.36224  2.51962  3.45932  4.76812  2.45807  3.98570  2.95038  1.99860  2.67791  2.74892  3.54547  6.16125  3.43548    146 r - - -
          2.68618  4.42225  2.77519  2.73123  3.46354  2.40513  3.72494  3.29354  2.67741  2.69355  4.24690  2.90347  2.73739  3.18146  2.89801  2.37887  2.77519  2.98518  4.58477  3.61503
          0.00744  5.69522  5.51011  0.61958  0.77255  1.08284  0.41345
    145   2.46283  5.09351  2.89579  2.55971  4.85031  1.45109  3.73062  4.09661  2.50893  3.70451  4.56391  2.49585  3.32877  2.88078  2.96125  2.68335  3.41123  3.24999  6.16291  4.75283    147 g - - -
          2.68618  4.42225  2.77519  2.73123  3.46354  2.40513  3.72494  3.29354  2.67741  2.69355  4.24690  2.90347  2.73739  3.18146  2.89801  2.37887  2.77519  2.98518  4.58477  3.61503
          0.05832  5.69280  2.93215  0.61958  0.77255  1.06839  0.42093
    146   2.60387  5.21535  2.77055  2.42739  5.02618  2.17220  4.15746  3.48519  2.13596  3.76811  3.63362  2.68630  4.04012  2.79055  3.05188  2.71026  2.82350  2.26503  6.12464  4.71781    148 k - - -
          2.68639  4.42247  2.77539  2.73135  3.46392  2.40490  3.72505  3.29134  2.67760  2.69339  4.24710  2.90306  2.73778  3.18167  2.89836  2.37860  2.77534  2.98547  4.58515  3.61542
          1.39307  0.69915  1.36775  0.03253  3.44178  1.21434  0.35226
    147   2.98033  4.95126  3.07101  2.23699  3.95126  3.56784  3.50539  3.41241  1.98838  3.59543  4.21318  2.97756  4.14026  2.83182  1.63315  2.75377  2.98212  3.15961  5.95708  3.96705    150 r - - -
          2.68618  4.42225  2.77519  2.73123  3.46354  2.40513  3.72494  3.29354  2.67741  2.69355  4.24690  2.90347  2.73739  3.18146  2.89801  2.37887  2.77519  2.98518  4.58477  3.61503
          0.01642  5.35334  4.46116  0.61958  0.77255  0.33637  1.25302
    148   2.94425  5.19556  1.98746  2.34760  5.09340  2.72645  4.08787  3.85994  2.43558  4.05432  4.23704  2.68417  4.25398  2.91317  3.22704  2.24412  2.13153  2.69700  6.18300  4.62659    151 d - - -
          2.68618  4.42225  2.77519  2.73123  3.46354  2.40513  3.72494  3.29354  2.67741  2.69355  4.24690  2.90347  2.73739  3.18146  2.89801  2.37887  2.77519  2.98518  4.58477  3.61503
          0.00485  5.72624  6.44859  0.61958  0.77255  0.52230  0.89932
    149   1.79979  3.52878  4.08541  3.58901  2.80202  2.69114  4.00472  2.49969  3.63478  2.67282  3.35519  3.57078  4.82699  4.31634  3.34806  3.40121  2.85463  2.34497  4.75003  2.10664    152 a - - -
          2.68618  4.42225  2.77519  2.73123  3.46354  2.40513  3.72494  3.29354  2.67741  2.69355  4.24690  2.90347  2.73739  3.18146  2.89801  2.37887  2.77519  2.98518  4.58477  3.61503
          0.00457  5.78565  6.50799  0.61958  0.77255  0.49060  0.94742
    150   3.03573  4.77869  5.27041  4.66074  3.58437  4.55071  4.35090  1.38441  3.08056  2.30898  2.82218  4.08249  4.91525  4.61095  3.00192  3.55775  2.60315  1.59234  4.55127  3.81126    153 i - - -
          2.68618  4.42225  2.77519  2.73123  3.46354  2.40513  3.72494  3.29354  2.67741  2.69355  4.24690  2.90347  2.73739  3.18146  2.89801  2.37887  2.77519  2.98518  4.58477  3.61503
          0.00613  5.81270  5.76832  0.61958  0.77255  0.55002  0.86023
    151   2.18670  4.55948  5.36794  4.61996  3.65570  3.95737  4.90166  1.85661  4.53560  1.34838  3.20935  4.53134  4.93094  4.58209  4.54131  3.87914  3.55580  1.51943  5.39321  3.44577    154 l - - -
          2.68618  4.42225  2.77519  2.73123  3.46354  2.40513  3.72494  3.29354  2.67741  2.69355  4.24690  2.90347  2.73739  3.18146  2.89801  2.37887  2.77519  2.98518  4.58477  3.61503
          0.00444  5.81520  6.53754  0.61958  0.77255  0.57782  0.82352
    152   3.22593  4.64071  4.73266  4.02078  3.79707  4.51453  4.64526  0.96561  3.69875  1.56292  3.93952  4.28382  4.88184  4.07232  2.75056  3.68874  3.53481  2.63981  5.43846  4.25312    155 i - - -
          2.68618  4.42225  2.77519  2.73123  3.46354  2.40513  3.72494  3.29354  2.67741  2.69355  4.24690  2.90347  2.73739  3.18146  2.89801  2.37887  2.77519  2.98518  4.58477  3.61503
          0.00444  5.81520  6.53754  0.61958  0.77255  0.54913  0.86146
    153   1.94503  3.28963  4.22917  3.66334  4.15740  4.23411  4.48794  3.40071  3.14264  3.14973  4.20744  3.92239  4.71552  3.92285  3.97706  1.28013  1.61436  3.11219  5.68497  4.44888    156 s - - -
          2.68618  4.42225  2.77519  2.73123  3.46354  2.40513  3.72494  3.29354  2.67741  2.69355  4.24690  2.90347  2.73739  3.18146  2.89801  2.37887  2.77519  2.98518  4.58477  3.61503
          0.02803  5.81800  3.70210  0.61958  0.77255  0.54421  0.86821
    154   3.21640  5.75807  3.37740  2.14426  5.12369  4.05219  3.63970  4.61849  1.17304  4.02872  4.42757  2.65514  4.27620  3.04053  1.84257  3.06805  3.17970  4.18172  6.16843  4.51505    157 k - - -
          2.68618  4.42225  2.77519  2.73123  3.46354  2.40513  3.72494  3.29354  2.67741  2.69355  4.24690  2.90347  2.73739  3.18146  2.89801  2.37887  2.77519  2.98518  4.58477  3.61503
          0.00693  5.79620  5.55562  0.61958  0.77255  0.68158  0.70485
    155   3.09229  5.09322  2.58229  2.35570  4.31526  2.75960  3.70980  3.44716  2.12573  3.24145  4.26352  2.79358  4.45058  3.01452  2.26247  1.97127  2.86667  3.58373  6.22245  3.88488    158 s - - -
          2.68618  4.42225  2.77519  2.73123  3.46354  2.40513  3.72494  3.29354  2.67741  2.69355  4.24690  2.90347  2.73739  3.18146  2.89801  2.37887  2.77519  2.98518  4.58477  3.61503
          0.00454  5.79381  6.51616  0.61958  0.77255  0.69378  0.69251
    156   2.89688  4.53845  2.59030  2.28964  5.13599  2.24232  3.36175  3.81460  2.04691  3.82470  4.83072  2.54067  3.37994  3.05175  2.87585  2.33727  2.79738  3.19421  6.22251  4.34203    159 k - - -
          2.68618  4.42225  2.77519  2.73123  3.46354  2.40513  3.72494  3.29354  2.67741  2.69355  4.24690  2.90347  2.73739  3.18146  2.89801  2.37887  2.77519  2.98518  4.58477  3.61503
          0.00895  5.78667  5.14230  0.61958  0.77255  0.47768  0.96817
    157   3.32377  4.76407  5.34269  4.52921  3.17520  4.55625  4.88933  1.49234  3.62839  0.98297  3.31635  4.71576  4.16294  4.64763  3.90343  3.58537  3.48310  2.59617  4.81715  3.78012    160 l - - -
          2.68618  4.42225  2.77519  2.73123  3.46354  2.40513  3.72494  3.29354  2.67741  2.69355  4.24690  2.90347  2.73739  3.18146  2.89801  2.37887  2.77519  2.98518  4.58477  3.61503
          0.04208  5.80609  3.26495  0.61958  0.77255  0.58993  0.80825
    158   2.99373  5.47435  2.79589  2.31462  4.53295  3.52737  3.88448  3.56973  2.52335  3.21299  4.18692  2.78837  3.38782  1.92840  2.23703  2.45055  2.67225  3.33773  5.69260  3.92819    161 q - - -
          2.68618  4.42225  2.77519  2.73123  3.46354  2.40513  3.72494  3.29354  2.67741  2.69355  4.24690  2.90347  2.73739  3.18146  2.89801  2.37887  2.77519  2.98518  4.58477  3.61503
          0.00465  5.76866  6.49101  0.61958  0.77255  0.76711  0.62428
    159   2.80776  5.31757  2.58779  2.02529  5.12224  3.75665  4.05376  3.70601  2.33601  3.63303  4.66968  2.50405  1.83913  2.84727  3.11707  2.60186  3.03303  3.21448  5.88370  4.16249    162 p - - -
          2.68615  4.42228  2.77558  2.73162  3.46363  2.40535  3.72533  3.29309  2.67773  2.69279  4.24708  2.90385  2.73707  3.18185  2.89832  2.37912  2.77543  2.98509  4.57359  3.61541
          0.67974  0.83296  2.83888  0.03272  3.43598  0.51407  0.91144
    160   2.59995  5.37760  2.63301  2.62375  5.10705  1.54859  3.85771  4.33178  2.15589  3.49090  4.61474  2.00902  4.41878  3.24950  2.91727  2.75573  3.28432  4.06316  6.19474  4.78382    164 g - - -
          2.68618  4.42225  2.77519  2.73123  3.46354  2.40513  3.72494  3.29354  2.67741  2.69355  4.24690  2.90347  2.73739  3.18146  2.89801  2.37887  2.77519  2.98518  4.58477  3.61503
          0.15550  5.74257  1.96037  0.61958  0.77255  0.41149  1.08667
    161   2.81056  4.98441  1.88182  2.00495  4.80185  2.87359  4.06768  3.60931  2.40460  3.84432  4.34163  2.64415  4.37236  2.52654  3.01662  2.30656  2.82624  3.50422  6.14906  4.73793    165 d - - -
          2.68618  4.42225  2.77519  2.73123  3.46354  2.40513  3.72494  3.29354  2.67741  2.69355  4.24690  2.90347  2.73739  3.18146  2.89801  2.37887  2.77519  2.98518  4.58477  3.61503
          0.00517  5.66406  6.38641  0.61958  0.77255  0.29962  1.35132
    162   2.89308  4.61515  2.80022  2.51522  4.49606  3.84373  2.37203  2.52876  2.21035  3.60852  4.20900  2.77537  3.58536  2.85868  2.60389  2.60165  2.76515  3.05463  6.19820  3.57033    166 k - - -
          2.68618  4.42225  2.77519  2.73123  3.46354  2.40513  3.72494  3.29354  2.67741  2.69355  4.24690  2.90347  2.73739  3.18146  2.89801  2.37887  2.77519  2.98518  4.58477  3.61503
          0.00449  5.80294  6.52529  0.61958  0.77255  0.56966  0.83406
    163   3.16493  3.72338  4.55971  4.03844  3.07020  4.04513  4.29842  1.61350  2.91784  2.03460  3.24485  4.11692  4.89994  3.75811  3.90170  3.41693  2.62647  1.80465  4.98601  2.79205    167 i - - -
          2.68618  4.42225  2.77519  2.73123  3.46354  2.40513  3.72494  3.29354  2.67741  2.69355  4.24690  2.90347  2.73739  3.18146  2.89801  2.37887  2.77519  2.98518  4.58477  3.61503
          0.00448  5.80577  6.52811  0.61958  0.77255  0.58215  0.81803
    164   3.00005  4.57612  3.11017  2.51433  3.95380  3.93623  3.63495  3.76951  1.72447  3.45442  4.15726  2.81857  4.37074  2.82031  2.44917  1.83948  2.88780  3.48315  5.57328  3.40092    168 k - - -
          2.68618  4.42225  2.77519  2.73123  3.46354  2.40513  3.72494  3.29354  2.67741  2.69355  4.24690  2.90347  2.73739  3.18146  2.89801  2.37887  2.77519  2.98518  4.58477  3.61503
          0.00448  5.80577  6.52811  0.61958  0.77255  0.58215  0.81803
    165   2.56966  3.78126  5.25632  4.48832  3.23723  2.04137  4.70221  2.46388  3.44541  2.47610  3.49543  4.67601  4.90930  3.81073  3.77950  3.22316  3.10823  1.61679  4.24012  2.15864    169 v - - -
          2.68618  4.42225  2.77519  2.73123  3.46354  2.40513  3.72494  3.29354  2.67741  2.69355  4.24690  2.90347  2.73739  3.18146  2.89801  2.37887  2.77519  2.98518  4.58477  3.61503
          0.00448  5.80577  6.52811  0.61958  0.77255  0.58215  0.81803
    166   2.96440  4.72365  3.38597  2.50365  4.55982  3.13533  4.03443  2.70545  1.96406  3.52523  4.44297  3.26376  4.48322  2.88962  2.54544  2.46142  2.28565  2.45207  5.17786  3.18057    170 k - - -
          2.68618  4.42225  2.77519  2.73123  3.46354  2.40513  3.72494  3.29354  2.67741  2.69355  4.24690  2.90347  2.73739  3.18146  2.89801  2.37887  2.77519  2.98518  4.58477  3.61503
          0.00448  5.80577  6.52811  0.61958  0.77255  0.58215  0.81803
    167   3.21090  4.73532  3.06656  2.40916  3.42385  3.63967  4.12706  4.15464  1.97355  3.54483  4.83682  3.04512  3.79084  2.21832  2.32719  2.12246  2.55031  3.26980  6.22956  3.39073    171 k - - -
          2.68618  4.42225  2.77519  2.73123  3.46354  2.40513  3.72494  3.29354  2.67741  2.69355  4.24690  2.90347  2.73739  3.18146  2.89801  2.37887  2.77519  2.98518  4.58477  3.61503
          0.00448  5.80577  6.52811  0.61958  0.77255  0.58215  0.81803
    168   3.45833  4.59181  5.43218  4.81780  3.19512  4.63578  4.64862  1.59649  4.20333  0.85002  3.48038  4.80117  4.67660  4.72748  4.60733  3.94922  3.64101  2.20766  5.45115  4.28055    172 l - - -
          2.68618  4.42225  2.77519  2.73123  3.46354  2.40513  3.72494  3.29354  2.67741  2.69355  4.24690  2.90347  2.73739  3.18146  2.89801  2.37887  2.77519  2.98518  4.58477  3.61503
          0.00448  5.80577  6.52811  0.61958  0.77255  0.58215  0.81803
    169   2.79080  5.21489  2.38670  2.62061  4.09708  2.47129  4.07438  4.47053  2.95143  3.88190  4.83469  2.90106  4.10408  2.39756  3.42851  1.53080  2.14653  3.91301  6.22747  4.81787    173 s - - -
          2.68618  4.42225  2.77519  2.73123  3.46354  2.40513  3.72494  3.29354  2.67741  2.69355  4.24690  2.90347  2.73739  3.18146  2.89801  2.37887  2.77519  2.98518  4.58477  3.61503
          0.10708  5.80267  2.31739  0.61958  0.77255  0.47235  0.97692
    170   3.13590  5.74742  1.84142  1.57031  4.72116  2.89246  3.15582  4.58043  2.58729  4.05319  4.78779  2.28894  3.80091  3.12123  3.22373  2.58290  3.04725  3.95444  6.17941  4.09000    174 e - - -
          2.68618  4.42225  2.77519  2.73123  3.46354  2.40513  3.72494  3.29354  2.67741  2.69355  4.24690  2.90347  2.73739  3.18146  2.89801  2.37887  2.77519  2.98518  4.58477  3.61503
          0.00492  5.71306  6.43540  0.61958  0.77255  0.31628  1.30511
    171   3.21821  5.79825  2.21859  2.51473  3.87781  2.57065  3.80388  4.41763  2.48266  3.96191  4.83941  2.35451  4.45997  3.30205  2.73959  2.62588  3.19263  4.18788  5.57827  1.68740    175 y - - -
          2.68618  4.42225  2.77519  2.73123  3.46354  2.40513  3.72494  3.29354  2.67741  2.69355  4.24690  2.90347  2.73739  3.18146  2.89801  2.37887  2.77519  2.98518  4.58477  3.61503
          0.00447  5.80919  6.53154  0.61958  0.77255  0.54408  0.86840
    172   3.24620  4.52043  5.36833  4.75223  3.07123  3.86569  4.89764  1.49446  4.53441  1.67570  2.55406  4.45399  4.92672  4.66334  4.53830  3.80623  2.90350  1.56377  5.38776  3.43924    176 i - - -
          2.68618  4.42225  2.77519  2.73123  3.46354  2.40513  3.72494  3.29354  2.67741  2.69355  4.24690  2.90347  2.73739  3.18146  2.89801  2.37887  2.77519  2.98518  4.58477  3.61503
          0.00447  5.80919  6.53154  0.61958  0.77255  0.54408  0.86840
    173   3.12780  3.88242  5.34413  4.73199  2.24933  3.71915  4.88823  1.71430  3.70690  2.10373  3.57311  4.08150  4.91845  4.29865  4.14986  3.58769  3.30549  2.51636  4.04763  1.54214    177 y - - -
          2.68618  4.42225  2.77519  2.73123  3.46354  2.40513  3.72494  3.29354  2.67741  2.69355  4.24690  2.90347  2.73739  3.18146  2.89801  2.37887  2.77519  2.98518  4.58477  3.61503
          0.00447  5.80919  6.53154  0.61958  0.77255  0.54408  0.86840
    174   3.24516  4.76383  5.36563  4.29501  2.42032  4.56120  4.89532  1.69352  4.03522  1.57429  2.89610  4.72731  4.92476  4.40113  4.53590  3.75420  3.53824  1.71120  4.95988  2.47477    178 l - - -
          2.68618  4.42225  2.77519  2.73123  3.46354  2.40513  3.72494  3.29354  2.67741  2.69355  4.24690  2.90347  2.73739  3.18146  2.89801  2.37887  2.77519  2.98518  4.58477  3.61503
          0.01288  5.80919  4.62568  0.61958  0.77255  0.52594  0.89405
    175   1.61591  4.68602  2.63260  2.27692  4.49811  3.65237  3.32934  2.23477  3.06381  2.92602  3.60919  3.47573  4.55037  3.17529  3.46783  3.11470  3.15847  2.51316  5.94760  3.67642    179 a - - -
          2.68618  4.42225  2.77519  2.73123  3.46354  2.40513  3.72494  3.29354  2.67741  2.69355  4.24690  2.90347  2.73739  3.18146  2.89801  2.37887  2.77519  2.98518  4.58477  3.61503
          0.06224  5.80261  2.85905  0.61958  0.77255  0.56452  0.84079
    176   2.56274  5.34545  3.45792  2.79918  4.68999  3.47152  4.02142  2.95835  1.89555  3.12139  3.92104  3.32737  4.45360  2.90967  2.14764  2.56142  2.34805  2.45224  6.08763  3.83312    180 k - - -
          2.68618  4.42225  2.77519  2.73123  3.46354  2.40513  3.72494  3.29354  2.67741  2.69355  4.24690  2.90347  2.73739  3.18146  2.89801  2.37887  2.77519  2.98518  4.58477  3.61503
          0.06332  5.74701  2.84440  0.61958  0.77255  0.85171  0.55632
    177   2.85939  5.72344  2.59536  2.14447  5.06929  1.95149  4.08906  4.16285  1.71017  3.49230  4.64892  2.73019  3.91053  2.91535  2.83734  2.85086  3.13691  3.65567  6.15566  3.96367    181 k - - -
          2.68618  4.42225  2.77519  2.73123  3.46354  2.40513  3.72494  3.29354  2.67741  2.69355  4.24690  2.90347  2.73739  3.18146  2.89801  2.37887  2.77519  2.98518  4.58477  3.61503
          0.10722  5.67405  2.32039  0.61958  0.77255  1.06173  0.42443
    178   2.03322  5.35211  2.87475  2.46133  4.80591  2.93087  3.55307  2.67982  2.06084  3.27189  4.18515  2.76695  3.67120  3.05853  2.79698  2.65573  3.02409  2.99652  6.07890  4.13519    182 a - - -
          2.68618  4.42225  2.77519  2.73123  3.46354  2.40513  3.72494  3.29354  2.67741  2.69355  4.24690  2.90347  2.73739  3.18146  2.89801  2.37887  2.77519  2.98518  4.58477  3.61503
          0.11433  5.57249  2.26114  0.61958  0.77255  1.32437  0.30921
    179   2.67616  5.60518  2.51179  2.23074  4.95095  3.15223  2.55911  3.47185  1.85189  3.75695  4.64566  2.55240  3.79246  2.84683  2.72185  2.76624  2.97586  3.25333  6.03745  4.45613    183 k - - -
          2.68618  4.42225  2.77519  2.73123  3.46354  2.40513  3.72494  3.29354  2.67741  2.69355  4.24690  2.90347  2.73739  3.18146  2.89801  2.37887  2.77519  2.98518  4.58477  3.61503
          0.17182  5.46142  1.87328  0.61958  0.77255  1.52424  0.24563
    180   2.64699  5.52086  2.59275  2.21244  4.86628  3.28706  3.80097  4.22981  2.20125  3.61267  4.56143  2.39052  3.89178  2.86875  2.81632  1.72175  2.89974  3.57412  5.95333  4.02800    184 s - - -
          2.68618  4.42225  2.77519  2.73123  3.46354  2.40513  3.72494  3.29354  2.67741  2.69355  4.24690  2.90347  2.73739  3.18146  2.89801  2.37887  2.77519  2.98518  4.58477  3.61503
          0.00503  5.29464        *  0.61958  0.77255  0.00000        *
//
