HMMER3/f [3.2.1 | June 2018]
NAME  BREX_BrxA
LENG  200
ALPH  amino
RF    no
MM    no
CONS  yes
CS    no
MAP   yes
DATE  Fri Jun 18 18:43:41 2021
NSEQ  500
EFFN  10.471344
CKSUM 604450054
STATS LOCAL MSV      -10.3057  0.70535
STATS LOCAL VITERBI  -10.9227  0.70535
STATS LOCAL FORWARD   -5.0249  0.70535
HMM          A        C        D        E        F        G        H        I        K        L        M        N        P        Q        R        S        T        V        W        Y   
            m->m     m->i     m->d     i->m     i->i     d->m     d->d
  COMPO   2.53391  4.53175  2.97299  2.56751  3.16276  3.24990  3.86543  2.85109  2.66330  2.23674  3.57754  3.13134  3.68832  3.04325  2.71649  2.66217  2.82802  2.77531  4.40929  3.44694
          2.68618  4.42225  2.77519  2.73123  3.46354  2.40513  3.72494  3.29354  2.67741  2.69355  4.24690  2.90347  2.73739  3.18146  2.89801  2.37887  2.77519  2.98518  4.58477  3.61503
          0.30754  5.99170  1.33848  0.61958  0.77255  0.00000        *
      1   2.97861  4.56752  4.86722  3.98774  3.86644  4.05063  4.73785  3.02745  4.03544  2.87564  0.62497  4.44248  4.45456  4.34477  4.08201  3.39957  3.24223  2.77731  5.37949  4.19181      1 M - - -
          2.68618  4.42225  2.77519  2.73123  3.46354  2.40513  3.72494  3.29354  2.67741  2.69355  4.24690  2.90347  2.73739  3.18146  2.89801  2.37887  2.77519  2.98518  4.58477  3.61503
          0.47609  5.68921  0.97973  0.61958  0.77255  0.80743  0.59060
      2   2.46875  4.92650  2.89783  2.40329  4.76687  3.77850  3.52189  3.64132  2.10768  3.74900  2.92175  2.79132  3.81428  2.78339  2.74350  2.20625  2.32944  3.16928  5.99837  4.20494      2 k - - -
          2.68618  4.42225  2.77519  2.73123  3.46354  2.40513  3.72494  3.29354  2.67741  2.69355  4.24690  2.90347  2.73739  3.18146  2.89801  2.37887  2.77519  2.98518  4.58477  3.61503
          0.01225  5.41280  4.86448  0.61958  0.77255  0.85409  0.55455
      3   2.45923  5.71506  2.96924  2.29403  4.78102  3.50597  3.68368  3.24325  2.16596  3.38929  3.93987  2.38590  3.25073  2.67439  2.78592  2.35127  2.56865  3.35350  6.14830  4.00366      3 k - - -
          2.68618  4.42225  2.77519  2.73123  3.46354  2.40513  3.72494  3.29354  2.67741  2.69355  4.24690  2.90347  2.73739  3.18146  2.89801  2.37887  2.77519  2.98518  4.58477  3.61503
          0.00515  5.66628  6.38863  0.61958  0.77255  1.11187  0.39890
      4   2.31829  5.76275  2.67302  2.11231  4.64844  3.38831  3.45281  4.17238  2.19425  3.63307  3.75669  2.36372  3.23779  2.75803  2.79520  2.33770  2.77533  3.56259  6.19485  4.64209      4 e - - -
          2.68618  4.42225  2.77519  2.73123  3.46354  2.40513  3.72494  3.29354  2.67741  2.69355  4.24690  2.90347  2.73739  3.18146  2.89801  2.37887  2.77519  2.98518  4.58477  3.61503
          0.00852  5.74003  5.24552  0.61958  0.77255  0.45988  0.99793
      5   2.85547  5.50864  2.91368  2.55079  3.82826  3.26428  3.98535  3.84373  1.93462  2.92017  2.57146  2.93403  2.97603  2.75580  2.83238  2.23567  2.85039  3.74378  5.73980  4.33550      5 k - - -
          2.68618  4.42225  2.77519  2.73123  3.46354  2.40513  3.72494  3.29354  2.67741  2.69355  4.24690  2.90347  2.73739  3.18146  2.89801  2.37887  2.77519  2.98518  4.58477  3.61503
          0.00680  5.91614  5.50159  0.61958  0.77255  0.94791  0.49029
      6   2.86807  5.87113  2.87815  2.19686  4.59606  3.78361  3.23712  3.81396  1.89007  3.29051  4.51445  3.13674  2.40614  2.68738  2.15297  2.69439  3.04447  3.36017  6.30342  4.60360      6 k - - -
          2.68618  4.42225  2.77519  2.73123  3.46354  2.40513  3.72494  3.29354  2.67741  2.69355  4.24690  2.90347  2.73739  3.18146  2.89801  2.37887  2.77519  2.98518  4.58477  3.61503
          0.00401  5.91640  6.63875  0.61958  0.77255  0.94968  0.48917
      7   3.65942  5.11168  5.62029  4.81544  2.93771  4.88549  4.77492  3.11638  4.64660  3.08000  4.10060  4.98390  5.24151  4.93810  4.84101  4.03062  3.98199  3.02468  4.04479  0.44413      7 Y - - -
          2.68618  4.42225  2.77519  2.73123  3.46354  2.40513  3.72494  3.29354  2.67741  2.69355  4.24690  2.90347  2.73739  3.18146  2.89801  2.37887  2.77519  2.98518  4.58477  3.61503
          0.00400  5.91917  6.64152  0.61958  0.77255  0.94131  0.49449
      8   2.69865  5.86950  3.09577  2.93181  5.21301  3.91034  3.61569  3.77201  2.30443  3.07453  4.71870  2.25758  4.44514  3.20873  2.43389  1.53761  2.17959  4.00683  6.30311  4.76108      8 s - - -
          2.68618  4.42225  2.77519  2.73123  3.46354  2.40513  3.72494  3.29354  2.67741  2.69355  4.24690  2.90347  2.73739  3.18146  2.89801  2.37887  2.77519  2.98518  4.58477  3.61503
          0.01478  5.92161  4.42360  0.61958  0.77255  0.81352  0.58572
      9   1.66700  4.25114  4.75587  4.53872  2.96647  2.62558  4.91443  3.10462  4.38309  2.11383  2.61858  4.42175  4.48518  4.56760  4.32866  1.93173  2.01737  2.93108  5.50667  4.32276      9 a - - -
          2.68618  4.42225  2.77519  2.73123  3.46354  2.40513  3.72494  3.29354  2.67741  2.69355  4.24690  2.90347  2.73739  3.18146  2.89801  2.37887  2.77519  2.98518  4.58477  3.61503
          0.01155  5.92443  4.73224  0.61958  0.77255  0.82955  0.57313
     10   2.44142  4.82360  2.39690  2.76552  4.26261  2.42799  4.32715  4.45312  2.78912  4.18145  4.91700  2.82500  4.53354  2.77782  2.66079  1.47370  2.54379  3.87673  6.30910  4.89829     10 s - - -
          2.68618  4.42225  2.77519  2.73123  3.46354  2.40513  3.72494  3.29354  2.67741  2.69355  4.24690  2.90347  2.73739  3.18146  2.89801  2.37887  2.77519  2.98518  4.58477  3.61503
          0.01582  5.92758  4.34009  0.61958  0.77255  0.80342  0.59384
     11   2.85612  4.85100  4.48590  4.80061  1.60295  4.40343  4.97214  1.72279  4.59036  1.37546  3.16018  3.75637  4.65282  4.42913  4.35381  3.68451  3.37341  2.70013  5.47243  3.79842     11 l - - -
          2.68618  4.42225  2.77519  2.73123  3.46354  2.40513  3.72494  3.29354  2.67741  2.69355  4.24690  2.90347  2.73739  3.18146  2.89801  2.37887  2.77519  2.98518  4.58477  3.61503
          0.00397  5.92762  6.64997  0.61958  0.77255  0.84445  0.56176
     12   2.82471  5.20628  4.21907  3.65364  4.35232  3.56164  4.23412  2.42696  2.86284  2.56779  3.85752  3.39852  4.76505  3.05093  3.90664  2.71576  1.16117  2.37380  5.78022  4.53493     12 t - - -
          2.68618  4.42225  2.77519  2.73123  3.46354  2.40513  3.72494  3.29354  2.67741  2.69355  4.24690  2.90347  2.73739  3.18146  2.89801  2.37887  2.77519  2.98518  4.58477  3.61503
          0.00394  5.93542  6.65776  0.61958  0.77255  0.89485  0.52538
     13   1.96324  5.85124  3.55321  2.95412  5.18288  2.00778  3.93739  3.60737  1.97379  3.93589  4.63841  3.32523  4.54506  3.35460  2.63429  2.19018  2.23086  3.23586  6.29204  4.88935     13 a - - -
          2.68618  4.42225  2.77519  2.73123  3.46354  2.40513  3.72494  3.29354  2.67741  2.69355  4.24690  2.90347  2.73739  3.18146  2.89801  2.37887  2.77519  2.98518  4.58477  3.61503
          0.00394  5.93542  6.65776  0.61958  0.77255  0.89485  0.52538
     14   2.33226  3.66318  3.57161  2.16340  4.06765  1.26524  3.29814  4.55163  2.69150  3.69652  4.24810  3.65179  4.55950  3.30052  2.85115  2.79383  3.24804  3.56652  6.24447  3.94915     14 g - - -
          2.68618  4.42225  2.77519  2.73123  3.46354  2.40513  3.72494  3.29354  2.67741  2.69355  4.24690  2.90347  2.73739  3.18146  2.89801  2.37887  2.77519  2.98518  4.58477  3.61503
          0.05745  5.93542  2.93401  0.61958  0.77255  0.89485  0.52538
     15   2.21432  5.07036  3.58833  3.08221  5.04511  1.75701  4.08844  4.50155  2.88701  2.79591  4.79582  3.54658  2.66608  2.67961  3.22031  1.62419  3.10206  4.03203  5.43694  4.81997     15 s - - -
          2.68618  4.42225  2.77519  2.73123  3.46354  2.40513  3.72494  3.29354  2.67741  2.69355  4.24690  2.90347  2.73739  3.18146  2.89801  2.37887  2.77519  2.98518  4.58477  3.61503
          0.00415  5.88212  6.60447  0.61958  0.77255  1.04312  0.43441
     16   2.45618  4.82376  5.40723  4.79236  1.63301  2.60865  4.94930  3.00964  4.57822  1.11258  3.38778  4.77785  4.98069  4.70999  4.58789  3.57689  3.68054  3.02832  3.71194  3.35744     16 l - - -
          2.68618  4.42225  2.77519  2.73123  3.46354  2.40513  3.72494  3.29354  2.67741  2.69355  4.24690  2.90347  2.73739  3.18146  2.89801  2.37887  2.77519  2.98518  4.58477  3.61503
          0.00412  5.88894  6.61129  0.61958  0.77255  0.95610  0.48514
     17   2.98761  4.36465  5.38570  4.37288  2.44556  4.62003  4.95190  3.00044  3.55507  1.07296  2.13727  4.45061  4.98404  4.06857  3.63606  3.64819  3.57485  2.89510  2.62427  3.38311     17 l - - -
          2.68618  4.42225  2.77519  2.73123  3.46354  2.40513  3.72494  3.29354  2.67741  2.69355  4.24690  2.90347  2.73739  3.18146  2.89801  2.37887  2.77519  2.98518  4.58477  3.61503
          0.00407  5.90182  6.62416  0.61958  0.77255  0.55350  0.85551
     18   3.02288  4.74378  5.41694  4.02020  1.98135  4.55677  3.77102  1.91747  4.34508  1.70771  3.46662  4.26773  3.93660  4.05506  3.72298  3.41535  3.35547  1.93728  4.92674  2.49790     18 l - - -
          2.68618  4.42225  2.77519  2.73123  3.46354  2.40513  3.72494  3.29354  2.67741  2.69355  4.24690  2.90347  2.73739  3.18146  2.89801  2.37887  2.77519  2.98518  4.58477  3.61503
          0.00386  5.95599  6.67834  0.61958  0.77255  0.79035  0.60456
     19   2.70330  5.89453  2.76274  2.24478  3.77117  3.88807  3.35512  4.09513  2.59459  3.31073  4.14812  2.33170  2.51652  2.59037  2.27233  2.75360  3.19127  3.57249  6.32737  3.02543     19 e - - -
          2.68618  4.42225  2.77519  2.73123  3.46354  2.40513  3.72494  3.29354  2.67741  2.69355  4.24690  2.90347  2.73739  3.18146  2.89801  2.37887  2.77519  2.98518  4.58477  3.61503
          0.00386  5.95599  6.67834  0.61958  0.77255  0.76225  0.62851
     20   3.49213  6.07248  2.22631  0.57618  5.40944  3.86121  4.19225  4.51688  3.22178  4.22112  5.12059  3.71421  4.68062  3.20211  3.43194  3.45747  3.78757  4.09291  6.50409  5.08208     20 E - - -
          2.68618  4.42225  2.77519  2.73123  3.46354  2.40513  3.72494  3.29354  2.67741  2.69355  4.24690  2.90347  2.73739  3.18146  2.89801  2.37887  2.77519  2.98518  4.58477  3.61503
          0.00385  5.95838  6.68073  0.61958  0.77255  0.74777  0.64135
     21   2.57364  3.95112  5.42746  4.63206  2.43586  3.62702  4.99406  2.66944  4.60646  2.48569  2.49130  4.51429  4.67585  4.74384  4.37762  1.71382  1.61268  2.87709  4.39053  3.37013     21 t - - -
          2.68618  4.42225  2.77519  2.73123  3.46354  2.40513  3.72494  3.29354  2.67741  2.69355  4.24690  2.90347  2.73739  3.18146  2.89801  2.37887  2.77519  2.98518  4.58477  3.61503
          0.00384  5.96089  6.68323  0.61958  0.77255  0.76345  0.62746
     22   2.95217  5.38426  3.49697  2.82774  4.02114  3.74590  3.90564  3.42222  1.80903  2.63088  4.44251  3.12732  4.04272  3.09227  1.54443  2.99012  3.15873  2.64133  4.95260  3.88575     22 r - - -
          2.68618  4.42225  2.77519  2.73123  3.46354  2.40513  3.72494  3.29354  2.67741  2.69355  4.24690  2.90347  2.73739  3.18146  2.89801  2.37887  2.77519  2.98518  4.58477  3.61503
          0.00384  5.96089  6.68323  0.61958  0.77255  0.74198  0.64659
     23   2.37370  5.71028  3.53892  2.58837  4.51315  4.20987  4.29408  2.20882  2.12908  2.44009  3.79150  3.39013  4.35614  2.48308  2.68664  2.87797  2.53031  2.65323  6.19035  4.20448     23 k - - -
          2.68618  4.42225  2.77519  2.73123  3.46354  2.40513  3.72494  3.29354  2.67741  2.69355  4.24690  2.90347  2.73739  3.18146  2.89801  2.37887  2.77519  2.98518  4.58477  3.61503
          0.00383  5.96270  6.68504  0.61958  0.77255  0.72491  0.66236
     24   2.59470  3.98944  5.48042  4.34244  3.17724  4.67436  5.00889  1.56671  4.64623  1.65398  3.39991  4.84117  5.03779  4.77497  4.64973  3.87933  2.89015  1.44707  5.49865  3.19486     24 v - - -
          2.68618  4.42225  2.77519  2.73123  3.46354  2.40513  3.72494  3.29354  2.67741  2.69355  4.24690  2.90347  2.73739  3.18146  2.89801  2.37887  2.77519  2.98518  4.58477  3.61503
          0.00382  5.96509  6.68744  0.61958  0.77255  0.73964  0.64872
     25   1.06718  4.32338  5.46157  4.84637  3.07200  4.53818  4.65863  2.37185  4.42961  1.72400  3.72507  4.16111  4.75952  4.76334  4.35410  3.45114  3.35815  2.22827  4.09932  3.90626     25 a - - -
          2.68618  4.42225  2.77519  2.73123  3.46354  2.40513  3.72494  3.29354  2.67741  2.69355  4.24690  2.90347  2.73739  3.18146  2.89801  2.37887  2.77519  2.98518  4.58477  3.61503
          0.00382  5.96509  6.68744  0.61958  0.77255  0.73964  0.64872
     26   2.74873  4.70506  2.64772  1.77334  5.03077  3.12946  3.98442  4.33783  2.17464  3.76713  4.52167  2.92704  2.95008  2.66501  2.15550  2.43009  3.27380  3.53879  6.33564  4.74030     26 e - - -
          2.68618  4.42225  2.77519  2.73123  3.46354  2.40513  3.72494  3.29354  2.67741  2.69355  4.24690  2.90347  2.73739  3.18146  2.89801  2.37887  2.77519  2.98518  4.58477  3.61503
          0.00382  5.96509  6.68744  0.61958  0.77255  0.73964  0.64872
     27   2.66223  4.56535  5.15099  3.59562  3.06508  4.19748  3.52487  2.69608  4.01954  0.88825  3.11855  4.00871  4.99112  3.71636  3.50103  3.12332  3.35235  2.67139  5.22682  3.84361     27 l - - -
          2.68618  4.42225  2.77519  2.73123  3.46354  2.40513  3.72494  3.29354  2.67741  2.69355  4.24690  2.90347  2.73739  3.18146  2.89801  2.37887  2.77519  2.98518  4.58477  3.61503
          0.00633  5.96509  5.58876  0.61958  0.77255  0.73964  0.64872
     28   3.22485  4.61138  5.44616  4.83189  3.00616  4.51840  3.77077  2.52215  3.22541  1.29322  2.69104  4.82302  5.02957  4.05972  3.67000  3.97632  3.63303  2.74863  2.46666  1.95911     28 l - - -
          2.68618  4.42225  2.77519  2.73123  3.46354  2.40513  3.72494  3.29354  2.67741  2.69355  4.24690  2.90347  2.73739  3.18146  2.89801  2.37887  2.77519  2.98518  4.58477  3.61503
          0.00383  5.96260  6.68494  0.61958  0.77255  0.75386  0.63591
     29   2.55398  4.55140  3.00735  2.54131  4.38036  3.52284  3.64434  3.70035  2.86072  1.61105  3.61243  2.55039  4.49228  2.54777  3.09083  2.57871  3.26553  2.79504  5.58641  4.21095     29 l - - -
          2.68618  4.42225  2.77519  2.73123  3.46354  2.40513  3.72494  3.29354  2.67741  2.69355  4.24690  2.90347  2.73739  3.18146  2.89801  2.37887  2.77519  2.98518  4.58477  3.61503
          0.05903  5.96260  2.90507  0.61958  0.77255  0.75386  0.63591
     30   2.66468  5.86680  2.26341  1.72523  4.25180  3.71193  4.10497  4.53215  2.41504  3.49928  4.54777  2.77789  3.06431  2.15568  2.80738  2.41241  3.05261  4.11730  6.29874  4.67517     30 e - - -
          2.68618  4.42225  2.77519  2.73123  3.46354  2.40513  3.72494  3.29354  2.67741  2.69355  4.24690  2.90347  2.73739  3.18146  2.89801  2.37887  2.77519  2.98518  4.58477  3.61503
          0.01545  5.90762  4.37307  0.61958  0.77255  0.97795  0.47174
     31   2.98986  5.44867  2.78724  2.41019  4.56532  1.31197  3.21496  4.10284  2.78104  3.01014  4.75436  2.75811  3.97556  2.84255  3.29526  2.71197  2.95446  3.61646  6.28690  4.34309     31 g - - -
          2.68618  4.42225  2.77519  2.73123  3.46354  2.40513  3.72494  3.29354  2.67741  2.69355  4.24690  2.90347  2.73739  3.18146  2.89801  2.37887  2.77519  2.98518  4.58477  3.61503
          0.02861  5.89988  3.67058  0.61958  0.77255  0.50506  0.92501
     32   2.63329  4.26585  3.01728  2.45098  3.81639  2.92337  3.37578  3.51650  2.20511  2.30261  2.64439  3.12890  3.07002  2.92453  2.76648  3.08954  3.26342  2.96609  6.25714  4.26331     32 k - - -
          2.68618  4.42225  2.77519  2.73123  3.46354  2.40513  3.72494  3.29354  2.67741  2.69355  4.24690  2.90347  2.73739  3.18146  2.89801  2.37887  2.77519  2.98518  4.58477  3.61503
          0.01546  5.93909  4.36536  0.61958  0.77255  0.78474  0.60924
     33   2.97626  5.36673  1.68435  2.38532  5.22690  3.31651  4.19834  4.18346  2.94747  3.92466  4.92264  2.88152  3.23809  3.33469  3.22735  1.56369  2.24502  3.90140  6.31470  4.90381     33 s - - -
          2.68618  4.42225  2.77519  2.73123  3.46354  2.40513  3.72494  3.29354  2.67741  2.69355  4.24690  2.90347  2.73739  3.18146  2.89801  2.37887  2.77519  2.98518  4.58477  3.61503
          0.00823  5.93591  5.19423  0.61958  0.77255  0.76674  0.62460
     34   2.59213  5.17015  2.57063  2.33302  3.71764  3.66967  4.09780  3.15381  2.36532  2.86164  4.07815  3.44192  3.26137  3.19583  2.79303  2.93886  3.16583  2.86943  2.07574  3.96058     34 w - - -
          2.68618  4.42225  2.77519  2.73123  3.46354  2.40513  3.72494  3.29354  2.67741  2.69355  4.24690  2.90347  2.73739  3.18146  2.89801  2.37887  2.77519  2.98518  4.58477  3.61503
          0.00783  5.94309  5.26319  0.61958  0.77255  0.61517  0.77772
     35   2.27469  5.90148  1.90434  1.78249  4.18154  3.57139  4.19658  4.34449  2.37919  3.90524  4.44193  2.64408  3.87868  2.80552  3.07059  2.42966  2.88370  3.60823  6.33356  4.61955     35 e - - -
          2.68618  4.42225  2.77519  2.73123  3.46354  2.40513  3.72494  3.29354  2.67741  2.69355  4.24690  2.90347  2.73739  3.18146  2.89801  2.37887  2.77519  2.98518  4.58477  3.61503
          0.00383  5.96229  6.68463  0.61958  0.77255  0.65985  0.72759
     36   2.27776  5.59000  2.25151  1.39522  4.68527  3.72380  3.85605  4.22673  2.61310  2.83219  4.52710  3.34561  4.56187  2.55009  3.33355  2.66068  2.91132  3.58959  6.33518  4.16715     36 e - - -
          2.68618  4.42225  2.77519  2.73123  3.46354  2.40513  3.72494  3.29354  2.67741  2.69355  4.24690  2.90347  2.73739  3.18146  2.89801  2.37887  2.77519  2.98518  4.58477  3.61503
          0.00380  5.97063  6.69297  0.61958  0.77255  0.68295  0.70345
     37   2.83633  4.89751  4.85910  4.12741  3.26816  4.36631  4.62404  1.50035  3.82645  1.89259  3.70554  3.11817  4.78278  4.37490  4.14195  3.67801  2.60913  1.90594  2.52898  3.86654     37 i - - -
          2.68618  4.42225  2.77519  2.73123  3.46354  2.40513  3.72494  3.29354  2.67741  2.69355  4.24690  2.90347  2.73739  3.18146  2.89801  2.37887  2.77519  2.98518  4.58477  3.61503
          0.02271  5.97266  3.91685  0.61958  0.77255  0.69505  0.69125
     38   2.86035  5.53234  3.26974  2.86850  4.21870  3.33625  3.47119  2.92904  1.73126  2.77921  4.20421  3.21435  4.22966  2.91409  1.64219  3.02894  3.25602  3.45775  5.87653  3.46299     38 r - - -
          2.68618  4.42225  2.77519  2.73123  3.46354  2.40513  3.72494  3.29354  2.67741  2.69355  4.24690  2.90347  2.73739  3.18146  2.89801  2.37887  2.77519  2.98518  4.58477  3.61503
          0.00919  5.95381  5.02870  0.61958  0.77255  0.80205  0.59495
     39   2.49512  5.89314  2.07528  1.78773  5.23949  3.95994  3.60154  4.25501  2.14458  3.69914  4.93347  3.07611  4.35120  2.09995  2.63355  2.73181  2.99455  3.69580  6.32506  4.43159     39 e - - -
          2.68618  4.42225  2.77519  2.73123  3.46354  2.40513  3.72494  3.29354  2.67741  2.69355  4.24690  2.90347  2.73739  3.18146  2.89801  2.37887  2.77519  2.98518  4.58477  3.61503
          0.00635  5.94851  5.59294  0.61958  0.77255  0.80221  0.59482
     40   2.11989  5.15572  3.25978  2.19210  4.54237  3.89053  3.61858  2.99732  1.94887  2.61280  3.96526  3.46335  4.55581  2.59078  2.16262  3.01136  3.14285  3.41662  6.29238  3.78602     40 k - - -
          2.68618  4.42225  2.77519  2.73123  3.46354  2.40513  3.72494  3.29354  2.67741  2.69355  4.24690  2.90347  2.73739  3.18146  2.89801  2.37887  2.77519  2.98518  4.58477  3.61503
          0.00744  5.94843  5.33853  0.61958  0.77255  0.78859  0.60602
     41   1.81507  3.57685  4.44185  4.41702  3.47625  4.01504  4.96978  1.63748  3.79416  2.29380  3.66646  3.56143  4.41051  4.44306  4.31731  3.04926  3.60575  1.52005  4.52797  4.11493     41 v - - -
          2.68618  4.42225  2.77519  2.73123  3.46354  2.40513  3.72494  3.29354  2.67741  2.69355  4.24690  2.90347  2.73739  3.18146  2.89801  2.37887  2.77519  2.98518  4.58477  3.61503
          0.00388  5.94849  6.67084  0.61958  0.77255  0.82998  0.57281
     42   2.93706  5.28852  3.52297  2.59031  3.14491  3.60783  3.75122  2.13390  2.81803  1.81886  3.58315  3.66858  4.73788  3.10279  2.78695  3.22155  3.05356  2.09626  4.77650  4.10884     42 l - - -
          2.68618  4.42225  2.77519  2.73123  3.46354  2.40513  3.72494  3.29354  2.67741  2.69355  4.24690  2.90347  2.73739  3.18146  2.89801  2.37887  2.77519  2.98518  4.58477  3.61503
          0.00388  5.94849  6.67084  0.61958  0.77255  0.76800  0.62351
     43   2.40141  5.89611  2.17482  1.53801  5.24224  3.41583  4.12984  3.65165  2.59707  3.85443  4.77455  2.62590  4.17611  2.66787  2.94867  2.50110  2.90396  3.28611  6.32817  4.77889     43 e - - -
          2.68618  4.42225  2.77519  2.73123  3.46354  2.40513  3.72494  3.29354  2.67741  2.69355  4.24690  2.90347  2.73739  3.18146  2.89801  2.37887  2.77519  2.98518  4.58477  3.61503
          0.00533  5.95388  5.90664  0.61958  0.77255  0.80170  0.59523
     44   3.09814  5.89549  2.11982  1.37314  4.86164  2.96153  3.66620  4.20938  2.63671  3.56587  4.62008  2.49366  4.54886  2.50826  3.08216  2.46097  3.32348  4.07730  6.32746  4.76170     44 e - - -
          2.68618  4.42225  2.77519  2.73123  3.46354  2.40513  3.72494  3.29354  2.67741  2.69355  4.24690  2.90347  2.73739  3.18146  2.89801  2.37887  2.77519  2.98518  4.58477  3.61503
          0.00387  5.95242  6.67476  0.61958  0.77255  0.62640  0.76467
     45   3.27700  5.92658  3.01035  2.85876  5.27070  2.51867  4.16179  4.75707  2.96996  4.14348  4.96812  0.78270  4.37824  3.18969  2.99538  2.95876  3.49400  4.31683  6.35908  4.53622     45 n - - -
          2.68618  4.42225  2.77519  2.73123  3.46354  2.40513  3.72494  3.29354  2.67741  2.69355  4.24690  2.90347  2.73739  3.18146  2.89801  2.37887  2.77519  2.98518  4.58477  3.61503
          0.02511  5.96919  3.80587  0.61958  0.77255  0.61688  0.77572
     46   2.86799  4.17488  4.94478  3.61386  3.47091  4.48838  4.74108  1.61059  4.60297  1.20700  3.77066  4.42517  4.68800  4.42875  3.40054  3.41671  3.19326  2.14748  4.09462  3.29681     46 l - - -
          2.68618  4.42225  2.77519  2.73123  3.46354  2.40513  3.72494  3.29354  2.67741  2.69355  4.24690  2.90347  2.73739  3.18146  2.89801  2.37887  2.77519  2.98518  4.58477  3.61503
          0.00759  5.95672  5.30448  0.61958  0.77255  0.61670  0.77593
     47   3.52943  4.90199  5.49701  4.88221  1.24748  4.69983  4.32505  2.73887  4.66622  1.08104  3.76804  4.86294  5.06114  4.79363  4.67165  3.84325  2.98674  2.84635  5.51284  3.22016     47 l - - -
          2.68618  4.42225  2.77519  2.73123  3.46354  2.40513  3.72494  3.29354  2.67741  2.69355  4.24690  2.90347  2.73739  3.18146  2.89801  2.37887  2.77519  2.98518  4.58477  3.61503
          0.00381  5.96844  6.69079  0.61958  0.77255  0.72020  0.66681
     48   2.63726  5.50586  3.31214  2.83518  5.24442  2.07548  3.60421  4.57150  2.86240  3.67961  4.33244  3.37547  2.98986  1.18740  3.25572  2.60596  3.36274  3.92067  6.33395  4.92372     48 q - - -
          2.68618  4.42225  2.77519  2.73123  3.46354  2.40513  3.72494  3.29354  2.67741  2.69355  4.24690  2.90347  2.73739  3.18146  2.89801  2.37887  2.77519  2.98518  4.58477  3.61503
          0.00381  5.96844  6.69079  0.61958  0.77255  0.72020  0.66681
     49   2.02038  4.18195  4.24483  3.68146  3.11428  4.07555  4.01004  2.42321  1.98703  2.42408  3.49876  3.17573  4.82003  3.08189  3.23022  2.97721  2.82687  2.52510  5.74981  2.81466     49 k - - -
          2.68618  4.42225  2.77519  2.73123  3.46354  2.40513  3.72494  3.29354  2.67741  2.69355  4.24690  2.90347  2.73739  3.18146  2.89801  2.37887  2.77519  2.98518  4.58477  3.61503
          0.00381  5.96677  6.68912  0.61958  0.77255  0.72020  0.66681
     50   2.86871  5.32714  3.25354  2.70080  4.67176  3.16224  4.23711  4.03918  2.12422  4.06726  4.78079  2.54990  2.52716  3.01473  1.56754  2.42913  3.04244  3.13899  6.33496  4.92395     50 r - - -
          2.68618  4.42225  2.77519  2.73123  3.46354  2.40513  3.72494  3.29354  2.67741  2.69355  4.24690  2.90347  2.73739  3.18146  2.89801  2.37887  2.77519  2.98518  4.58477  3.61503
          0.00559  5.96677  5.80356  0.61958  0.77255  0.65375  0.73416
     51   2.75346  5.75951  3.72733  3.17032  4.90621  4.20786  4.40340  4.22982  2.42341  4.04126  4.65421  3.24575  4.60035  3.52372  3.09938  1.36482  1.24647  3.68546  6.23171  4.73797     51 t - - -
          2.68618  4.42225  2.77519  2.73123  3.46354  2.40513  3.72494  3.29354  2.67741  2.69355  4.24690  2.90347  2.73739  3.18146  2.89801  2.37887  2.77519  2.98518  4.58477  3.61503
          0.00380  5.97069  6.69304  0.61958  0.77255  0.67575  0.71085
     52   2.04375  5.89852  3.26853  1.69793  5.24032  3.87824  3.70512  3.86764  2.63283  3.01473  4.00637  3.44272  2.71286  2.87780  2.43250  2.57547  2.70984  3.38785  5.10543  4.50468     52 e - - -
          2.68618  4.42225  2.77519  2.73123  3.46354  2.40513  3.72494  3.29354  2.67741  2.69355  4.24690  2.90347  2.73739  3.18146  2.89801  2.37887  2.77519  2.98518  4.58477  3.61503
          0.00379  5.97246  6.69480  0.61958  0.77255  0.68619  0.70015
     53   1.95811  5.90623  3.17576  2.80564  4.83831  3.47645  3.92760  4.36715  2.04481  3.73154  4.52811  2.90246  4.21470  2.99628  2.16877  1.72399  2.82800  3.69779  6.33881  3.88436     53 s - - -
          2.68618  4.42225  2.77519  2.73123  3.46354  2.40513  3.72494  3.29354  2.67741  2.69355  4.24690  2.90347  2.73739  3.18146  2.89801  2.37887  2.77519  2.98518  4.58477  3.61503
          0.00379  5.97246  6.69480  0.61958  0.77255  0.64163  0.74747
     54   2.43702  5.75417  3.72946  3.06939  4.83640  3.71539  4.23944  4.48100  3.10338  4.03236  4.00633  3.53334  4.60194  3.41158  1.56238  1.55738  1.77636  4.11087  4.40591  4.63537     54 s - - -
          2.68618  4.42225  2.77519  2.73123  3.46354  2.40513  3.72494  3.29354  2.67741  2.69355  4.24690  2.90347  2.73739  3.18146  2.89801  2.37887  2.77519  2.98518  4.58477  3.61503
          0.00378  5.97621  6.69856  0.61958  0.77255  0.66298  0.72426
     55   1.64558  5.27259  4.18583  3.45610  3.86623  2.97508  4.63058  2.57159  3.12729  2.07544  3.94653  3.20065  4.77358  3.43286  2.20147  2.73188  2.88680  2.49691  5.84038  4.58675     55 a - - -
          2.68618  4.42225  2.77519  2.73123  3.46354  2.40513  3.72494  3.29354  2.67741  2.69355  4.24690  2.90347  2.73739  3.18146  2.89801  2.37887  2.77519  2.98518  4.58477  3.61503
          0.00712  5.97621  5.39129  0.61958  0.77255  0.66298  0.72426
     56   3.06129  5.90057  3.18089  2.65498  4.74617  3.95758  3.99796  3.38359  1.36406  3.60112  4.01432  3.12506  4.47417  2.53759  1.95889  2.79764  2.81282  3.00709  6.33474  4.61102     56 k - - -
          2.68618  4.42225  2.77519  2.73123  3.46354  2.40513  3.72494  3.29354  2.67741  2.69355  4.24690  2.90347  2.73739  3.18146  2.89801  2.37887  2.77519  2.98518  4.58477  3.61503
          0.00379  5.97288  6.69523  0.61958  0.77255  0.68360  0.70279
     57   3.18503  5.90883  2.49077  2.52998  5.25507  3.49909  4.10728  4.54164  2.40362  3.74445  4.69011  2.59472  4.56234  2.94156  1.09566  2.81027  2.96925  4.20707  6.34080  4.92918     57 r - - -
          2.68618  4.42225  2.77519  2.73123  3.46354  2.40513  3.72494  3.29354  2.67741  2.69355  4.24690  2.90347  2.73739  3.18146  2.89801  2.37887  2.77519  2.98518  4.58477  3.61503
          0.00379  5.97288  6.69523  0.61958  0.77255  0.68360  0.70279
     58   2.68488  4.57043  5.27936  3.62332  2.58584  4.22663  4.97235  1.55130  3.87466  2.02232  2.97274  3.75391  5.01463  3.23888  3.30685  3.38947  2.98172  2.05781  5.52556  2.91016     58 i - - -
          2.68618  4.42225  2.77519  2.73123  3.46354  2.40513  3.72494  3.29354  2.67741  2.69355  4.24690  2.90347  2.73739  3.18146  2.89801  2.37887  2.77519  2.98518  4.58477  3.61503
          0.00379  5.97288  6.69523  0.61958  0.77255  0.68360  0.70279
     59   1.70648  3.60153  5.44884  3.78377  2.38400  4.14668  5.00502  2.43266  4.12565  1.90860  3.63891  4.34513  4.68665  4.44344  4.36144  2.95774  2.93053  1.93644  4.28957  2.79665     59 a - - -
          2.68618  4.42225  2.77519  2.73123  3.46354  2.40513  3.72494  3.29354  2.67741  2.69355  4.24690  2.90347  2.73739  3.18146  2.89801  2.37887  2.77519  2.98518  4.58477  3.61503
          0.00379  5.97288  6.69523  0.61958  0.77255  0.68360  0.70279
     60   2.56564  5.57106  3.34607  2.49160  5.25220  3.08937  3.89507  4.12188  2.42569  3.29863  4.65281  2.54646  3.44482  2.70397  1.61090  2.19011  3.04536  3.68071  4.57833  4.92816     60 r - - -
          2.68618  4.42225  2.77519  2.73123  3.46354  2.40513  3.72494  3.29354  2.67741  2.69355  4.24690  2.90347  2.73739  3.18146  2.89801  2.37887  2.77519  2.98518  4.58477  3.61503
          0.00379  5.97288  6.69523  0.61958  0.77255  0.68360  0.70279
     61   2.06369  3.15948  4.05935  1.47663  4.10970  3.82177  4.26196  2.81613  3.56943  2.59445  3.49705  3.82793  4.51798  3.86911  3.79126  3.08640  2.29419  2.38076  5.77605  3.84799     61 e - - -
          2.68618  4.42225  2.77519  2.73123  3.46354  2.40513  3.72494  3.29354  2.67741  2.69355  4.24690  2.90347  2.73739  3.18146  2.89801  2.37887  2.77519  2.98518  4.58477  3.61503
          0.00757  5.97288  5.29929  0.61958  0.77255  0.56330  0.84241
     62   2.96132  3.07504  5.46248  4.85929  2.04076  4.67140  4.53868  1.45963  4.64403  1.91038  3.49300  4.83610  5.02929  4.77086  4.64717  3.88889  2.96270  1.62894  5.47911  4.21929     62 i - - -
          2.68618  4.42225  2.77519  2.73123  3.46354  2.40513  3.72494  3.29354  2.67741  2.69355  4.24690  2.90347  2.73739  3.18146  2.89801  2.37887  2.77519  2.98518  4.58477  3.61503
          0.00665  5.98118  5.49613  0.61958  0.77255  0.64118  0.74796
     63   2.44277  3.91543  3.76113  3.14645  3.43145  4.22325  3.93329  2.73195  2.17385  2.44546  4.05431  3.02682  4.70087  3.14033  2.11416  2.58071  2.71514  2.67594  5.44484  3.19868     63 r - - -
          2.68618  4.42225  2.77519  2.73123  3.46354  2.40513  3.72494  3.29354  2.67741  2.69355  4.24690  2.90347  2.73739  3.18146  2.89801  2.37887  2.77519  2.98518  4.58477  3.61503
          0.00377  5.97830  6.70065  0.61958  0.77255  0.62497  0.76631
     64   2.52139  5.53112  3.37652  2.99403  4.59146  3.68677  3.64711  4.37558  1.60500  3.58268  4.95002  2.57936  2.80191  2.51833  1.88693  2.52549  3.22454  4.08330  5.14945  4.53452     64 k - - -
          2.68618  4.42225  2.77519  2.73123  3.46354  2.40513  3.72494  3.29354  2.67741  2.69355  4.24690  2.90347  2.73739  3.18146  2.89801  2.37887  2.77519  2.98518  4.58477  3.61503
          0.00377  5.97755  6.69990  0.61958  0.77255  0.64118  0.74796
     65   3.57410  5.17095  4.70419  3.99178  5.29027  4.80657  4.23380  4.64106  3.07401  3.84132  5.09252  4.21858  5.16253  3.98600  0.33956  3.91766  3.43590  4.36924  5.07079  5.21673     65 R - - -
          2.68618  4.42225  2.77519  2.73123  3.46354  2.40513  3.72494  3.29354  2.67741  2.69355  4.24690  2.90347  2.73739  3.18146  2.89801  2.37887  2.77519  2.98518  4.58477  3.61503
          0.00377  5.97755  6.69990  0.61958  0.77255  0.64118  0.74796
     66   2.82684  4.61537  5.50095  4.88508  2.41596  4.69583  5.03052  2.00353  4.66743  0.96496  3.69989  4.86263  5.05821  4.79544  4.67086  3.81078  3.56939  2.52400  5.51862  2.32116     66 l - - -
          2.68618  4.42225  2.77519  2.73123  3.46354  2.40513  3.72494  3.29354  2.67741  2.69355  4.24690  2.90347  2.73739  3.18146  2.89801  2.37887  2.77519  2.98518  4.58477  3.61503
          0.01943  5.97755  4.09169  0.61958  0.77255  0.64118  0.74796
     67   2.58501  4.69953  2.74241  2.00435  4.65862  3.51217  3.89598  3.48311  2.20712  2.29035  3.65092  2.85847  4.55822  2.49583  2.82698  2.30125  3.35246  3.40177  5.64253  4.91504     67 e - - -
          2.68618  4.42225  2.77519  2.73123  3.46354  2.40513  3.72494  3.29354  2.67741  2.69355  4.24690  2.90347  2.73739  3.18146  2.89801  2.37887  2.77519  2.98518  4.58477  3.61503
          0.00764  5.96195  5.29114  0.61958  0.77255  0.65642  0.73128
     68   2.04117  3.83147  3.37792  2.92061  3.92468  3.42775  3.68723  3.98083  2.49178  2.91327  3.94212  3.13506  3.73088  2.98549  2.90016  2.31700  2.08055  2.40106  5.83635  4.01350     68 a - - -
          2.68618  4.42225  2.77519  2.73123  3.46354  2.40513  3.72494  3.29354  2.67741  2.69355  4.24690  2.90347  2.73739  3.18146  2.89801  2.37887  2.77519  2.98518  4.58477  3.61503
          0.01407  5.96505  4.47348  0.61958  0.77255  0.62825  0.76254
     69   3.19131  4.60522  3.63179  3.62368  2.66310  3.65132  4.68569  2.91722  4.20414  0.87106  2.62310  4.16350  3.82010  3.98972  4.30866  3.62700  3.35189  2.63299  5.53892  3.73510     69 l - - -
          2.68618  4.42225  2.77519  2.73123  3.46354  2.40513  3.72494  3.29354  2.67741  2.69355  4.24690  2.90347  2.73739  3.18146  2.89801  2.37887  2.77519  2.98518  4.58477  3.61503
          0.00384  5.96082  6.68316  0.61958  0.77255  0.53263  0.88445
     70   2.95270  5.91176  1.57786  2.58815  4.87325  2.69802  3.87957  4.55207  2.77166  3.94780  4.95223  2.61052  2.40111  3.38418  3.37198  2.19644  2.34393  4.17791  6.34401  4.43738     70 d - - -
          2.68618  4.42225  2.77519  2.73123  3.46354  2.40513  3.72494  3.29354  2.67741  2.69355  4.24690  2.90347  2.73739  3.18146  2.89801  2.37887  2.77519  2.98518  4.58477  3.61503
          0.00377  5.97903  6.70138  0.61958  0.77255  0.58791  0.81077
     71   2.57510  5.33419  2.00971  2.02316  4.82973  3.04632  4.16166  4.23066  2.41014  3.81190  4.10562  2.62202  2.17253  3.15921  3.14462  2.63584  3.04767  3.36873  6.33933  4.48148     71 d - - -
          2.68618  4.42225  2.77519  2.73123  3.46354  2.40513  3.72494  3.29354  2.67741  2.69355  4.24690  2.90347  2.73739  3.18146  2.89801  2.37887  2.77519  2.98518  4.58477  3.61503
          0.00379  5.97268  6.69502  0.61958  0.77255  0.60215  0.79326
     72   2.43101  5.62326  2.21129  2.01836  4.03283  3.33221  4.12109  3.82338  2.41224  3.46495  4.55865  3.11436  3.18428  2.70662  2.76631  2.27366  2.65659  3.72400  5.79477  3.59905     72 e - - -
          2.68618  4.42225  2.77519  2.73123  3.46354  2.40513  3.72494  3.29354  2.67741  2.69355  4.24690  2.90347  2.73739  3.18146  2.89801  2.37887  2.77519  2.98518  4.58477  3.61503
          0.00379  5.97268  6.69502  0.61958  0.77255  0.60215  0.79326
     73   2.58564  5.04566  3.42224  1.78334  2.23123  3.69512  3.62753  2.84064  3.64069  1.72232  3.48253  3.72107  4.04742  3.03072  3.71020  3.47670  3.47286  3.04425  4.39208  3.56488     73 l - - -
          2.68618  4.42225  2.77519  2.73123  3.46354  2.40513  3.72494  3.29354  2.67741  2.69355  4.24690  2.90347  2.73739  3.18146  2.89801  2.37887  2.77519  2.98518  4.58477  3.61503
          0.00379  5.97268  6.69502  0.61958  0.77255  0.58186  0.81839
     74   3.18457  4.45648  5.44906  4.83517  3.29980  4.53334  3.66882  2.19773  3.78790  1.12628  3.25767  4.57246  5.03740  3.67431  3.25995  3.70313  3.47930  2.26353  2.32515  3.59745     74 l - - -
          2.68618  4.42225  2.77519  2.73123  3.46354  2.40513  3.72494  3.29354  2.67741  2.69355  4.24690  2.90347  2.73739  3.18146  2.89801  2.37887  2.77519  2.98518  4.58477  3.61503
          0.00379  5.97437  6.69671  0.61958  0.77255  0.59086  0.80710
     75   2.63212  5.90960  2.76354  1.81063  4.99310  3.55399  3.25989  3.93516  1.87859  3.78441  4.42686  2.95331  3.71786  2.42072  2.57069  2.67882  3.10573  3.05347  6.34161  4.28691     75 e - - -
          2.68618  4.42225  2.77519  2.73123  3.46354  2.40513  3.72494  3.29354  2.67741  2.69355  4.24690  2.90347  2.73739  3.18146  2.89801  2.37887  2.77519  2.98518  4.58477  3.61503
          0.00379  5.97437  6.69671  0.61958  0.77255  0.56825  0.83591
     76   2.51589  4.76357  3.05729  2.86450  2.83071  4.24107  3.65821  2.93400  2.82711  1.57956  2.90339  3.63421  4.57855  2.97648  3.09979  3.22907  2.95694  2.90861  4.82334  3.04981     76 l - - -
          2.68618  4.42225  2.77519  2.73123  3.46354  2.40513  3.72494  3.29354  2.67741  2.69355  4.24690  2.90347  2.73739  3.18146  2.89801  2.37887  2.77519  2.98518  4.58477  3.61503
          0.00668  5.97625  5.49120  0.61958  0.77255  0.57811  0.82316
     77   3.19259  4.73354  5.49203  4.87568  1.87784  4.68460  4.78351  2.03693  4.65725  1.10762  3.16723  4.85191  5.04747  4.78488  4.65985  3.99664  3.62327  2.16384  3.76191  3.21328     77 l - - -
          2.68618  4.42225  2.77519  2.73123  3.46354  2.40513  3.72494  3.29354  2.67741  2.69355  4.24690  2.90347  2.73739  3.18146  2.89801  2.37887  2.77519  2.98518  4.58477  3.61503
          0.00529  5.97336  5.90230  0.61958  0.77255  0.55801  0.84944
     78   1.75718  4.24165  3.86673  3.09951  3.54711  3.84045  4.14730  2.52988  3.49249  2.03758  3.56620  3.85909  3.86238  2.93982  2.82524  2.79891  3.06224  2.05078  5.77887  3.98322     78 a - - -
          2.68618  4.42225  2.77519  2.73123  3.46354  2.40513  3.72494  3.29354  2.67741  2.69355  4.24690  2.90347  2.73739  3.18146  2.89801  2.37887  2.77519  2.98518  4.58477  3.61503
          0.01729  5.97519  4.22657  0.61958  0.77255  0.50009  0.93261
     79   2.85335  4.62752  2.09604  1.91030  4.42879  2.70009  3.06125  3.84720  2.59390  4.10975  4.66919  2.32296  3.92281  2.85078  2.79957  2.66531  2.75071  3.67647  5.65677  4.19267     79 e - - -
          2.68618  4.42225  2.77519  2.73123  3.46354  2.40513  3.72494  3.29354  2.67741  2.69355  4.24690  2.90347  2.73739  3.18146  2.89801  2.37887  2.77519  2.98518  4.58477  3.61503
          0.00381  5.96912  6.69147  0.61958  0.77255  0.57943  0.82148
     80   2.11065  3.79130  3.58762  2.93933  3.65186  1.67313  4.05736  3.31605  3.40158  2.26061  3.31273  3.75047  3.49864  3.52731  3.47910  2.22811  3.07824  3.01293  5.02283  4.50774     80 g - - -
          2.68618  4.42225  2.77519  2.73123  3.46354  2.40513  3.72494  3.29354  2.67741  2.69355  4.24690  2.90347  2.73739  3.18146  2.89801  2.37887  2.77519  2.98518  4.58477  3.61503
          0.01473  5.97301  4.41680  0.61958  0.77255  0.49073  0.94722
     81   3.08843  5.56647  1.63615  2.77855  4.93508  3.65889  3.96619  4.24625  3.07108  3.69938  4.94127  2.53340  2.29476  3.35817  3.31977  1.73821  2.36283  4.16962  6.33410  4.51705     81 d - - -
          2.68618  4.42225  2.77519  2.73123  3.46354  2.40513  3.72494  3.29354  2.67741  2.69355  4.24690  2.90347  2.73739  3.18146  2.89801  2.37887  2.77519  2.98518  4.58477  3.61503
          0.00380  5.97169  6.69404  0.61958  0.77255  0.50861  0.91962
     82   2.40253  5.84311  2.76634  2.35791  3.83483  3.40294  3.67529  2.95739  2.83480  2.29683  3.89194  3.30303  3.09030  3.14594  2.47674  2.34246  2.87519  2.83715  6.29338  4.20159     82 l - - -
          2.68618  4.42225  2.77519  2.73123  3.46354  2.40513  3.72494  3.29354  2.67741  2.69355  4.24690  2.90347  2.73739  3.18146  2.89801  2.37887  2.77519  2.98518  4.58477  3.61503
          0.00377  5.97913  6.70147  0.61958  0.77255  0.54971  0.86066
     83   2.48325  5.91282  2.42511  1.76840  5.25908  3.45506  3.65140  4.16625  2.81827  3.57326  4.83164  2.87035  3.11205  2.32946  2.88377  2.09726  2.81533  3.80902  6.34480  3.92767     83 e - - -
          2.68618  4.42225  2.77519  2.73123  3.46354  2.40513  3.72494  3.29354  2.67741  2.69355  4.24690  2.90347  2.73739  3.18146  2.89801  2.37887  2.77519  2.98518  4.58477  3.61503
          0.00377  5.97913  6.70147  0.61958  0.77255  0.54971  0.86066
     84   2.60050  5.44387  2.02653  1.76313  4.56164  3.37767  3.93117  3.44197  3.10626  3.02978  4.41155  2.75453  4.36987  3.11837  3.62401  2.90655  2.08054  2.60545  5.15227  4.57214     84 e - - -
          2.68618  4.42225  2.77519  2.73123  3.46354  2.40513  3.72494  3.29354  2.67741  2.69355  4.24690  2.90347  2.73739  3.18146  2.89801  2.37887  2.77519  2.98518  4.58477  3.61503
          0.00377  5.97913  6.70147  0.61958  0.77255  0.54971  0.86066
     85   2.04684  4.47157  4.05578  3.42742  3.12139  3.42886  4.34324  3.46958  2.63709  2.53867  4.11259  3.87431  4.72950  1.72644  2.17676  2.44117  3.30205  3.21611  3.92519  4.04869     85 q - - -
          2.68618  4.42225  2.77519  2.73123  3.46354  2.40513  3.72494  3.29354  2.67741  2.69355  4.24690  2.90347  2.73739  3.18146  2.89801  2.37887  2.77519  2.98518  4.58477  3.61503
          0.00378  5.97624  6.69859  0.61958  0.77255  0.54971  0.86066
     86   2.58287  4.93480  3.28361  2.90318  5.24580  2.98438  4.26067  3.67402  1.34834  3.04522  4.80072  2.84894  4.10617  2.76181  2.30054  2.94729  2.46219  3.60624  6.33716  4.63670     86 k - - -
          2.68618  4.42225  2.77519  2.73123  3.46354  2.40513  3.72494  3.29354  2.67741  2.69355  4.24690  2.90347  2.73739  3.18146  2.89801  2.37887  2.77519  2.98518  4.58477  3.61503
          0.00378  5.97624  6.69859  0.61958  0.77255  0.54971  0.86066
     87   2.27759  4.65439  3.75168  3.24881  3.37542  4.18490  2.82662  2.53918  3.51032  2.15088  3.86207  3.59779  3.44871  1.57577  3.72793  3.36427  3.39768  2.83992  5.82835  2.96982     87 q - - -
          2.68618  4.42225  2.77519  2.73123  3.46354  2.40513  3.72494  3.29354  2.67741  2.69355  4.24690  2.90347  2.73739  3.18146  2.89801  2.37887  2.77519  2.98518  4.58477  3.61503
          0.00378  5.97624  6.69859  0.61958  0.77255  0.54971  0.86066
     88   2.33512  4.09761  5.48608  4.86996  3.28535  4.13312  4.77698  1.55890  4.65217  1.10971  3.12857  4.84748  5.04461  4.78111  4.65611  3.74888  3.26815  2.22091  5.50565  4.32995     88 l - - -
          2.68618  4.42225  2.77519  2.73123  3.46354  2.40513  3.72494  3.29354  2.67741  2.69355  4.24690  2.90347  2.73739  3.18146  2.89801  2.37887  2.77519  2.98518  4.58477  3.61503
          0.00378  5.97624  6.69859  0.61958  0.77255  0.52415  0.89664
     89   2.36527  2.87095  4.95536  4.85227  3.02275  4.67839  5.01162  2.83429  4.63850  1.14708  2.42698  2.64092  5.04216  4.77088  4.64886  3.32570  3.14786  2.33870  5.50722  3.88967     89 l - - -
          2.68618  4.42225  2.77519  2.73123  3.46354  2.40513  3.72494  3.29354  2.67741  2.69355  4.24690  2.90347  2.73739  3.18146  2.89801  2.37887  2.77519  2.98518  4.58477  3.61503
          0.00377  5.97837  6.70071  0.61958  0.77255  0.53466  0.88158
     90   3.54309  4.69933  5.51287  4.89993  1.77588  4.71161  3.95935  3.07896  4.68235  1.15996  3.32233  4.87343  5.07363  4.80759  4.31537  4.02393  3.77504  2.81119  2.01731  2.54008     90 l - - -
          2.68618  4.42225  2.77519  2.73123  3.46354  2.40513  3.72494  3.29354  2.67741  2.69355  4.24690  2.90347  2.73739  3.18146  2.89801  2.37887  2.77519  2.98518  4.58477  3.61503
          0.00377  5.97837  6.70071  0.61958  0.77255  0.53466  0.88158
     91   2.26739  4.00205  5.48830  4.87192  2.74551  4.68111  5.01539  2.21373  4.65351  1.60562  3.54045  4.56519  5.04467  4.78197  4.65657  3.71538  3.47323  2.21564  2.81138  1.72404     91 l - - -
          2.68618  4.42225  2.77519  2.73123  3.46354  2.40513  3.72494  3.29354  2.67741  2.69355  4.24690  2.90347  2.73739  3.18146  2.89801  2.37887  2.77519  2.98518  4.58477  3.61503
          0.00377  5.97837  6.70071  0.61958  0.77255  0.53466  0.88158
     92   1.00986  4.77538  4.49880  3.64505  3.43467  3.74026  2.64744  3.29637  3.86642  2.90092  3.91571  3.61058  4.86596  3.53447  4.18029  2.35758  3.26528  2.78591  5.70438  2.93112     92 a - - -
          2.68618  4.42225  2.77519  2.73123  3.46354  2.40513  3.72494  3.29354  2.67741  2.69355  4.24690  2.90347  2.73739  3.18146  2.89801  2.37887  2.77519  2.98518  4.58477  3.61503
          0.00377  5.97837  6.70071  0.61958  0.77255  0.53466  0.88158
     93   1.91022  3.44973  5.48356  4.86751  2.86338  4.68046  4.73739  1.59865  4.65014  2.16360  2.58219  4.42370  5.04407  4.77947  4.65482  3.23100  2.06862  2.27071  5.50545  3.84168     93 i - - -
          2.68618  4.42225  2.77519  2.73123  3.46354  2.40513  3.72494  3.29354  2.67741  2.69355  4.24690  2.90347  2.73739  3.18146  2.89801  2.37887  2.77519  2.98518  4.58477  3.61503
          0.00377  5.97837  6.70071  0.61958  0.77255  0.53466  0.88158
     94   2.10288  1.69206  5.46118  4.69028  3.76420  4.31354  5.01073  2.48402  4.63428  1.79924  1.91619  4.83619  5.04159  3.86977  4.64679  2.96396  3.20047  2.56445  5.50811  4.33187     94 c - - -
          2.68618  4.42225  2.77519  2.73123  3.46354  2.40513  3.72494  3.29354  2.67741  2.69355  4.24690  2.90347  2.73739  3.18146  2.89801  2.37887  2.77519  2.98518  4.58477  3.61503
          0.00377  5.97837  6.70071  0.61958  0.77255  0.53466  0.88158
     95   2.77369  4.36891  3.65825  2.98953  4.28357  4.04333  4.23628  3.74352  1.47002  2.52821  4.42297  3.29909  4.60206  3.02021  1.40123  3.18625  3.37215  3.69270  6.22822  4.33690     95 r - - -
          2.68618  4.42225  2.77519  2.73123  3.46354  2.40513  3.72494  3.29354  2.67741  2.69355  4.24690  2.90347  2.73739  3.18146  2.89801  2.37887  2.77519  2.98518  4.58477  3.61503
          0.00377  5.97837  6.70071  0.61958  0.77255  0.53466  0.88158
     96   2.15916  4.00101  3.02436  2.65415  4.12639  4.02748  2.92864  4.46947  2.79438  3.48553  4.44944  2.61376  4.57066  2.60100  2.21900  2.72844  2.00304  3.50950  5.73461  3.09980     96 t - - -
          2.68618  4.42225  2.77519  2.73123  3.46354  2.40513  3.72494  3.29354  2.67741  2.69355  4.24690  2.90347  2.73739  3.18146  2.89801  2.37887  2.77519  2.98518  4.58477  3.61503
          0.00377  5.97837  6.70071  0.61958  0.77255  0.53466  0.88158
     97   3.36850  5.95009  1.70642  2.57518  4.32485  4.20455  3.59893  4.76877  3.15701  4.25146  4.99460  1.84021  4.60947  3.41660  3.58964  2.30926  3.61518  4.33609  6.38639  1.57248     97 y - - -
          2.68618  4.42225  2.77519  2.73123  3.46354  2.40513  3.72494  3.29354  2.67741  2.69355  4.24690  2.90347  2.73739  3.18146  2.89801  2.37887  2.77519  2.98518  4.58477  3.61503
          0.00495  5.97837  6.03094  0.61958  0.77255  0.51182  0.91481
     98   2.53543  5.04773  2.97031  2.76690  4.29581  3.77462  3.75154  4.61164  2.24307  2.80499  4.95012  3.27450  2.29561  2.74701  1.52599  2.96213  2.84257  4.20292  6.34227  4.63177     98 r - - -
          2.68618  4.42225  2.77519  2.73123  3.46354  2.40513  3.72494  3.29354  2.67741  2.69355  4.24690  2.90347  2.73739  3.18146  2.89801  2.37887  2.77519  2.98518  4.58477  3.61503
          0.00377  5.97909  6.70144  0.61958  0.77255  0.52949  0.88894
     99   3.81422  5.16672  5.79334  5.17983  1.92339  5.00721  5.33683  2.07536  4.96955  0.73933  3.55127  5.17541  4.68861  5.06298  4.96288  4.32600  3.59349  2.54849  5.76457  4.06615     99 l - - -
          2.68618  4.42225  2.77519  2.73123  3.46354  2.40513  3.72494  3.29354  2.67741  2.69355  4.24690  2.90347  2.73739  3.18146  2.89801  2.37887  2.77519  2.98518  4.58477  3.61503
          0.00630  5.97909  5.58625  0.61958  0.77255  0.52949  0.88894
    100   3.13727  4.29177  5.49342  4.87739  1.65783  4.68715  5.02192  1.82626  4.65937  1.45466  3.44755  4.85420  3.78015  4.78776  4.66263  3.99926  3.32809  1.85216  5.51084  3.66820    100 l - - -
          2.68618  4.42225  2.77519  2.73123  3.46354  2.40513  3.72494  3.29354  2.67741  2.69355  4.24690  2.90347  2.73739  3.18146  2.89801  2.37887  2.77519  2.98518  4.58477  3.61503
          0.00378  5.97493  6.69728  0.61958  0.77255  0.54743  0.86378
    101   2.23577  4.92090  3.56312  3.20068  2.06302  2.27811  3.57052  4.05314  2.95565  3.15443  4.28954  3.56992  4.47654  3.39744  1.91642  3.01491  3.49466  3.41838  3.84217  2.53209    101 r - - -
          2.68618  4.42225  2.77519  2.73123  3.46354  2.40513  3.72494  3.29354  2.67741  2.69355  4.24690  2.90347  2.73739  3.18146  2.89801  2.37887  2.77519  2.98518  4.58477  3.61503
          0.00378  5.97493  6.69728  0.61958  0.77255  0.51715  0.90688
    102   3.02861  5.90295  1.08271  1.33846  4.48890  4.17708  4.03159  4.47991  3.00306  4.04565  4.94504  3.44116  4.57137  3.20226  3.50230  3.23408  3.57554  4.01691  6.33849  4.03368    102 d - - -
          2.68618  4.42225  2.77519  2.73123  3.46354  2.40513  3.72494  3.29354  2.67741  2.69355  4.24690  2.90347  2.73739  3.18146  2.89801  2.37887  2.77519  2.98518  4.58477  3.61503
          0.00377  5.97746  6.69980  0.61958  0.77255  0.52949  0.88894
    103   3.31124  4.23209  5.48331  4.86824  0.57303  4.68504  5.01514  2.93072  4.65197  2.47725  4.00754  4.33968  5.04849  4.78169  4.65818  3.89847  3.51664  2.69086  4.43704  3.66998    103 F - - -
          2.68618  4.42225  2.77519  2.73123  3.46354  2.40513  3.72494  3.29354  2.67741  2.69355  4.24690  2.90347  2.73739  3.18146  2.89801  2.37887  2.77519  2.98518  4.58477  3.61503
          0.00377  5.97746  6.69980  0.61958  0.77255  0.52949  0.88894
    104   1.83496  4.89061  5.42113  4.80925  3.51064  4.32908  3.32427  2.26633  4.31204  2.11768  1.78966  3.72255  5.03599  4.40677  4.63131  3.49765  2.84383  1.76938  5.51160  3.85152    104 v - - -
          2.68618  4.42225  2.77519  2.73123  3.46354  2.40513  3.72494  3.29354  2.67741  2.69355  4.24690  2.90347  2.73739  3.18146  2.89801  2.37887  2.77519  2.98518  4.58477  3.61503
          0.00377  5.97746  6.69980  0.61958  0.77255  0.52949  0.88894
    105   3.06766  5.75691  2.88220  2.23888  3.80599  3.50219  3.95916  2.62497  2.90754  2.89315  4.01428  2.98223  4.49375  2.93162  2.32294  3.01644  2.36587  2.39501  5.59206  2.73542    105 e - - -
          2.68618  4.42225  2.77519  2.73123  3.46354  2.40513  3.72494  3.29354  2.67741  2.69355  4.24690  2.90347  2.73739  3.18146  2.89801  2.37887  2.77519  2.98518  4.58477  3.61503
          0.00679  5.97746  5.46488  0.61958  0.77255  0.52949  0.88894
    106   3.39646  4.98083  2.57179  1.02189  5.25312  3.54616  3.45294  4.33628  2.82872  3.52919  4.69644  2.53885  4.56362  2.66865  3.43122  3.03445  2.61523  3.76686  6.34028  4.62914    106 e - - -
          2.68618  4.42225  2.77519  2.73123  3.46354  2.40513  3.72494  3.29354  2.67741  2.69355  4.24690  2.90347  2.73739  3.18146  2.89801  2.37887  2.77519  2.98518  4.58477  3.61503
          0.00646  5.97445  5.54888  0.61958  0.77255  0.52998  0.88823
    107   2.98427  4.38639  5.20853  3.66023  3.36319  4.67219  5.00437  2.37211  4.18697  2.41209  3.87070  4.65319  4.38102  4.59367  3.96317  3.89295  3.32500  0.71622  3.81115  4.02218    107 v - - -
          2.68618  4.42225  2.77519  2.73123  3.46354  2.40513  3.72494  3.29354  2.67741  2.69355  4.24690  2.90347  2.73739  3.18146  2.89801  2.37887  2.77519  2.98518  4.58477  3.61503
          0.00379  5.97353  6.69587  0.61958  0.77255  0.55725  0.85046
    108   3.21404  4.64824  5.53538  4.92149  2.85664  4.73361  5.07176  1.86100  4.70566  1.43505  3.85645  4.90069  5.09369  4.83415  4.71006  4.04717  3.22482  1.57204  5.55723  1.94204    108 l - - -
          2.68618  4.42225  2.77519  2.73123  3.46354  2.40513  3.72494  3.29354  2.67741  2.69355  4.24690  2.90347  2.73739  3.18146  2.89801  2.37887  2.77519  2.98518  4.58477  3.61503
          0.00379  5.97353  6.69587  0.61958  0.77255  0.55725  0.85046
    109   2.58935  4.73015  4.14408  3.37462  3.07198  2.96120  3.77230  3.06879  3.00206  2.55244  3.61422  3.35779  4.59305  3.57541  1.39182  3.15062  3.51643  2.90956  2.70032  3.56968    109 r - - -
          2.68618  4.42225  2.77519  2.73123  3.46354  2.40513  3.72494  3.29354  2.67741  2.69355  4.24690  2.90347  2.73739  3.18146  2.89801  2.37887  2.77519  2.98518  4.58477  3.61503
          0.00379  5.97353  6.69587  0.61958  0.77255  0.52549  0.89469
    110   3.07039  5.91084  2.06639  1.31223  4.75439  3.57242  3.97934  4.28876  2.43421  4.13564  4.95120  3.13075  2.41951  2.83882  2.97630  2.94921  3.51954  3.91006  6.34284  3.53188    110 e - - -
          2.68618  4.42225  2.77519  2.73123  3.46354  2.40513  3.72494  3.29354  2.67741  2.69355  4.24690  2.90347  2.73739  3.18146  2.89801  2.37887  2.77519  2.98518  4.58477  3.61503
          0.00378  5.97618  6.69853  0.61958  0.77255  0.53859  0.87603
    111   2.34564  4.63976  3.61646  2.63080  4.60454  4.10101  3.27635  3.90313  1.32699  3.51662  4.54245  3.27092  4.57105  2.71012  1.80716  2.99757  3.38957  3.86204  5.02487  4.17795    111 k - - -
          2.68618  4.42225  2.77519  2.73123  3.46354  2.40513  3.72494  3.29354  2.67741  2.69355  4.24690  2.90347  2.73739  3.18146  2.89801  2.37887  2.77519  2.98518  4.58477  3.61503
          0.00722  5.97618  5.36921  0.61958  0.77255  0.53859  0.87603
    112   3.24073  4.57437  5.44928  4.83529  1.88626  4.13801  4.12172  2.75685  3.81373  1.84443  3.25828  4.56973  5.03640  4.23397  3.27030  3.63056  3.68561  2.55330  2.64934  1.59495    112 y - - -
          2.68618  4.42225  2.77519  2.73123  3.46354  2.40513  3.72494  3.29354  2.67741  2.69355  4.24690  2.90347  2.73739  3.18146  2.89801  2.37887  2.77519  2.98518  4.58477  3.61503
          0.00855  5.97275  5.12224  0.61958  0.77255  0.56262  0.84331
    113   2.86356  5.12636  3.78876  2.74348  3.53387  4.10606  4.04431  2.57136  2.75066  1.70479  3.92779  2.68364  4.50141  2.84113  2.00033  2.87245  3.36792  3.01957  6.04109  3.51509    113 l - - -
          2.68618  4.42225  2.77519  2.73123  3.46354  2.40513  3.72494  3.29354  2.67741  2.69355  4.24690  2.90347  2.73739  3.18146  2.89801  2.37887  2.77519  2.98518  4.58477  3.61503
          0.00381  5.96801  6.69036  0.61958  0.77255  0.59474  0.80231
    114   2.66468  5.82743  3.34283  2.78587  4.96712  3.28897  4.06320  3.28664  2.83801  2.19472  3.44947  3.04978  4.57628  2.46802  2.59121  1.82051  2.47371  2.89446  6.27984  4.69547    114 s - - -
          2.68618  4.42225  2.77519  2.73123  3.46354  2.40513  3.72494  3.29354  2.67741  2.69355  4.24690  2.90347  2.73739  3.18146  2.89801  2.37887  2.77519  2.98518  4.58477  3.61503
          0.00381  5.96801  6.69036  0.61958  0.77255  0.57932  0.82161
    115   3.14541  4.73741  3.57642  3.50796  2.42183  1.47530  3.89868  3.13726  2.97911  2.18513  3.24423  3.15570  4.45605  2.99002  3.07465  3.12429  3.43174  3.22312  4.99345  3.40526    115 g - - -
          2.68618  4.42225  2.77519  2.73123  3.46354  2.40513  3.72494  3.29354  2.67741  2.69355  4.24690  2.90347  2.73739  3.18146  2.89801  2.37887  2.77519  2.98518  4.58477  3.61503
          0.01196  5.96930  4.67411  0.61958  0.77255  0.53042  0.88760
    116   2.55564  5.90378  1.74093  2.25801  4.89272  3.74137  3.84326  3.94277  2.36342  3.69464  4.94418  2.76629  4.34760  2.79974  2.06304  2.61954  3.01585  3.53692  6.33588  3.68283    116 d - - -
          2.68618  4.42225  2.77519  2.73123  3.46354  2.40513  3.72494  3.29354  2.67741  2.69355  4.24690  2.90347  2.73739  3.18146  2.89801  2.37887  2.77519  2.98518  4.58477  3.61503
          0.01558  5.96594  4.35116  0.61958  0.77255  0.52938  0.88910
    117   2.78565  5.32850  3.02765  2.33367  3.23635  3.56694  3.46739  3.76269  2.65348  2.36893  3.83101  2.79555  2.91123  3.19776  2.73687  2.72785  2.57314  3.54832  4.43243  2.56371    117 e - - -
          2.68618  4.42225  2.77519  2.73123  3.46354  2.40513  3.72494  3.29354  2.67741  2.69355  4.24690  2.90347  2.73739  3.18146  2.89801  2.37887  2.77519  2.98518  4.58477  3.61503
          0.00384  5.96112  6.68346  0.61958  0.77255  0.50825  0.92017
    118   2.82674  5.90242  2.56344  2.17872  4.01937  3.64246  3.16074  3.37105  2.58247  3.33563  4.37017  3.06959  4.07569  2.53349  2.82538  2.14174  2.16739  3.15650  6.33607  3.69905    118 s - - -
          2.68618  4.42225  2.77519  2.73123  3.46354  2.40513  3.72494  3.29354  2.67741  2.69355  4.24690  2.90347  2.73739  3.18146  2.89801  2.37887  2.77519  2.98518  4.58477  3.61503
          0.00379  5.97275  6.69510  0.61958  0.77255  0.56262  0.84331
    119   3.97842  5.31764  5.95846  5.34633  2.91224  5.18288  5.49923  1.50957  5.13992  0.83312  3.56285  5.35171  5.48282  5.20518  5.12321  4.50633  4.20388  2.05132  4.89845  3.41981    119 l - - -
          2.68618  4.42225  2.77519  2.73123  3.46354  2.40513  3.72494  3.29354  2.67741  2.69355  4.24690  2.90347  2.73739  3.18146  2.89801  2.37887  2.77519  2.98518  4.58477  3.61503
          0.00379  5.97275  6.69510  0.61958  0.77255  0.56262  0.84331
    120   2.87863  5.42479  2.70779  2.19880  4.47789  2.94922  3.57406  4.21373  2.61963  4.06343  4.28888  3.00730  3.31481  3.02618  2.67169  2.01786  1.76826  3.85078  5.88188  3.89080    120 t - - -
          2.68618  4.42225  2.77519  2.73123  3.46354  2.40513  3.72494  3.29354  2.67741  2.69355  4.24690  2.90347  2.73739  3.18146  2.89801  2.37887  2.77519  2.98518  4.58477  3.61503
          0.00656  5.97120  5.52437  0.61958  0.77255  0.56262  0.84331
    121   2.62880  5.89775  2.34752  2.74898  4.21726  3.75023  3.39306  3.48761  2.05474  3.35798  4.51519  2.79139  2.88835  3.17777  2.38489  2.63284  2.68714  3.19259  6.33190  2.88938    121 k - - -
          2.68618  4.42225  2.77519  2.73123  3.46354  2.40513  3.72494  3.29354  2.67741  2.69355  4.24690  2.90347  2.73739  3.18146  2.89801  2.37887  2.77519  2.98518  4.58477  3.61503
          0.00381  5.96845  6.69079  0.61958  0.77255  0.58140  0.81897
    122   2.49389  5.53748  1.98918  1.88191  4.95971  2.94788  3.78578  3.88479  2.27018  3.85661  3.97538  2.87094  4.43787  3.06272  2.86394  2.40511  3.20458  3.64653  5.83510  3.07159    122 e - - -
          2.68618  4.42225  2.77519  2.73123  3.46354  2.40513  3.72494  3.29354  2.67741  2.69355  4.24690  2.90347  2.73739  3.18146  2.89801  2.37887  2.77519  2.98518  4.58477  3.61503
          0.00381  5.96845  6.69079  0.61958  0.77255  0.58140  0.81897
    123   3.04867  5.09694  0.91140  1.86167  4.86845  4.02721  3.53272  4.23465  3.10122  3.58852  4.54591  3.31325  4.41521  3.15799  3.59181  2.86678  3.54620  3.81113  5.85156  4.91148    123 d - - -
          2.68618  4.42225  2.77519  2.73123  3.46354  2.40513  3.72494  3.29354  2.67741  2.69355  4.24690  2.90347  2.73739  3.18146  2.89801  2.37887  2.77519  2.98518  4.58477  3.61503
          0.00381  5.96845  6.69079  0.61958  0.77255  0.58140  0.81897
    124   2.53354  4.87613  5.48105  4.86471  1.83375  4.67419  5.00844  2.02877  4.64639  2.09573  3.26809  4.84118  4.71861  4.77490  4.64957  3.82435  3.07366  1.93659  2.47192  2.39027    124 f - - -
          2.68618  4.42225  2.77519  2.73123  3.46354  2.40513  3.72494  3.29354  2.67741  2.69355  4.24690  2.90347  2.73739  3.18146  2.89801  2.37887  2.77519  2.98518  4.58477  3.61503
          0.00381  5.96845  6.69079  0.61958  0.77255  0.58140  0.81897
    125   2.95392  5.35162  1.85786  2.29041  4.97416  3.75277  3.55619  3.12165  2.67289  2.77175  3.61308  2.13461  4.39018  2.83786  2.67841  2.76947  3.16525  3.16505  5.62739  4.15412    125 d - - -
          2.68618  4.42225  2.77519  2.73123  3.46354  2.40513  3.72494  3.29354  2.67741  2.69355  4.24690  2.90347  2.73739  3.18146  2.89801  2.37887  2.77519  2.98518  4.58477  3.61503
          0.00696  5.96845  5.43140  0.61958  0.77255  0.58140  0.81897
    126   1.88949  5.43930  2.83169  2.44558  4.46003  3.41998  4.00957  2.96003  2.87872  3.50990  3.29304  2.98356  3.83455  3.29745  2.51450  2.14960  2.74406  2.78896  5.88599  3.64074    126 a - - -
          2.68618  4.42225  2.77519  2.73123  3.46354  2.40513  3.72494  3.29354  2.67741  2.69355  4.24690  2.90347  2.73739  3.18146  2.89801  2.37887  2.77519  2.98518  4.58477  3.61503
          0.00498  5.96531  6.03154  0.61958  0.77255  0.56270  0.84320
    127   3.45101  3.64534  5.38351  3.38589  0.69651  4.67138  4.75594  3.33632  4.57971  2.74474  4.02058  4.80105  5.03567  4.43559  4.31450  3.79511  3.64688  3.00606  3.51063  2.39079    127 f - - -
          2.68618  4.42225  2.77519  2.73123  3.46354  2.40513  3.72494  3.29354  2.67741  2.69355  4.24690  2.90347  2.73739  3.18146  2.89801  2.37887  2.77519  2.98518  4.58477  3.61503
          0.00381  5.96751  6.68985  0.61958  0.77255  0.58771  0.81103
    128   3.51287  4.52043  5.49124  4.87520  1.37820  4.68399  4.79388  2.04902  4.65676  1.49158  3.26947  4.85096  5.04665  4.78394  4.65916  3.89343  3.74495  2.03134  3.72990  3.09360    128 f - - -
          2.68618  4.42225  2.77519  2.73123  3.46354  2.40513  3.72494  3.29354  2.67741  2.69355  4.24690  2.90347  2.73739  3.18146  2.89801  2.37887  2.77519  2.98518  4.58477  3.61503
          0.00381  5.96751  6.68985  0.61958  0.77255  0.58771  0.81103
    129   2.58252  5.90190  2.51465  1.79771  5.24763  4.09314  3.52151  3.85952  2.43534  3.20476  3.85164  2.09526  4.55672  2.91652  2.42471  2.61981  2.77818  3.83296  6.33419  3.98436    129 e - - -
          2.68618  4.42225  2.77519  2.73123  3.46354  2.40513  3.72494  3.29354  2.67741  2.69355  4.24690  2.90347  2.73739  3.18146  2.89801  2.37887  2.77519  2.98518  4.58477  3.61503
          0.00382  5.96415  6.68650  0.61958  0.77255  0.58771  0.81103
    130   2.56683  5.90337  2.37946  1.93813  5.09513  2.95792  3.33721  4.49211  2.47206  3.80419  4.61876  2.81100  4.33494  2.60068  1.91720  2.42616  3.04446  4.04001  6.33526  4.36455    130 r - - -
          2.68618  4.42225  2.77519  2.73123  3.46354  2.40513  3.72494  3.29354  2.67741  2.69355  4.24690  2.90347  2.73739  3.18146  2.89801  2.37887  2.77519  2.98518  4.58477  3.61503
          0.00382  5.96415  6.68650  0.61958  0.77255  0.58771  0.81103
    131   2.60726  3.24512  4.18466  3.44801  3.86236  3.84632  4.30030  2.71011  1.14156  2.07713  4.14550  3.79599  4.76848  2.94640  3.06115  3.30940  3.60063  3.23214  4.30999  4.57743    131 k - - -
          2.68618  4.42225  2.77519  2.73123  3.46354  2.40513  3.72494  3.29354  2.67741  2.69355  4.24690  2.90347  2.73739  3.18146  2.89801  2.37887  2.77519  2.98518  4.58477  3.61503
          0.00798  5.96602  5.22434  0.61958  0.77255  0.58771  0.81103
    132   1.61410  4.81089  3.60866  2.64029  4.55652  3.38224  3.81033  3.24827  2.48546  2.97964  3.94903  3.47181  4.08874  2.26518  2.62575  2.19843  3.22760  3.08307  4.90654  4.87008    132 a - - -
          2.68618  4.42225  2.77519  2.73123  3.46354  2.40513  3.72494  3.29354  2.67741  2.69355  4.24690  2.90347  2.73739  3.18146  2.89801  2.37887  2.77519  2.98518  4.58477  3.61503
          0.01205  5.96187  4.66668  0.61958  0.77255  0.61502  0.77789
    133   2.61303  5.44565  2.64298  1.50925  4.51538  3.50113  3.68566  3.89999  2.75286  2.74736  3.80799  2.97129  4.05805  2.41571  2.62883  2.58136  3.19820  3.52632  6.32455  4.13587    133 e - - -
          2.68618  4.42225  2.77519  2.73123  3.46354  2.40513  3.72494  3.29354  2.67741  2.69355  4.24690  2.90347  2.73739  3.18146  2.89801  2.37887  2.77519  2.98518  4.58477  3.61503
          0.02435  5.95369  3.84155  0.61958  0.77255  0.62571  0.76546
    134   2.98412  5.46572  2.75166  2.05638  4.41045  3.80670  3.89835  3.71465  2.61394  3.24639  4.91436  3.21645  4.54154  1.77230  2.49129  2.83379  3.05211  3.32169  2.29724  4.73710    134 q - - -
          2.68618  4.42225  2.77519  2.73123  3.46354  2.40513  3.72494  3.29354  2.67741  2.69355  4.24690  2.90347  2.73739  3.18146  2.89801  2.37887  2.77519  2.98518  4.58477  3.61503
          0.00393  5.93685  6.65920  0.61958  0.77255  0.69330  0.69299
    135   3.27345  4.88364  1.81098  2.66116  5.03125  2.32969  1.90523  4.04254  2.97021  4.07296  4.29048  2.46149  4.54486  3.04995  3.40253  2.15345  3.60769  3.85394  6.31436  3.64222    135 d - - -
          2.68618  4.42225  2.77519  2.73123  3.46354  2.40513  3.72494  3.29354  2.67741  2.69355  4.24690  2.90347  2.73739  3.18146  2.89801  2.37887  2.77519  2.98518  4.58477  3.61503
          0.00391  5.94306  6.66541  0.61958  0.77255  0.72910  0.65845
    136   2.59652  5.19273  2.24629  1.76183  5.23509  3.27563  4.11999  4.36730  2.26331  3.58220  4.92941  3.18428  1.79174  3.02164  3.00680  2.83364  3.37045  3.83998  6.32109  4.75890    136 e - - -
          2.68618  4.42225  2.77519  2.73123  3.46354  2.40513  3.72494  3.29354  2.67741  2.69355  4.24690  2.90347  2.73739  3.18146  2.89801  2.37887  2.77519  2.98518  4.58477  3.61503
          0.00653  5.94306  5.55022  0.61958  0.77255  0.68046  0.70600
    137   2.63302  5.27897  2.91574  1.51626  3.41656  3.16529  4.11901  3.37639  2.26163  3.63559  4.13885  3.14790  4.54751  2.79306  2.83701  2.87025  2.34110  3.27826  5.55277  4.65111    137 e - - -
          2.68618  4.42225  2.77519  2.73123  3.46354  2.40513  3.72494  3.29354  2.67741  2.69355  4.24690  2.90347  2.73739  3.18146  2.89801  2.37887  2.77519  2.98518  4.58477  3.61503
          0.05243  5.94468  3.02711  0.61958  0.77255  0.58732  0.81151
    138   2.81522  4.84940  4.75800  3.91013  3.49627  4.48934  4.94507  2.19285  4.04011  1.41727  2.81460  4.56384  4.67358  3.63395  4.11897  3.19745  2.99163  1.39824  4.93178  4.15103    138 v - - -
          2.68618  4.42225  2.77519  2.73123  3.46354  2.40513  3.72494  3.29354  2.67741  2.69355  4.24690  2.90347  2.73739  3.18146  2.89801  2.37887  2.77519  2.98518  4.58477  3.61503
          0.00771  5.91044  5.30347  0.61958  0.77255  0.83997  0.56514
    139   1.45230  5.21480  2.27282  2.08606  4.97496  3.43367  4.31722  4.37400  2.22237  3.55813  4.64703  3.01647  3.26301  3.18750  3.07859  2.71456  3.06904  3.89467  6.30031  4.39364    139 a - - -
          2.68618  4.42225  2.77519  2.73123  3.46354  2.40513  3.72494  3.29354  2.67741  2.69355  4.24690  2.90347  2.73739  3.18146  2.89801  2.37887  2.77519  2.98518  4.58477  3.61503
          0.00654  5.91255  5.57026  0.61958  0.77255  0.41519  1.07945
    140   2.46720  5.22837  2.80117  2.19087  4.97926  2.63595  3.49868  4.42301  2.06331  3.78352  4.82803  2.70705  3.45359  2.65709  2.67637  2.04180  2.81931  3.92181  5.86592  4.67728    140 s - - -
          2.68618  4.42225  2.77519  2.73123  3.46354  2.40513  3.72494  3.29354  2.67741  2.69355  4.24690  2.90347  2.73739  3.18146  2.89801  2.37887  2.77519  2.98518  4.58477  3.61503
          0.00383  5.96256  6.68491  0.61958  0.77255  0.62009  0.77196
    141   3.38561  4.87809  5.47567  4.85994  3.04172  4.67504  5.00811  2.33381  4.64317  1.98640  3.65966  4.83976  4.54428  4.77238  4.46126  3.84146  3.62756  2.75958  0.83757  3.48401    141 w - - -
          2.68618  4.42225  2.77519  2.73123  3.46354  2.40513  3.72494  3.29354  2.67741  2.69355  4.24690  2.90347  2.73739  3.18146  2.89801  2.37887  2.77519  2.98518  4.58477  3.61503
          0.00383  5.96256  6.68491  0.61958  0.77255  0.62009  0.77196
    142   2.58678  5.88735  3.60522  3.06422  5.22670  3.46851  4.06196  4.48996  2.39168  4.19007  4.80834  3.34291  4.42741  3.10099  3.12230  1.11523  1.70854  4.27497  6.32348  4.91654    142 s - - -
          2.68618  4.42225  2.77519  2.73123  3.46354  2.40513  3.72494  3.29354  2.67741  2.69355  4.24690  2.90347  2.73739  3.18146  2.89801  2.37887  2.77519  2.98518  4.58477  3.61503
          0.00768  5.96256  5.28363  0.61958  0.77255  0.62009  0.77196
    143   2.60102  5.89784  1.60219  1.34138  5.24328  3.90213  4.12330  4.40315  2.92904  3.84870  4.93841  3.34197  2.64566  3.00237  3.36904  2.97736  3.09022  3.77256  6.33031  4.36828    143 e - - -
          2.68618  4.42225  2.77519  2.73123  3.46354  2.40513  3.72494  3.29354  2.67741  2.69355  4.24690  2.90347  2.73739  3.18146  2.89801  2.37887  2.77519  2.98518  4.58477  3.61503
          0.00743  5.95873  5.33536  0.61958  0.77255  0.64448  0.74431
    144   2.11735  5.86338  3.37017  2.63076  4.57344  3.52002  4.21177  3.49510  2.62313  3.43244  4.51481  2.89195  4.40399  2.54941  3.46404  1.41310  2.55524  3.61100  6.30435  3.15960    144 s - - -
          2.68618  4.42225  2.77519  2.73123  3.46354  2.40513  3.72494  3.29354  2.67741  2.69355  4.24690  2.90347  2.73739  3.18146  2.89801  2.37887  2.77519  2.98518  4.58477  3.61503
          0.00386  5.95516  6.67751  0.61958  0.77255  0.66660  0.72042
    145   3.50034  5.23285  4.52731  3.97884  4.47842  3.97350  4.87444  3.63649  3.92724  3.55673  3.89085  3.70152  4.55858  4.06581  4.26137  2.22460  0.58750  2.81085  5.92556  4.70035    145 T - - -
          2.68618  4.42225  2.77519  2.73123  3.46354  2.40513  3.72494  3.29354  2.67741  2.69355  4.24690  2.90347  2.73739  3.18146  2.89801  2.37887  2.77519  2.98518  4.58477  3.61503
          0.00386  5.95516  6.67751  0.61958  0.77255  0.66660  0.72042
    146   2.97566  3.98700  5.20989  4.60973  3.16912  4.28205  4.38021  1.79196  2.30722  2.06806  3.39442  4.70708  4.99385  3.06247  2.11182  3.44717  2.87744  2.24836  4.49833  3.44014    146 i - - -
          2.68618  4.42225  2.77519  2.73123  3.46354  2.40513  3.72494  3.29354  2.67741  2.69355  4.24690  2.90347  2.73739  3.18146  2.89801  2.37887  2.77519  2.98518  4.58477  3.61503
          0.00386  5.95516  6.67751  0.61958  0.77255  0.66660  0.72042
    147   2.66706  5.25406  3.10878  2.55963  4.80450  3.44004  3.73845  3.81091  1.54256  3.47644  4.47543  2.56723  4.44340  2.61037  2.31634  2.77617  2.85022  3.52772  6.32671  3.01379    147 k - - -
          2.68618  4.42225  2.77519  2.73123  3.46354  2.40513  3.72494  3.29354  2.67741  2.69355  4.24690  2.90347  2.73739  3.18146  2.89801  2.37887  2.77519  2.98518  4.58477  3.61503
          0.00386  5.95516  6.67751  0.61958  0.77255  0.66660  0.72042
    148   3.38200  4.63272  3.62597  3.11665  5.17441  4.20637  4.22779  3.84867  0.89303  3.91717  4.58587  3.48233  4.37161  3.37929  1.55519  3.19187  3.38816  4.08890  6.29690  4.91295    148 k - - -
          2.68618  4.42225  2.77519  2.73123  3.46354  2.40513  3.72494  3.29354  2.67741  2.69355  4.24690  2.90347  2.73739  3.18146  2.89801  2.37887  2.77519  2.98518  4.58477  3.61503
          0.00386  5.95516  6.67751  0.61958  0.77255  0.62487  0.76642
    149   3.04800  3.95692  5.47286  4.85658  3.31103  4.54785  5.00099  2.13161  4.63844  1.05101  2.52565  4.50530  5.03034  4.27763  4.64194  3.50179  3.13200  1.76786  4.52807  4.31528    149 l - - -
          2.68618  4.42225  2.77519  2.73123  3.46354  2.40513  3.72494  3.29354  2.67741  2.69355  4.24690  2.90347  2.73739  3.18146  2.89801  2.37887  2.77519  2.98518  4.58477  3.61503
          0.00384  5.95873  6.68108  0.61958  0.77255  0.64448  0.74431
    150   1.80362  4.85025  3.68232  3.09464  4.58045  2.55439  4.20442  3.55152  1.95367  3.91267  4.48218  3.49598  4.42575  2.99409  1.64900  2.37275  3.20689  3.89621  5.10063  4.87420    150 r - - -
          2.68618  4.42225  2.77519  2.73123  3.46354  2.40513  3.72494  3.29354  2.67741  2.69355  4.24690  2.90347  2.73739  3.18146  2.89801  2.37887  2.77519  2.98518  4.58477  3.61503
          0.00384  5.95873  6.68108  0.61958  0.77255  0.64448  0.74431
    151   2.77677  5.89652  3.30958  3.01001  5.24138  2.82490  4.01198  4.55677  2.87530  3.94470  4.93724  2.98244  4.55371  1.33920  2.52495  1.70400  2.80346  4.09797  5.72213  4.91851    151 q - - -
          2.68618  4.42225  2.77519  2.73123  3.46354  2.40513  3.72494  3.29354  2.67741  2.69355  4.24690  2.90347  2.73739  3.18146  2.89801  2.37887  2.77519  2.98518  4.58477  3.61503
          0.00384  5.95873  6.68108  0.61958  0.77255  0.64448  0.74431
    152   2.68028  3.77382  4.00007  3.42282  4.48353  2.64617  4.35685  3.12364  2.62875  3.50564  4.11778  2.16011  4.73434  3.65881  3.64776  2.74261  2.62681  1.46896  5.45993  2.93735    152 v - - -
          2.68618  4.42225  2.77519  2.73123  3.46354  2.40513  3.72494  3.29354  2.67741  2.69355  4.24690  2.90347  2.73739  3.18146  2.89801  2.37887  2.77519  2.98518  4.58477  3.61503
          0.00384  5.95873  6.68108  0.61958  0.77255  0.64448  0.74431
    153   2.77122  4.36482  5.47330  4.85700  2.73065  4.48962  4.82690  2.38637  4.63882  1.32722  3.10279  4.83379  5.03055  4.76747  4.64223  3.79432  2.77297  1.97015  5.49111  1.86188    153 l - - -
          2.68618  4.42225  2.77519  2.73123  3.46354  2.40513  3.72494  3.29354  2.67741  2.69355  4.24690  2.90347  2.73739  3.18146  2.89801  2.37887  2.77519  2.98518  4.58477  3.61503
          0.00384  5.95873  6.68108  0.61958  0.77255  0.60366  0.79144
    154   3.32178  4.43863  5.34769  4.73980  1.56991  4.54256  3.76620  2.30096  2.90422  1.50472  3.12148  3.92116  5.01711  4.03680  3.32104  3.61350  2.71171  2.58990  5.14042  3.85612    154 l - - -
          2.68618  4.42225  2.77519  2.73123  3.46354  2.40513  3.72494  3.29354  2.67741  2.69355  4.24690  2.90347  2.73739  3.18146  2.89801  2.37887  2.77519  2.98518  4.58477  3.61503
          0.01036  5.96221  4.86176  0.61958  0.77255  0.57749  0.82395
    155   2.57961  5.47581  3.54904  3.02155  4.71819  2.86284  4.07629  4.50863  1.65350  3.30799  4.39324  2.95821  4.55555  2.89807  1.67581  2.53447  2.30567  4.17609  6.32505  4.91598    155 k - - -
          2.68618  4.42225  2.77519  2.73123  3.46354  2.40513  3.72494  3.29354  2.67741  2.69355  4.24690  2.90347  2.73739  3.18146  2.89801  2.37887  2.77519  2.98518  4.58477  3.61503
          0.00384  5.95955  6.68189  0.61958  0.77255  0.63935  0.75000
    156   2.43177  2.81677  5.47125  4.85510  2.72496  4.30177  5.00110  1.49059  4.63743  2.34659  1.86731  4.43265  5.03059  4.52250  4.64166  3.28844  2.80575  2.31690  5.49166  3.50817    156 i - - -
          2.68618  4.42225  2.77519  2.73123  3.46354  2.40513  3.72494  3.29354  2.67741  2.69355  4.24690  2.90347  2.73739  3.18146  2.89801  2.37887  2.77519  2.98518  4.58477  3.61503
          0.00384  5.95955  6.68189  0.61958  0.77255  0.63935  0.75000
    157   2.84579  3.04579  5.52338  4.90751  3.31464  4.72296  5.05560  3.12822  4.69112  0.62098  2.40736  4.88882  5.08064  4.41822  4.69388  4.03562  3.78141  2.99549  4.90000  4.01518    157 L - - -
          2.68618  4.42225  2.77519  2.73123  3.46354  2.40513  3.72494  3.29354  2.67741  2.69355  4.24690  2.90347  2.73739  3.18146  2.89801  2.37887  2.77519  2.98518  4.58477  3.61503
          0.00384  5.95955  6.68189  0.61958  0.77255  0.63935  0.75000
    158   2.14105  4.86162  3.59515  2.63523  3.46554  3.99904  3.75941  3.09588  2.42124  3.38794  4.34816  3.59794  4.38470  3.21301  1.59781  2.83675  2.80351  2.41868  6.15311  3.53599    158 r - - -
          2.68618  4.42225  2.77519  2.73123  3.46354  2.40513  3.72494  3.29354  2.67741  2.69355  4.24690  2.90347  2.73739  3.18146  2.89801  2.37887  2.77519  2.98518  4.58477  3.61503
          0.00384  5.95955  6.68189  0.61958  0.77255  0.61126  0.78234
    159   3.34895  5.95476  1.60196  1.05664  5.29940  4.05107  4.39047  4.44938  2.43238  4.10479  4.99693  3.36598  4.59263  2.44031  3.49743  3.10465  3.60776  4.34544  6.38603  4.97081    159 e - - -
          2.68618  4.42225  2.77519  2.73123  3.46354  2.40513  3.72494  3.29354  2.67741  2.69355  4.24690  2.90347  2.73739  3.18146  2.89801  2.37887  2.77519  2.98518  4.58477  3.61503
          0.00855  5.96192  5.12634  0.61958  0.77255  0.62420  0.76720
    160   1.13089  3.62658  5.38293  4.77260  2.21506  3.77509  4.98375  3.01766  4.57359  2.51916  3.91140  3.57920  5.01849  4.71867  4.60781  2.54801  3.01624  2.22984  5.49984  3.06575    160 a - - -
          2.68618  4.42225  2.77519  2.73123  3.46354  2.40513  3.72494  3.29354  2.67741  2.69355  4.24690  2.90347  2.73739  3.18146  2.89801  2.37887  2.77519  2.98518  4.58477  3.61503
          0.00385  5.95723  6.67957  0.61958  0.77255  0.65388  0.73402
    161   3.32526  5.96003  2.73525  2.32355  5.30316  0.76787  4.01571  4.79066  2.82046  4.26404  4.74378  3.05073  4.59867  3.28310  3.25511  3.25651  3.67744  4.19093  6.39172  4.97698    161 g - - -
          2.68618  4.42225  2.77519  2.73123  3.46354  2.40513  3.72494  3.29354  2.67741  2.69355  4.24690  2.90347  2.73739  3.18146  2.89801  2.37887  2.77519  2.98518  4.58477  3.61503
          0.00385  5.95723  6.67957  0.61958  0.77255  0.65388  0.73402
    162   3.61756  4.98305  5.59568  4.98019  2.46266  4.79508  5.12448  2.09005  4.76422  0.95443  2.40523  4.96242  5.14485  4.87852  4.76283  3.99981  3.72229  2.51752  5.16184  2.39760    162 l - - -
          2.68618  4.42225  2.77519  2.73123  3.46354  2.40513  3.72494  3.29354  2.67741  2.69355  4.24690  2.90347  2.73739  3.18146  2.89801  2.37887  2.77519  2.98518  4.58477  3.61503
          0.00385  5.95723  6.67957  0.61958  0.77255  0.65388  0.73402
    163   3.04291  3.96214  5.47138  4.85516  3.50486  3.98280  4.84254  1.69701  4.63721  0.84884  3.31956  4.83246  5.02955  4.76603  4.40445  3.97782  3.18422  2.41173  5.23400  4.05436    163 l - - -
          2.68618  4.42225  2.77519  2.73123  3.46354  2.40513  3.72494  3.29354  2.67741  2.69355  4.24690  2.90347  2.73739  3.18146  2.89801  2.37887  2.77519  2.98518  4.58477  3.61503
          0.00744  5.95723  5.33385  0.61958  0.77255  0.60686  0.78759
    164   2.78794  5.89909  1.95294  1.79709  5.24544  3.49590  3.83901  4.17678  2.15428  3.94916  4.93942  2.72435  4.55225  2.92331  2.97464  2.20310  2.45208  3.62731  6.33101  4.91929    164 e - - -
          2.68618  4.42225  2.77519  2.73123  3.46354  2.40513  3.72494  3.29354  2.67741  2.69355  4.24690  2.90347  2.73739  3.18146  2.89801  2.37887  2.77519  2.98518  4.58477  3.61503
          0.05351  5.95769  3.00550  0.61958  0.77255  0.65099  0.73716
    165   2.97374  4.91625  2.31149  2.34888  5.21300  1.95682  4.20511  4.24207  2.22458  3.77917  4.90722  2.30314  3.57583  3.09974  2.74916  2.19712  2.99203  3.69263  6.29888  4.88728    165 g - - -
          2.68618  4.42225  2.77519  2.73123  3.46354  2.40513  3.72494  3.29354  2.67741  2.69355  4.24690  2.90347  2.73739  3.18146  2.89801  2.37887  2.77519  2.98518  4.58477  3.61503
          0.00404  5.90823  6.63057  0.61958  0.77255  0.55608  0.85203
    166   2.56552  5.41027  2.70826  2.55424  4.92084  2.55913  3.98216  3.47190  2.16568  3.71657  4.07458  2.50516  3.37961  2.77607  2.94526  2.58331  2.14741  2.99769  6.32038  4.67943    166 t - - -
          2.68618  4.42225  2.77519  2.73123  3.46354  2.40513  3.72494  3.29354  2.67741  2.69355  4.24690  2.90347  2.73739  3.18146  2.89801  2.37887  2.77519  2.98518  4.58477  3.61503
          0.00740  5.94537  5.34840  0.61958  0.77255  0.72451  0.66274
    167   3.01007  4.86059  2.90530  2.74042  5.22776  2.46413  4.00327  3.86309  1.80706  3.51636  4.39482  2.54827  4.09688  3.02643  1.90602  2.53858  2.91894  3.14681  5.86597  4.07426    167 k - - -
          2.68618  4.42225  2.77519  2.73123  3.46354  2.40513  3.72494  3.29354  2.67741  2.69355  4.24690  2.90347  2.73739  3.18146  2.89801  2.37887  2.77519  2.98518  4.58477  3.61503
          0.01107  5.94188  4.78159  0.61958  0.77255  0.74423  0.64455
    168   2.82382  5.58707  2.46283  2.55336  5.23038  2.83170  3.39108  4.25081  2.18073  3.71822  4.36548  2.38959  3.84616  2.90638  2.17840  2.14594  2.55173  3.66349  6.31606  4.77390    168 s - - -
          2.68618  4.42225  2.77519  2.73123  3.46354  2.40513  3.72494  3.29354  2.67741  2.69355  4.24690  2.90347  2.73739  3.18146  2.89801  2.37887  2.77519  2.98518  4.58477  3.61503
          0.25680  5.93474  1.49686  0.61958  0.77255  0.62281  0.76881
    169   3.23116  5.11448  2.83843  2.82536  4.41804  3.06953  3.73539  3.60125  1.64299  2.91928  3.84901  3.24167  4.03609  3.24479  1.64980  3.10468  2.93642  3.76077  5.46760  3.09811    169 k - - -
          2.68618  4.42225  2.77519  2.73123  3.46354  2.40513  3.72494  3.29354  2.67741  2.69355  4.24690  2.90347  2.73739  3.18146  2.89801  2.37887  2.77519  2.98518  4.58477  3.61503
          0.00497  5.70200  6.42434  0.61958  0.77255  1.03407  0.43937
    170   2.90556  5.77611  3.43934  1.87233  4.61961  3.60670  3.11506  3.75336  1.95064  3.54017  4.06847  2.88496  3.96563  2.47500  2.26770  2.76716  2.50196  3.23032  6.20927  4.24222    170 e - - -
          2.68618  4.42225  2.77519  2.73123  3.46354  2.40513  3.72494  3.29354  2.67741  2.69355  4.24690  2.90347  2.73739  3.18146  2.89801  2.37887  2.77519  2.98518  4.58477  3.61503
          0.00465  5.76889  6.49124  0.61958  0.77255  0.28803  1.38525
    171   3.49636  4.38705  5.47285  4.85677  2.96891  4.66768  5.00208  0.99300  4.39912  1.27715  3.66942  4.83424  4.84967  4.76748  4.33404  3.79266  3.54156  2.52160  4.81048  4.31606    171 i - - -
          2.68618  4.42225  2.77519  2.73123  3.46354  2.40513  3.72494  3.29354  2.67741  2.69355  4.24690  2.90347  2.73739  3.18146  2.89801  2.37887  2.77519  2.98518  4.58477  3.61503
          0.00688  5.95125  5.45986  0.61958  0.77255  0.69018  0.69612
    172   2.73925  4.81144  3.61423  2.88832  5.07032  4.07421  3.51155  2.92592  2.43663  2.43512  4.18789  2.31262  4.57314  1.95809  2.69100  2.58829  2.75987  2.57008  6.23615  4.38504    172 q - - -
          2.68618  4.42225  2.77519  2.73123  3.46354  2.40513  3.72494  3.29354  2.67741  2.69355  4.24690  2.90347  2.73739  3.18146  2.89801  2.37887  2.77519  2.98518  4.58477  3.61503
          0.00389  5.94826  6.67060  0.61958  0.77255  0.70782  0.67869
    173   2.70563  5.86730  3.58239  2.94305  4.44091  3.73556  2.95063  4.28016  2.50168  3.58116  4.54149  3.07007  1.40837  3.06364  2.25396  2.43375  3.07883  3.68015  6.30606  3.72300    173 p - - -
          2.68618  4.42225  2.77519  2.73123  3.46354  2.40513  3.72494  3.29354  2.67741  2.69355  4.24690  2.90347  2.73739  3.18146  2.89801  2.37887  2.77519  2.98518  4.58477  3.61503
          0.00389  5.94826  6.67060  0.61958  0.77255  0.70782  0.67869
    174   2.21828  4.57177  4.82146  4.39329  3.00216  4.05150  4.93855  2.33940  3.89759  2.16284  3.59171  4.35789  1.83529  2.94604  4.18644  3.36972  3.22653  1.83622  5.51858  3.00907    174 p - - -
          2.68618  4.42225  2.77519  2.73123  3.46354  2.40513  3.72494  3.29354  2.67741  2.69355  4.24690  2.90347  2.73739  3.18146  2.89801  2.37887  2.77519  2.98518  4.58477  3.61503
          0.02202  5.94826  3.95460  0.61958  0.77255  0.70782  0.67869
    175   2.95260  5.06211  3.88844  3.39333  2.84286  3.97395  2.85924  2.15354  3.62147  2.00618  2.93701  3.66768  3.35137  3.38499  2.48176  3.11448  3.46175  2.52325  4.27237  2.59415    175 l - - -
          2.68618  4.42225  2.77519  2.73123  3.46354  2.40513  3.72494  3.29354  2.67741  2.69355  4.24690  2.90347  2.73739  3.18146  2.89801  2.37887  2.77519  2.98518  4.58477  3.61503
          0.00396  5.93020  6.65254  0.61958  0.77255  0.80706  0.59089
    176   3.34180  4.54307  4.87428  4.46890  3.62073  4.64873  4.98274  1.59141  4.61560  1.03986  2.93416  4.81284  3.12888  4.74577  4.38906  3.96032  3.71061  2.02318  5.47471  3.98780    176 l - - -
          2.68618  4.42225  2.77519  2.73123  3.46354  2.40513  3.72494  3.29354  2.67741  2.69355  4.24690  2.90347  2.73739  3.18146  2.89801  2.37887  2.77519  2.98518  4.58477  3.61503
          0.00396  5.93020  6.65254  0.61958  0.77255  0.61499  0.77793
    177   2.92691  4.69285  2.01666  2.41392  4.99766  3.40186  3.41963  4.30385  3.01770  3.29339  4.65039  2.93101  2.88296  3.07310  3.12703  1.53536  2.54504  3.76925  6.32040  4.22290    177 s - - -
          2.68618  4.42225  2.77519  2.73123  3.46354  2.40513  3.72494  3.29354  2.67741  2.69355  4.24690  2.90347  2.73739  3.18146  2.89801  2.37887  2.77519  2.98518  4.58477  3.61503
          0.00389  5.94826  6.67060  0.61958  0.77255  0.70782  0.67869
    178   2.58713  4.17180  2.39728  2.22168  4.57591  3.80528  4.01816  3.56324  2.77928  3.34482  4.67384  3.39445  1.62525  2.87080  3.13617  2.37352  2.92904  3.65226  6.30929  3.93718    178 p - - -
          2.68618  4.42225  2.77519  2.73123  3.46354  2.40513  3.72494  3.29354  2.67741  2.69355  4.24690  2.90347  2.73739  3.18146  2.89801  2.37887  2.77519  2.98518  4.58477  3.61503
          0.00779  5.94826  5.26933  0.61958  0.77255  0.70782  0.67869
    179   2.52098  5.42451  2.56230  1.60260  4.18867  3.67757  3.93217  4.21324  2.43955  3.55881  4.92960  3.14761  3.36830  2.69542  2.16863  2.41039  3.12473  3.53365  5.58614  4.34020    179 e - - -
          2.68618  4.42225  2.77519  2.73123  3.46354  2.40513  3.72494  3.29354  2.67741  2.69355  4.24690  2.90347  2.73739  3.18146  2.89801  2.37887  2.77519  2.98518  4.58477  3.61503
          0.00390  5.94437  6.66672  0.61958  0.77255  0.73018  0.65744
    180   2.46701  4.87584  4.81752  4.04677  3.21594  4.05827  4.96621  2.45466  4.31456  1.36590  3.26169  3.77819  5.00373  4.05735  4.58184  3.22959  2.63945  1.43823  5.49577  4.17800    180 l - - -
          2.68618  4.42225  2.77519  2.73123  3.46354  2.40513  3.72494  3.29354  2.67741  2.69355  4.24690  2.90347  2.73739  3.18146  2.89801  2.37887  2.77519  2.98518  4.58477  3.61503
          0.00607  5.94437  5.67423  0.61958  0.77255  0.73018  0.65744
    181   2.13385  5.06674  3.81466  2.31025  2.56440  3.96207  3.63881  2.74134  2.33399  2.23076  3.92832  3.72111  4.67587  3.11976  2.44225  2.99018  3.22552  2.69195  4.86983  4.33112    181 a - - -
          2.68618  4.42225  2.77519  2.73123  3.46354  2.40513  3.72494  3.29354  2.67741  2.69355  4.24690  2.90347  2.73739  3.18146  2.89801  2.37887  2.77519  2.98518  4.58477  3.61503
          0.00391  5.94221  6.66455  0.61958  0.77255  0.74237  0.64623
    182   2.07772  4.72334  2.44120  2.11839  4.18055  3.51715  3.83357  3.75970  2.56063  2.94778  4.38356  2.58799  4.42855  2.67787  2.62163  2.69882  2.73504  2.92430  6.31332  4.57161    182 a - - -
          2.68618  4.42225  2.77519  2.73123  3.46354  2.40513  3.72494  3.29354  2.67741  2.69355  4.24690  2.90347  2.73739  3.18146  2.89801  2.37887  2.77519  2.98518  4.58477  3.61503
          0.01220  5.94221  4.65645  0.61958  0.77255  0.68870  0.69761
    183   2.27665  3.99141  4.52462  3.62681  3.40071  3.86196  2.24063  2.82073  3.06561  1.82375  3.48900  3.82111  4.66974  3.55075  3.39181  3.51890  3.22917  2.72071  3.28124  2.15166    183 l - - -
          2.68618  4.42225  2.77519  2.73123  3.46354  2.40513  3.72494  3.29354  2.67741  2.69355  4.24690  2.90347  2.73739  3.18146  2.89801  2.37887  2.77519  2.98518  4.58477  3.61503
          0.00392  5.93867  6.66101  0.61958  0.77255  0.76197  0.62876
    184   2.87929  4.45194  3.98509  3.62788  2.46486  4.39626  4.65408  1.78384  4.46716  1.15039  3.15514  4.23185  4.29973  3.77635  3.61573  3.48736  3.62321  2.78021  5.50125  3.21301    184 l - - -
          2.68618  4.42225  2.77519  2.73123  3.46354  2.40513  3.72494  3.29354  2.67741  2.69355  4.24690  2.90347  2.73739  3.18146  2.89801  2.37887  2.77519  2.98518  4.58477  3.61503
          0.02381  5.93716  3.86871  0.61958  0.77255  0.76197  0.62876
    185   2.32542  4.67500  3.12266  2.12589  4.29359  3.71419  3.63584  2.86978  2.14911  2.77623  3.89244  3.06740  3.86854  2.69421  2.45946  2.55246  3.18765  2.98219  6.28286  4.07511    185 e - - -
          2.68618  4.42225  2.77519  2.73123  3.46354  2.40513  3.72494  3.29354  2.67741  2.69355  4.24690  2.90347  2.73739  3.18146  2.89801  2.37887  2.77519  2.98518  4.58477  3.61503
          0.00513  5.91736  6.02293  0.61958  0.77255  0.65718  0.73046
    186   2.13845  5.56898  2.78958  2.18144  5.23059  2.28059  3.73313  3.96666  2.21929  3.46172  4.59436  2.94192  4.34323  2.28449  2.57939  2.62474  3.03357  3.73684  6.31659  4.28454    186 a - - -
          2.68618  4.42225  2.77519  2.73123  3.46354  2.40513  3.72494  3.29354  2.67741  2.69355  4.24690  2.90347  2.73739  3.18146  2.89801  2.37887  2.77519  2.98518  4.58477  3.61503
          0.00632  5.93606  5.61134  0.61958  0.77255  0.76792  0.62358
    187   2.98959  4.82900  2.55209  2.64913  4.60793  3.35980  2.65909  2.77109  2.69738  2.61784  4.38464  2.14986  3.46957  2.95103  2.51299  2.62365  3.09401  3.17007  6.29674  3.89746    187 n - - -
          2.68618  4.42225  2.77519  2.73123  3.46354  2.40513  3.72494  3.29354  2.67741  2.69355  4.24690  2.90347  2.73739  3.18146  2.89801  2.37887  2.77519  2.98518  4.58477  3.61503
          0.00394  5.93369  6.65603  0.61958  0.77255  0.76296  0.62789
    188   3.06604  4.92423  2.56025  2.61190  4.02287  1.56785  3.67895  4.25182  2.70082  4.07135  4.62824  2.19097  3.73794  3.18154  2.86014  2.18130  2.88865  4.08341  5.67027  4.39409    188 g - - -
          2.68618  4.42225  2.77519  2.73123  3.46354  2.40513  3.72494  3.29354  2.67741  2.69355  4.24690  2.90347  2.73739  3.18146  2.89801  2.37887  2.77519  2.98518  4.58477  3.61503
          0.01198  5.93522  4.68163  0.61958  0.77255  0.74512  0.64375
    189   2.62735  5.06155  1.70117  1.94704  4.31512  3.13152  3.68146  4.34853  2.60379  3.24000  3.56486  3.36669  2.25749  3.01911  2.94315  2.92165  3.48140  3.96867  6.30769  4.29381    189 d - - -
          2.68618  4.42225  2.77519  2.73123  3.46354  2.40513  3.72494  3.29354  2.67741  2.69355  4.24690  2.90347  2.73739  3.18146  2.89801  2.37887  2.77519  2.98518  4.58477  3.61503
          0.00397  5.92806  6.65040  0.61958  0.77255  0.78954  0.60523
    190   2.51463  4.94943  2.60823  2.18461  5.02399  3.14699  3.66508  3.89947  2.48621  2.88823  4.02768  2.46041  3.74038  2.51697  2.69566  2.25818  2.71746  3.74628  5.83991  3.94969    190 e - - -
          2.68618  4.42225  2.77519  2.73123  3.46354  2.40513  3.72494  3.29354  2.67741  2.69355  4.24690  2.90347  2.73739  3.18146  2.89801  2.37887  2.77519  2.98518  4.58477  3.61503
          0.00396  5.92916  6.65151  0.61958  0.77255  0.79650  0.59948
    191   2.28844  5.86991  2.16939  2.37159  4.48608  3.85820  3.71974  3.95016  2.49218  2.85843  4.56017  2.85618  3.90525  2.82293  2.53107  2.62800  3.12851  3.55868  2.90687  3.07906    191 d - - -
          2.68618  4.42225  2.77519  2.73123  3.46354  2.40513  3.72494  3.29354  2.67741  2.69355  4.24690  2.90347  2.73739  3.18146  2.89801  2.37887  2.77519  2.98518  4.58477  3.61503
          0.00396  5.92916  6.65151  0.61958  0.77255  0.77220  0.61989
    192   2.64020  4.53294  4.81019  4.29922  2.35881  4.49218  4.97951  1.85515  4.37211  1.39769  3.51662  4.66600  4.45276  4.41687  4.61874  3.70455  3.26451  2.01972  5.19947  2.36854    192 l - - -
          2.68618  4.42225  2.77519  2.73123  3.46354  2.40513  3.72494  3.29354  2.67741  2.69355  4.24690  2.90347  2.73739  3.18146  2.89801  2.37887  2.77519  2.98518  4.58477  3.61503
          0.00395  5.93128  6.65363  0.61958  0.77255  0.78535  0.60874
    193   2.82256  4.34639  4.73794  4.32292  3.45467  4.08719  4.94094  2.20392  3.30180  1.06174  3.51171  4.32261  4.74234  4.06130  2.63358  3.07505  3.48297  2.26544  4.33283  3.80280    193 l - - -
          2.68618  4.42225  2.77519  2.73123  3.46354  2.40513  3.72494  3.29354  2.67741  2.69355  4.24690  2.90347  2.73739  3.18146  2.89801  2.37887  2.77519  2.98518  4.58477  3.61503
          0.00395  5.93128  6.65363  0.61958  0.77255  0.76020  0.63031
    194   2.56834  5.14138  2.53256  2.00711  2.82346  3.75970  3.76121  3.13866  2.46376  3.15049  4.37071  2.57916  3.39326  2.87219  2.85663  2.62930  3.20284  3.05857  5.71027  3.60213    194 e - - -
          2.68618  4.42225  2.77519  2.73123  3.46354  2.40513  3.72494  3.29354  2.67741  2.69355  4.24690  2.90347  2.73739  3.18146  2.89801  2.37887  2.77519  2.98518  4.58477  3.61503
          0.24821  5.93347  1.52713  0.61958  0.77255  0.77367  0.61863
    195   1.38050  2.83058  3.83961  3.42384  4.17886  4.22887  2.40661  3.00956  3.47150  2.72179  3.69533  3.03767  4.60961  3.60584  3.53130  2.36222  3.01819  2.64910  5.61038  4.36735    195 a - - -
          2.68618  4.42225  2.77519  2.73123  3.46354  2.40513  3.72494  3.29354  2.67741  2.69355  4.24690  2.90347  2.73739  3.18146  2.89801  2.37887  2.77519  2.98518  4.58477  3.61503
          0.01654  5.69028  4.34069  0.61958  0.77255  0.28021  1.40904
    196   3.20341  3.36622  5.45292  4.83654  1.17583  4.64550  4.97973  2.57377  4.61809  1.65107  2.32557  4.58661  5.00889  4.74632  4.62097  3.95743  3.41067  2.57237  4.11639  3.45076    196 f - - -
          2.68618  4.42225  2.77519  2.73123  3.46354  2.40513  3.72494  3.29354  2.67741  2.69355  4.24690  2.90347  2.73739  3.18146  2.89801  2.37887  2.77519  2.98518  4.58477  3.61503
          0.00397  5.92649  6.64883  0.61958  0.77255  0.79617  0.59975
    197   3.22620  5.61455  3.63425  2.47974  3.27292  2.26218  4.41015  3.58304  3.06665  1.73600  3.82633  2.84089  2.10656  2.73946  3.57925  3.14952  2.67375  3.81649  6.11110  4.48255    197 l - - -
          2.68618  4.42225  2.77519  2.73123  3.46354  2.40513  3.72494  3.29354  2.67741  2.69355  4.24690  2.90347  2.73739  3.18146  2.89801  2.37887  2.77519  2.98518  4.58477  3.61503
          0.00397  5.92772  6.65007  0.61958  0.77255  0.80399  0.59337
    198   2.77157  3.10128  3.69965  2.99719  3.79991  1.87329  4.86799  2.64197  3.82447  1.67605  2.78228  4.22175  4.33754  4.26122  3.88714  3.30484  2.92069  2.30562  4.39476  3.60991    198 l - - -
          2.68618  4.42225  2.77519  2.73123  3.46354  2.40513  3.72494  3.29354  2.67741  2.69355  4.24690  2.90347  2.73739  3.18146  2.89801  2.37887  2.77519  2.98518  4.58477  3.61503
          0.05610  5.92772  2.95857  0.61958  0.77255  0.80399  0.59337
    199   2.60934  4.31168  2.68419  2.28296  2.87547  3.12191  3.93253  3.77604  2.54242  3.17771  4.28177  2.98819  3.51120  2.97647  2.53372  2.16497  2.67497  3.00967  6.25803  3.90496    199 s - - -
          2.68618  4.42225  2.77519  2.73123  3.46354  2.40513  3.72494  3.29354  2.67741  2.69355  4.24690  2.90347  2.73739  3.18146  2.89801  2.37887  2.77519  2.98518  4.58477  3.61503
          0.04856  5.87580  3.11018  0.61958  0.77255  1.03705  0.43773
    200   2.75501  5.81455  2.33230  2.07330  4.82944  2.99405  3.91888  3.54333  2.62477  3.36062  4.42179  3.24577  2.35970  2.59082  2.16899  2.76601  3.22438  3.24781  5.66891  4.08137    200 e - - -
          2.68618  4.42225  2.77519  2.73123  3.46354  2.40513  3.72494  3.29354  2.67741  2.69355  4.24690  2.90347  2.73739  3.18146  2.89801  2.37887  2.77519  2.98518  4.58477  3.61503
          0.00294  5.83018        *  0.61958  0.77255  0.00000        *
//
