HMMER3/f [3.2.1 | June 2018]
NAME  BREX_BrxB
LENG  192
ALPH  amino
RF    no
MM    no
CONS  yes
CS    no
MAP   yes
DATE  Fri Jun 18 18:43:41 2021
NSEQ  500
EFFN  4.764557
CKSUM 3560436413
STATS LOCAL MSV      -10.2359  0.70586
STATS LOCAL VITERBI  -10.9979  0.70586
STATS LOCAL FORWARD   -5.0212  0.70586
HMM          A        C        D        E        F        G        H        I        K        L        M        N        P        Q        R        S        T        V        W        Y   
            m->m     m->i     m->d     i->m     i->i     d->m     d->d
  COMPO   2.62260  4.69792  2.93849  2.55213  3.13170  3.06439  3.69157  2.81880  2.66665  2.31410  3.61714  3.05025  3.35343  3.02411  2.86470  2.78725  2.94511  2.70488  4.85694  3.20586
          2.68618  4.42225  2.77519  2.73123  3.46354  2.40513  3.72494  3.29354  2.67741  2.69355  4.24690  2.90347  2.73739  3.18146  2.89801  2.37887  2.77519  2.98518  4.58477  3.61503
          0.11163  5.28613  2.29700  0.61958  0.77255  0.00000        *
      1   2.83542  5.13379  3.21691  2.73395  4.29642  3.64366  3.82976  3.60304  2.58127  3.19896  1.32657  3.14439  3.85937  2.88370  3.18462  2.55281  2.76970  3.25204  5.64270  4.16726      1 m - - -
          2.68618  4.42225  2.77519  2.73123  3.46354  2.40513  3.72494  3.29354  2.67741  2.69355  4.24690  2.90347  2.73739  3.18146  2.89801  2.37887  2.77519  2.98518  4.58477  3.61503
          0.02953  5.18287  3.75121  0.61958  0.77255  0.68209  0.70433
      2   2.50862  5.19161  2.91061  2.39803  4.56337  3.09980  3.70953  3.89809  2.30109  3.20448  3.72134  2.75600  3.55950  2.64404  2.74335  1.82717  2.69067  3.63835  5.88839  4.05511      2 s - - -
          2.68618  4.42225  2.77519  2.73123  3.46354  2.40513  3.72494  3.29354  2.67741  2.69355  4.24690  2.90347  2.73739  3.18146  2.89801  2.37887  2.77519  2.98518  4.58477  3.61503
          0.03219  5.18471  3.64691  0.61958  0.77255  0.77755  0.61532
      3   2.76144  5.27869  2.53599  2.40807  4.80305  3.55981  3.61438  4.15703  2.22135  3.58589  4.42239  2.47595  3.26561  2.79954  2.37488  1.99263  2.48707  3.70540  5.89040  4.41074      3 s - - -
          2.68618  4.42225  2.77519  2.73123  3.46354  2.40513  3.72494  3.29354  2.67741  2.69355  4.24690  2.90347  2.73739  3.18146  2.89801  2.37887  2.77519  2.98518  4.58477  3.61503
          0.00853  5.16430  5.88664  0.61958  0.77255  0.55131  0.85848
      4   2.95512  4.40942  4.72741  4.16440  2.99058  4.04510  4.35094  1.58005  3.90765  1.37878  3.05503  4.23268  3.89563  4.25746  3.89262  3.40457  2.81826  2.22793  4.86120  3.58128      4 l - - -
          2.68618  4.42225  2.77519  2.73123  3.46354  2.40513  3.72494  3.29354  2.67741  2.69355  4.24690  2.90347  2.73739  3.18146  2.89801  2.37887  2.77519  2.98518  4.58477  3.61503
          0.00802  5.22531  5.94765  0.61958  0.77255  0.63387  0.75616
      5   2.67756  5.49099  2.34946  2.05526  4.83649  3.58934  3.41539  3.92762  2.09768  3.52796  4.09035  2.48379  3.67704  2.53174  2.84091  2.48057  2.75056  3.64258  5.92341  3.74415      5 e - - -
          2.68618  4.42225  2.77519  2.73123  3.46354  2.40513  3.72494  3.29354  2.67741  2.69355  4.24690  2.90347  2.73739  3.18146  2.89801  2.37887  2.77519  2.98518  4.58477  3.61503
          0.01007  5.23456  5.36208  0.61958  0.77255  0.52880  0.88992
      6   2.56873  5.50092  2.40016  1.68912  4.84629  3.58611  3.69937  4.17710  2.18959  3.61134  3.60652  2.85605  4.09816  2.45843  2.65701  2.65956  2.85011  3.69032  5.93343  4.08208      6 e - - -
          2.68618  4.42225  2.77519  2.73123  3.46354  2.40513  3.72494  3.29354  2.67741  2.69355  4.24690  2.90347  2.73739  3.18146  2.89801  2.37887  2.77519  2.98518  4.58477  3.61503
          0.00778  5.25614  5.97848  0.61958  0.77255  0.54496  0.86717
      7   2.72726  5.15997  2.68325  2.59393  4.77847  3.72217  3.83181  3.85744  2.31511  2.36706  4.27455  3.04906  3.87361  2.88901  1.57033  2.67952  2.78525  3.60001  5.66496  4.50178      7 r - - -
          2.68618  4.42225  2.77519  2.73123  3.46354  2.40513  3.72494  3.29354  2.67741  2.69355  4.24690  2.90347  2.73739  3.18146  2.89801  2.37887  2.77519  2.98518  4.58477  3.61503
          0.00772  5.26405  5.98640  0.61958  0.77255  0.55026  0.85991
      8   2.61544  4.23861  4.72131  3.57533  2.00319  4.20718  4.53594  2.09820  4.01810  1.28134  3.37666  4.33954  4.57176  3.92489  3.86441  3.42972  3.19619  2.42938  5.05721  3.48492      8 l - - -
          2.68618  4.42225  2.77519  2.73123  3.46354  2.40513  3.72494  3.29354  2.67741  2.69355  4.24690  2.90347  2.73739  3.18146  2.89801  2.37887  2.77519  2.98518  4.58477  3.61503
          0.00770  5.26646  5.98880  0.61958  0.77255  0.55633  0.85170
      9   2.46044  5.50972  1.85717  2.04216  4.85560  3.43957  3.72243  4.34231  2.30929  3.77630  4.55025  2.24012  4.00312  2.53583  3.07091  2.64896  2.86107  3.76245  5.94183  4.53010      9 d - - -
          2.68618  4.42225  2.77519  2.73123  3.46354  2.40513  3.72494  3.29354  2.67741  2.69355  4.24690  2.90347  2.73739  3.18146  2.89801  2.37887  2.77519  2.98518  4.58477  3.61503
          0.00770  5.26646  5.98880  0.61958  0.77255  0.55633  0.85170
     10   2.45314  4.92937  2.87378  2.08355  4.41017  3.58890  2.63760  3.61632  2.08902  3.27042  4.49422  2.74819  4.03605  2.37682  2.66597  2.54452  3.03321  3.59353  5.93544  4.29032     10 e - - -
          2.68618  4.42225  2.77519  2.73123  3.46354  2.40513  3.72494  3.29354  2.67741  2.69355  4.24690  2.90347  2.73739  3.18146  2.89801  2.37887  2.77519  2.98518  4.58477  3.61503
          0.00770  5.26646  5.98880  0.61958  0.77255  0.55633  0.85170
     11   2.85974  4.50638  5.09904  4.48520  2.96212  4.31405  4.64524  1.83343  4.27327  1.14890  3.31982  4.47557  4.66660  4.39477  4.27975  3.62741  3.30392  2.30100  4.89370  2.35696     11 l - - -
          2.68618  4.42225  2.77519  2.73123  3.46354  2.40513  3.72494  3.29354  2.67741  2.69355  4.24690  2.90347  2.73739  3.18146  2.89801  2.37887  2.77519  2.98518  4.58477  3.61503
          0.00770  5.26646  5.98880  0.61958  0.77255  0.52949  0.88893
     12   2.82696  5.05647  3.05866  2.10941  3.15103  3.40980  3.79634  3.19726  2.39357  2.36076  3.75362  3.26411  3.67666  2.90136  2.32587  2.79204  3.00211  3.30392  5.46559  3.00014     12 e - - -
          2.68618  4.42225  2.77519  2.73123  3.46354  2.40513  3.72494  3.29354  2.67741  2.69355  4.24690  2.90347  2.73739  3.18146  2.89801  2.37887  2.77519  2.98518  4.58477  3.61503
          0.00766  5.27099  5.99334  0.61958  0.77255  0.54061  0.87321
     13   2.55325  5.23601  2.45176  1.98214  4.85602  3.38397  3.62369  4.25677  2.15009  3.55239  4.55025  2.70812  2.86874  2.53969  2.47065  2.46950  3.04884  3.79885  5.94191  4.53031     13 e - - -
          2.68618  4.42225  2.77519  2.73123  3.46354  2.40513  3.72494  3.29354  2.67741  2.69355  4.24690  2.90347  2.73739  3.18146  2.89801  2.37887  2.77519  2.98518  4.58477  3.61503
          0.00766  5.27099  5.99334  0.61958  0.77255  0.53476  0.88143
     14   2.85073  5.30954  2.86600  2.62017  3.70560  3.70650  2.87466  3.16157  1.91805  3.00987  4.14826  3.26806  4.20390  2.97084  2.12458  2.97562  3.09104  2.46731  5.79025  3.23121     14 k - - -
          2.68618  4.42225  2.77519  2.73123  3.46354  2.40513  3.72494  3.29354  2.67741  2.69355  4.24690  2.90347  2.73739  3.18146  2.89801  2.37887  2.77519  2.98518  4.58477  3.61503
          0.00766  5.27197  5.99432  0.61958  0.77255  0.53719  0.87801
     15   3.62474  4.76996  5.79767  5.22194  3.47828  5.11565  5.50557  1.10324  5.05891  1.11680  2.86880  5.28326  5.35639  5.12115  5.06534  4.46818  3.93164  2.05481  5.81211  4.71005     15 i - - -
          2.68618  4.42225  2.77519  2.73123  3.46354  2.40513  3.72494  3.29354  2.67741  2.69355  4.24690  2.90347  2.73739  3.18146  2.89801  2.37887  2.77519  2.98518  4.58477  3.61503
          0.00962  5.27197  5.41726  0.61958  0.77255  0.53719  0.87801
     16   2.49178  4.55811  3.14401  2.32131  4.81587  3.37882  3.76806  3.91146  2.19194  3.08656  4.20504  3.00719  4.12981  2.53693  2.54455  1.85338  2.49577  3.51924  5.58837  4.39898     16 s - - -
          2.68618  4.42225  2.77519  2.73123  3.46354  2.40513  3.72494  3.29354  2.67741  2.69355  4.24690  2.90347  2.73739  3.18146  2.89801  2.37887  2.77519  2.98518  4.58477  3.61503
          0.01032  5.27002  5.27359  0.61958  0.77255  0.54401  0.86849
     17   2.49513  5.48948  2.31114  2.33858  4.82759  3.40159  3.49682  3.75364  2.55205  2.98457  4.28384  2.93984  4.09357  2.60693  2.99066  1.75372  2.87097  3.20539  5.92635  4.27630     17 s - - -
          2.68618  4.42225  2.77519  2.73123  3.46354  2.40513  3.72494  3.29354  2.67741  2.69355  4.24690  2.90347  2.73739  3.18146  2.89801  2.37887  2.77519  2.98518  4.58477  3.61503
          0.00769  5.26739  5.98974  0.61958  0.77255  0.55312  0.85602
     18   2.74947  5.50239  2.60618  2.03992  4.21644  3.08609  3.82717  3.98294  2.28204  3.72982  4.54343  2.98724  1.81320  2.74281  2.93008  2.69553  3.03345  3.58750  5.93593  4.32308     18 p - - -
          2.68618  4.42225  2.77519  2.73123  3.46354  2.40513  3.72494  3.29354  2.67741  2.69355  4.24690  2.90347  2.73739  3.18146  2.89801  2.37887  2.77519  2.98518  4.58477  3.61503
          0.00769  5.26739  5.98974  0.61958  0.77255  0.55312  0.85602
     19   2.72142  5.50069  2.13930  2.27446  4.43047  3.06702  3.91618  4.32802  2.45170  3.72754  4.46890  2.97661  3.66478  2.89232  2.17234  2.32080  3.09547  3.75037  2.62303  4.52503     19 d - - -
          2.68618  4.42225  2.77519  2.73123  3.46354  2.40513  3.72494  3.29354  2.67741  2.69355  4.24690  2.90347  2.73739  3.18146  2.89801  2.37887  2.77519  2.98518  4.58477  3.61503
          0.26797  5.26739  1.47004  0.61958  0.77255  0.55312  0.85602
     20   2.91032  4.39174  4.20457  3.66512  1.08947  3.33138  4.31150  2.80186  3.65352  2.30592  3.26810  3.98497  3.70501  3.87689  3.83863  3.18440  2.99277  2.60587  5.00085  3.68150     20 f - - -
          2.68618  4.42225  2.77519  2.73123  3.46354  2.40513  3.72494  3.29354  2.67741  2.69355  4.24690  2.90347  2.73739  3.18146  2.89801  2.37887  2.77519  2.98518  4.58477  3.61503
          0.06738  5.00938  2.83893  0.61958  0.77255  1.13156  0.38939
     21   2.84239  4.72181  3.57134  2.95826  3.69163  3.71562  4.03467  3.04191  2.81377  1.39553  3.74432  3.45953  3.44019  2.57359  2.46295  2.96254  2.95378  2.95108  5.05172  3.94821     21 l - - -
          2.68618  4.42225  2.77519  2.73123  3.46354  2.40513  3.72494  3.29354  2.67741  2.69355  4.24690  2.90347  2.73739  3.18146  2.89801  2.37887  2.77519  2.98518  4.58477  3.61503
          0.05950  4.95255  2.98182  0.61958  0.77255  1.21078  0.35377
     22   2.54625  5.34836  2.59296  2.11209  4.69375  3.29372  3.44872  4.17995  2.06771  3.53934  4.38894  2.43623  3.79839  2.36449  2.74708  2.48945  2.70308  3.73917  5.50495  4.26816     22 k - - -
          2.68618  4.42225  2.77519  2.73123  3.46354  2.40513  3.72494  3.29354  2.67741  2.69355  4.24690  2.90347  2.73739  3.18146  2.89801  2.37887  2.77519  2.98518  4.58477  3.61503
          0.01108  4.90413  5.62647  0.61958  0.77255  0.23656  1.55751
     23   2.85557  5.50250  3.05986  2.44565  4.68249  2.42898  3.75166  4.33190  2.24447  3.66152  2.95832  2.23802  3.21254  2.56601  2.33530  2.61627  2.86907  3.81869  5.93575  4.40007     23 n - - -
          2.68618  4.42225  2.77519  2.73123  3.46354  2.40513  3.72494  3.29354  2.67741  2.69355  4.24690  2.90347  2.73739  3.18146  2.89801  2.37887  2.77519  2.98518  4.58477  3.61503
          0.00947  5.26541  5.45967  0.61958  0.77255  0.52209  0.89963
     24   2.76732  5.50169  2.94299  2.08677  4.28873  3.49418  3.50975  3.15745  1.88546  3.08746  4.34732  2.93998  3.82831  2.39251  2.43168  2.53894  2.87996  3.67699  5.93574  4.38117     24 k - - -
          2.68618  4.42225  2.77519  2.73123  3.46354  2.40513  3.72494  3.29354  2.67741  2.69355  4.24690  2.90347  2.73739  3.18146  2.89801  2.37887  2.77519  2.98518  4.58477  3.61503
          0.00767  5.27010  5.99245  0.61958  0.77255  0.53334  0.88344
     25   2.69742  5.49595  2.70847  2.60028  4.83099  1.33729  3.68927  4.31049  2.62640  3.79706  4.53996  2.76440  4.17557  3.04466  3.01781  2.34646  2.75017  3.73443  5.93466  4.40892     25 g - - -
          2.68618  4.42225  2.77519  2.73123  3.46354  2.40513  3.72494  3.29354  2.67741  2.69355  4.24690  2.90347  2.73739  3.18146  2.89801  2.37887  2.77519  2.98518  4.58477  3.61503
          0.00974  5.27184  5.39102  0.61958  0.77255  0.52601  0.89394
     26   2.45977  4.64608  4.02333  3.54561  3.76663  3.08305  3.33101  2.64548  3.35455  1.20336  3.62206  3.76245  3.72311  3.60538  3.33749  3.17815  2.71881  2.59711  5.24196  3.76343     26 l - - -
          2.68618  4.42225  2.77519  2.73123  3.46354  2.40513  3.72494  3.29354  2.67741  2.69355  4.24690  2.90347  2.73739  3.18146  2.89801  2.37887  2.77519  2.98518  4.58477  3.61503
          0.00766  5.27172  5.99407  0.61958  0.77255  0.52572  0.89436
     27   1.92607  5.34891  3.14414  2.71561  4.63159  1.76885  3.77978  4.00747  2.74232  3.43778  3.55075  2.90807  3.90520  3.08549  3.15861  2.08780  2.96854  3.65208  5.82094  3.62781     27 g - - -
          2.68618  4.42225  2.77519  2.73123  3.46354  2.40513  3.72494  3.29354  2.67741  2.69355  4.24690  2.90347  2.73739  3.18146  2.89801  2.37887  2.77519  2.98518  4.58477  3.61503
          0.00764  5.27378  5.99613  0.61958  0.77255  0.53078  0.88708
     28   2.53977  5.41805  3.23080  2.73217  4.72601  2.21128  3.42006  3.74358  2.58697  3.14568  3.87379  1.53063  3.79713  3.01858  2.87278  2.60255  3.20039  3.68652  5.87361  4.48631     28 n - - -
          2.68618  4.42225  2.77519  2.73123  3.46354  2.40513  3.72494  3.29354  2.67741  2.69355  4.24690  2.90347  2.73739  3.18146  2.89801  2.37887  2.77519  2.98518  4.58477  3.61503
          0.00764  5.27378  5.99613  0.61958  0.77255  0.53078  0.88708
     29   2.52984  5.47624  2.55323  1.25210  3.06851  3.62549  3.96681  3.73355  2.67313  3.71788  4.42151  2.89756  3.87275  2.97526  2.94983  2.69130  3.09674  3.75268  5.91736  4.37204     29 e - - -
          2.68618  4.42225  2.77519  2.73123  3.46354  2.40513  3.72494  3.29354  2.67741  2.69355  4.24690  2.90347  2.73739  3.18146  2.89801  2.37887  2.77519  2.98518  4.58477  3.61503
          0.00764  5.27378  5.99613  0.61958  0.77255  0.53078  0.88708
     30   2.93862  4.71093  3.48279  2.61796  3.31641  3.88883  4.17756  2.04827  3.17043  2.52922  3.41472  3.48913  4.11341  2.40000  3.62621  3.18863  3.26390  1.68466  5.02113  3.14734     30 v - - -
          2.68618  4.42225  2.77519  2.73123  3.46354  2.40513  3.72494  3.29354  2.67741  2.69355  4.24690  2.90347  2.73739  3.18146  2.89801  2.37887  2.77519  2.98518  4.58477  3.61503
          0.00764  5.27378  5.99613  0.61958  0.77255  0.53078  0.88708
     31   2.70040  5.47771  3.30199  2.76914  4.84026  2.24460  4.02667  4.30872  2.70169  3.81033  4.56537  2.44604  1.66080  3.08126  2.07217  2.78884  3.19534  3.88894  5.95772  4.56745     31 p - - -
          2.68618  4.42225  2.77519  2.73123  3.46354  2.40513  3.72494  3.29354  2.67741  2.69355  4.24690  2.90347  2.73739  3.18146  2.89801  2.37887  2.77519  2.98518  4.58477  3.61503
          0.00764  5.27378  5.99613  0.61958  0.77255  0.53078  0.88708
     32   2.69573  4.31313  4.97440  4.36237  1.50132  4.21952  4.04986  2.01223  4.15694  2.54374  3.51832  4.00771  4.58356  4.29639  4.18068  3.48182  3.14353  1.90005  5.05548  2.30456     32 f - - -
          2.68618  4.42225  2.77519  2.73123  3.46354  2.40513  3.72494  3.29354  2.67741  2.69355  4.24690  2.90347  2.73739  3.18146  2.89801  2.37887  2.77519  2.98518  4.58477  3.61503
          0.00764  5.27378  5.99613  0.61958  0.77255  0.53078  0.88708
     33   2.45447  4.16266  4.92287  4.31399  2.08734  4.21174  3.35478  2.32245  4.11916  2.55797  3.49741  4.05521  4.57634  4.26782  3.42016  3.45205  3.28514  2.32937  2.66084  1.76388     33 y - - -
          2.68618  4.42225  2.77519  2.73123  3.46354  2.40513  3.72494  3.29354  2.67741  2.69355  4.24690  2.90347  2.73739  3.18146  2.89801  2.37887  2.77519  2.98518  4.58477  3.61503
          0.01048  5.27378  5.23957  0.61958  0.77255  0.53078  0.88708
     34   2.96385  4.46639  5.05873  4.44551  2.33890  4.27126  4.44859  1.16607  4.23291  2.34559  2.93047  4.43268  4.63058  4.36244  4.24214  3.58395  3.25593  1.96613  5.09267  2.80935     34 i - - -
          2.68618  4.42225  2.77519  2.73123  3.46354  2.40513  3.72494  3.29354  2.67741  2.69355  4.24690  2.90347  2.73739  3.18146  2.89801  2.37887  2.77519  2.98518  4.58477  3.61503
          0.00766  5.27097  5.99331  0.61958  0.77255  0.54071  0.87308
     35   2.56224  2.76293  4.99257  4.23517  1.47885  4.21822  4.33917  2.66820  4.16861  1.88654  3.46646  4.37324  4.58212  3.94656  4.18470  3.30577  3.28353  2.27572  4.78512  2.62395     35 f - - -
          2.68618  4.42225  2.77519  2.73123  3.46354  2.40513  3.72494  3.29354  2.67741  2.69355  4.24690  2.90347  2.73739  3.18146  2.89801  2.37887  2.77519  2.98518  4.58477  3.61503
          0.00766  5.27097  5.99331  0.61958  0.77255  0.54071  0.87308
     36   2.67512  3.36394  1.85978  2.80766  4.44032  3.69026  3.71687  3.54091  2.81963  3.33238  4.27442  3.34429  2.68893  2.82436  3.01904  2.88845  2.85610  1.97338  5.30921  4.37260     36 d - - -
          2.68618  4.42225  2.77519  2.73123  3.46354  2.40513  3.72494  3.29354  2.67741  2.69355  4.24690  2.90347  2.73739  3.18146  2.89801  2.37887  2.77519  2.98518  4.58477  3.61503
          0.00766  5.27097  5.99331  0.61958  0.77255  0.54071  0.87308
     37   4.99469  6.02728  5.98248  5.83610  1.93940  5.60198  3.95350  4.37679  5.61503  3.92018  5.21474  5.19958  5.87421  5.34834  5.46307  4.35734  5.19851  3.74917  4.45661  0.34755     37 Y - - -
          2.68618  4.42225  2.77519  2.73123  3.46354  2.40513  3.72494  3.29354  2.67741  2.69355  4.24690  2.90347  2.73739  3.18146  2.89801  2.37887  2.77519  2.98518  4.58477  3.61503
          0.00766  5.27097  5.99331  0.61958  0.77255  0.54071  0.87308
     38   2.53199  5.34754  1.88195  2.26170  4.85368  3.70763  3.32280  4.24476  2.45819  3.64529  4.54958  2.80532  1.94646  2.91301  2.87077  2.71719  3.21093  3.89935  5.94152  4.53054     38 d - - -
          2.68618  4.42225  2.77519  2.73123  3.46354  2.40513  3.72494  3.29354  2.67741  2.69355  4.24690  2.90347  2.73739  3.18146  2.89801  2.37887  2.77519  2.98518  4.58477  3.61503
          0.00766  5.27097  5.99331  0.61958  0.77255  0.54071  0.87308
     39   2.09803  5.24007  3.42605  2.61421  4.50322  3.85324  4.07059  3.49628  2.34744  3.51796  4.32974  3.39456  1.22290  3.21905  3.27615  3.04228  3.14887  3.30608  5.75566  4.42205     39 p - - -
          2.68618  4.42225  2.77519  2.73123  3.46354  2.40513  3.72494  3.29354  2.67741  2.69355  4.24690  2.90347  2.73739  3.18146  2.89801  2.37887  2.77519  2.98518  4.58477  3.61503
          0.00766  5.27097  5.99331  0.61958  0.77255  0.54071  0.87308
     40   2.38634  5.27422  2.85176  1.46131  4.85281  3.62918  3.73397  4.26988  2.03176  3.81295  4.47226  3.00501  3.93839  2.66967  2.94676  2.48061  2.79626  3.70791  5.52791  4.39264     40 e - - -
          2.68618  4.42225  2.77519  2.73123  3.46354  2.40513  3.72494  3.29354  2.67741  2.69355  4.24690  2.90347  2.73739  3.18146  2.89801  2.37887  2.77519  2.98518  4.58477  3.61503
          0.00766  5.27097  5.99331  0.61958  0.77255  0.54071  0.87308
     41   2.73618  4.90456  1.75786  1.83143  4.30081  3.67150  3.21804  4.15487  2.46322  3.28546  4.10196  3.11705  4.16658  2.36162  2.88051  2.87461  3.18266  3.85526  4.66685  3.78618     41 d - - -
          2.68618  4.42225  2.77519  2.73123  3.46354  2.40513  3.72494  3.29354  2.67741  2.69355  4.24690  2.90347  2.73739  3.18146  2.89801  2.37887  2.77519  2.98518  4.58477  3.61503
          0.00766  5.27097  5.99331  0.61958  0.77255  0.54071  0.87308
     42   2.63324  5.38097  3.23179  0.97515  4.67428  3.58339  3.99351  3.29676  2.72978  3.51849  4.01150  3.27168  4.19182  2.76248  3.23475  2.83359  3.06878  3.74349  5.84610  4.26968     42 e - - -
          2.68618  4.42225  2.77519  2.73123  3.46354  2.40513  3.72494  3.29354  2.67741  2.69355  4.24690  2.90347  2.73739  3.18146  2.89801  2.37887  2.77519  2.98518  4.58477  3.61503
          0.00766  5.27097  5.99331  0.61958  0.77255  0.54071  0.87308
     43   2.94802  4.34184  3.90524  3.61100  2.86613  4.07505  4.38398  2.54104  3.70170  1.38109  2.66358  3.66503  3.63976  3.54147  2.62259  3.38477  3.21042  2.51525  4.26206  2.92026     43 l - - -
          2.68618  4.42225  2.77519  2.73123  3.46354  2.40513  3.72494  3.29354  2.67741  2.69355  4.24690  2.90347  2.73739  3.18146  2.89801  2.37887  2.77519  2.98518  4.58477  3.61503
          0.00766  5.27097  5.99331  0.61958  0.77255  0.54071  0.87308
     44   2.28061  5.48181  2.70839  1.89438  4.58721  3.77532  3.70394  3.18358  2.19893  3.03761  4.10879  3.09756  4.03274  2.58522  2.39537  2.83746  2.88665  3.35290  5.50981  3.94675     44 e - - -
          2.68618  4.42225  2.77519  2.73123  3.46354  2.40513  3.72494  3.29354  2.67741  2.69355  4.24690  2.90347  2.73739  3.18146  2.89801  2.37887  2.77519  2.98518  4.58477  3.61503
          0.00766  5.27097  5.99331  0.61958  0.77255  0.54071  0.87308
     45   2.93573  4.31340  5.20793  4.60398  3.40687  4.44048  4.79254  2.06118  4.40130  1.62819  2.58551  4.60243  4.78660  4.45394  4.41589  3.75979  3.35058  1.10988  5.26522  3.99562     45 v - - -
          2.68618  4.42225  2.77519  2.73123  3.46354  2.40513  3.72494  3.29354  2.67741  2.69355  4.24690  2.90347  2.73739  3.18146  2.89801  2.37887  2.77519  2.98518  4.58477  3.61503
          0.00766  5.27097  5.99331  0.61958  0.77255  0.54071  0.87308
     46   2.63497  4.93288  3.02043  2.38142  4.82138  3.67983  3.88523  4.17344  2.32077  3.63930  4.33900  3.09743  4.16983  2.84570  1.16264  2.87083  3.12287  3.65549  5.92391  4.37805     46 r - - -
          2.68618  4.42225  2.77519  2.73123  3.46354  2.40513  3.72494  3.29354  2.67741  2.69355  4.24690  2.90347  2.73739  3.18146  2.89801  2.37887  2.77519  2.98518  4.58477  3.61503
          0.00766  5.27097  5.99331  0.61958  0.77255  0.53153  0.88602
     47   2.08709  5.50789  2.48705  1.92934  4.49284  3.45227  3.38992  4.33877  2.39873  3.42005  4.41628  2.98326  4.16475  2.57858  2.17814  2.67220  3.04520  3.58797  5.94063  4.13629     47 e - - -
          2.68618  4.42225  2.77519  2.73123  3.46354  2.40513  3.72494  3.29354  2.67741  2.69355  4.24690  2.90347  2.73739  3.18146  2.89801  2.37887  2.77519  2.98518  4.58477  3.61503
          0.00765  5.27250  5.99485  0.61958  0.77255  0.53532  0.88063
     48   2.55788  5.18212  3.07023  2.28070  3.17014  3.69903  2.77428  3.77701  2.45408  2.93971  3.93853  3.07863  4.18525  2.35512  2.17244  2.83493  3.14206  3.42959  5.07979  3.04911     48 r - - -
          2.68618  4.42225  2.77519  2.73123  3.46354  2.40513  3.72494  3.29354  2.67741  2.69355  4.24690  2.90347  2.73739  3.18146  2.89801  2.37887  2.77519  2.98518  4.58477  3.61503
          0.00765  5.27250  5.99485  0.61958  0.77255  0.53532  0.88063
     49   2.87002  4.38722  4.81418  4.11448  3.34190  4.19591  4.32457  1.53986  3.34787  1.80482  3.11669  4.22199  4.56166  3.61002  3.30910  3.44443  2.72491  1.76254  5.07654  3.89547     49 i - - -
          2.68618  4.42225  2.77519  2.73123  3.46354  2.40513  3.72494  3.29354  2.67741  2.69355  4.24690  2.90347  2.73739  3.18146  2.89801  2.37887  2.77519  2.98518  4.58477  3.61503
          0.00765  5.27250  5.99485  0.61958  0.77255  0.53532  0.88063
     50   2.54500  5.51005  2.37364  2.11749  4.60884  2.99577  3.46163  3.97975  2.06912  3.59242  4.41180  2.87641  2.91714  2.61499  2.53312  2.58649  2.97616  3.67538  5.94222  4.53076     50 k - - -
          2.68618  4.42225  2.77519  2.73123  3.46354  2.40513  3.72494  3.29354  2.67741  2.69355  4.24690  2.90347  2.73739  3.18146  2.89801  2.37887  2.77519  2.98518  4.58477  3.61503
          0.00765  5.27250  5.99485  0.61958  0.77255  0.53532  0.88063
     51   2.55074  5.47107  2.68533  2.01282  3.13466  3.43906  3.58107  3.99673  2.56912  2.82071  4.31569  2.90367  4.17137  2.33378  2.37259  2.82919  2.88100  3.54071  5.37246  3.34078     51 e - - -
          2.68618  4.42225  2.77519  2.73123  3.46354  2.40513  3.72494  3.29354  2.67741  2.69355  4.24690  2.90347  2.73739  3.18146  2.89801  2.37887  2.77519  2.98518  4.58477  3.61503
          0.00765  5.27250  5.99485  0.61958  0.77255  0.53532  0.88063
     52   3.05442  4.45917  5.04880  4.16253  2.06705  4.25762  4.37484  2.09034  4.21963  1.19365  2.98629  4.41963  4.61703  4.34668  4.22683  3.56959  3.26202  2.42179  3.04390  3.83080     52 l - - -
          2.68618  4.42225  2.77519  2.73123  3.46354  2.40513  3.72494  3.29354  2.67741  2.69355  4.24690  2.90347  2.73739  3.18146  2.89801  2.37887  2.77519  2.98518  4.58477  3.61503
          0.00765  5.27250  5.99485  0.61958  0.77255  0.53532  0.88063
     53   2.53903  4.33219  3.09945  1.86857  4.36820  3.68685  3.99376  2.86245  2.02964  2.99832  3.98470  3.09990  4.05958  2.78955  2.86613  2.69217  2.86438  2.58424  5.83492  4.46027     53 e - - -
          2.68618  4.42225  2.77519  2.73123  3.46354  2.40513  3.72494  3.29354  2.67741  2.69355  4.24690  2.90347  2.73739  3.18146  2.89801  2.37887  2.77519  2.98518  4.58477  3.61503
          0.00765  5.27250  5.99485  0.61958  0.77255  0.51850  0.90488
     54   2.43968  5.50427  2.72675  2.27506  4.72098  3.21657  3.66338  3.61641  2.17597  2.97201  3.98260  2.44396  3.55034  2.72456  2.79447  2.48697  2.46330  3.64869  5.93830  4.10856     54 k - - -
          2.68618  4.42225  2.77519  2.73123  3.46354  2.40513  3.72494  3.29354  2.67741  2.69355  4.24690  2.90347  2.73739  3.18146  2.89801  2.37887  2.77519  2.98518  4.58477  3.61503
          0.00763  5.27531  5.99766  0.61958  0.77255  0.52534  0.89490
     55   2.20671  5.49898  2.69691  2.50015  4.56250  3.47540  3.68553  4.09413  1.81403  3.46473  4.04551  3.08664  4.09694  2.57550  2.06725  2.65409  2.97982  3.41466  5.01113  4.14778     55 k - - -
          2.68618  4.42225  2.77519  2.73123  3.46354  2.40513  3.72494  3.29354  2.67741  2.69355  4.24690  2.90347  2.73739  3.18146  2.89801  2.37887  2.77519  2.98518  4.58477  3.61503
          0.01838  5.27531  4.33552  0.61958  0.77255  0.52534  0.89490
     56   2.68999  4.45380  3.86141  3.62719  3.16112  4.00179  4.34969  2.57913  3.66823  1.21095  3.48149  3.38831  4.11524  3.43817  3.89801  3.01701  2.13612  2.69715  5.16633  3.62726     56 l - - -
          2.68618  4.42225  2.77519  2.73123  3.46354  2.40513  3.72494  3.29354  2.67741  2.69355  4.24690  2.90347  2.73739  3.18146  2.89801  2.37887  2.77519  2.98518  4.58477  3.61503
          0.07565  5.26465  2.69284  0.61958  0.77255  0.56252  0.84344
     57   2.45165  5.20545  2.96222  2.14924  4.81547  3.34488  3.39681  3.87021  2.09843  3.31664  4.11858  2.62591  3.74077  2.55300  2.34942  2.46679  2.68440  3.52827  5.90412  4.37349     57 k - - -
          2.68618  4.42225  2.77519  2.73123  3.46354  2.40513  3.72494  3.29354  2.67741  2.69355  4.24690  2.90347  2.73739  3.18146  2.89801  2.37887  2.77519  2.98518  4.58477  3.61503
          0.14604  5.19725  2.03757  0.61958  0.77255  0.76282  0.62801
     58   2.48939  5.40971  2.96383  2.28798  4.40731  3.33989  3.68979  4.00426  2.00149  3.57061  4.45059  2.48810  3.88138  2.27221  2.32476  2.46284  2.89282  3.61160  5.84288  3.98543     58 k - - -
          2.68618  4.42225  2.77519  2.73123  3.46354  2.40513  3.72494  3.29354  2.67741  2.69355  4.24690  2.90347  2.73739  3.18146  2.89801  2.37887  2.77519  2.98518  4.58477  3.61503
          0.04802  5.06067  3.20544  0.61958  0.77255  0.97665  0.47252
     59   2.06051  5.02378  2.59659  2.26151  4.65373  3.09372  3.52276  4.14233  2.26792  3.47483  4.05830  2.84234  2.91959  2.72705  2.70022  2.56780  2.89256  3.34929  5.82819  3.90024     59 a - - -
          2.68618  4.42225  2.77519  2.73123  3.46354  2.40513  3.72494  3.29354  2.67741  2.69355  4.24690  2.90347  2.73739  3.18146  2.89801  2.37887  2.77519  2.98518  4.58477  3.61503
          0.62169  5.03855  0.78421  0.61958  0.77255  0.37853  1.15475
     60   2.56403  5.06971  2.64077  2.39202  4.47274  3.09342  3.05968  3.87929  2.27814  3.52629  4.23361  2.41876  3.67945  2.51604  2.78935  2.37194  2.53751  3.44051  5.71758  3.96099     60 k - - -
          2.68618  4.42225  2.77519  2.73123  3.46354  2.40513  3.72494  3.29354  2.67741  2.69355  4.24690  2.90347  2.73739  3.18146  2.89801  2.37887  2.77519  2.98518  4.58477  3.61503
          0.01271  4.76782  5.49017  0.61958  0.77255  1.38344  0.28864
     61   2.59337  4.99601  2.55053  2.38850  4.38770  3.45516  3.33287  3.53597  2.32023  2.83581  4.21366  2.62231  3.13308  2.70843  2.74179  2.29886  2.82735  3.31921  5.68831  3.83097     61 s - - -
          2.68618  4.42225  2.77519  2.73123  3.46354  2.40513  3.72494  3.29354  2.67741  2.69355  4.24690  2.90347  2.73739  3.18146  2.89801  2.37887  2.77519  2.98518  4.58477  3.61503
          0.01388  4.77502  5.23186  0.61958  0.77255  0.20133  1.70178
     62   2.82327  5.48946  2.74996  2.53952  4.49315  1.39957  3.54716  4.26263  2.57527  3.71943  4.47658  2.63022  3.27581  2.87325  3.07641  2.59521  3.14374  3.80856  5.92630  3.64960     62 g - - -
          2.68618  4.42225  2.77519  2.73123  3.46354  2.40513  3.72494  3.29354  2.67741  2.69355  4.24690  2.90347  2.73739  3.18146  2.89801  2.37887  2.77519  2.98518  4.58477  3.61503
          0.00770  5.26613  5.98848  0.61958  0.77255  0.53981  0.87433
     63   2.88045  3.36263  4.86554  4.25984  2.70478  4.20108  2.66658  2.13730  2.93458  1.93457  3.43528  4.31396  4.05803  3.94591  3.03876  3.50577  3.15395  2.05591  2.96799  3.26360     63 l - - -
          2.68618  4.42225  2.77519  2.73123  3.46354  2.40513  3.72494  3.29354  2.67741  2.69355  4.24690  2.90347  2.73739  3.18146  2.89801  2.37887  2.77519  2.98518  4.58477  3.61503
          0.00768  5.26910  5.99145  0.61958  0.77255  0.53737  0.87775
     64   2.76605  5.06699  2.50049  2.18281  4.85527  3.23365  3.29660  4.11884  2.05599  3.81497  4.34339  2.45666  3.48004  2.71872  2.20043  2.62746  2.77732  3.63119  5.94145  4.15224     64 k - - -
          2.68618  4.42225  2.77519  2.73123  3.46354  2.40513  3.72494  3.29354  2.67741  2.69355  4.24690  2.90347  2.73739  3.18146  2.89801  2.37887  2.77519  2.98518  4.58477  3.61503
          0.00767  5.27075  5.99309  0.61958  0.77255  0.54147  0.87201
     65   2.75623  3.65246  5.01316  4.39825  2.97176  4.22267  4.55631  1.94990  4.18412  2.16259  3.54742  4.38380  3.74336  4.31617  4.19382  3.35364  3.08642  1.37131  2.38032  3.80045     65 v - - -
          2.68618  4.42225  2.77519  2.73123  3.46354  2.40513  3.72494  3.29354  2.67741  2.69355  4.24690  2.90347  2.73739  3.18146  2.89801  2.37887  2.77519  2.98518  4.58477  3.61503
          0.00767  5.27075  5.99309  0.61958  0.77255  0.54147  0.87201
     66   2.42909  4.01267  3.91276  3.18687  3.56896  3.84458  3.19147  2.32908  2.61055  1.72533  3.50341  3.82230  4.43140  3.23451  3.04634  3.24675  2.83264  2.16474  5.07574  3.76102     66 l - - -
          2.68618  4.42225  2.77519  2.73123  3.46354  2.40513  3.72494  3.29354  2.67741  2.69355  4.24690  2.90347  2.73739  3.18146  2.89801  2.37887  2.77519  2.98518  4.58477  3.61503
          0.00767  5.27075  5.99309  0.61958  0.77255  0.50154  0.93038
     67   2.76336  4.71065  2.97663  1.71436  4.02994  3.71950  2.99101  3.20838  2.71192  2.69475  4.26634  3.03269  3.75625  2.85830  2.89157  2.65446  2.69266  2.55264  5.82990  4.34800     67 e - - -
          2.68618  4.42225  2.77519  2.73123  3.46354  2.40513  3.72494  3.29354  2.67741  2.69355  4.24690  2.90347  2.73739  3.18146  2.89801  2.37887  2.77519  2.98518  4.58477  3.61503
          0.00761  5.27751  5.99985  0.61958  0.77255  0.50534  0.92457
     68   3.05829  3.49378  5.02252  4.40725  2.00447  4.22793  4.24966  1.47522  3.99926  1.92697  3.45099  4.30864  4.59145  4.32307  3.93417  3.53930  3.29048  1.89378  5.05459  3.31423     68 i - - -
          2.68618  4.42225  2.77519  2.73123  3.46354  2.40513  3.72494  3.29354  2.67741  2.69355  4.24690  2.90347  2.73739  3.18146  2.89801  2.37887  2.77519  2.98518  4.58477  3.61503
          0.00760  5.27952  6.00187  0.61958  0.77255  0.49936  0.93374
     69   3.32796  5.92791  1.28412  2.80711  5.25567  3.80842  4.12646  4.76039  3.15227  4.23956  5.01785  1.40361  4.00181  3.41563  3.69219  2.03281  3.64206  4.31973  6.38214  4.24195     69 d - - -
          2.68618  4.42225  2.77519  2.73123  3.46354  2.40513  3.72494  3.29354  2.67741  2.69355  4.24690  2.90347  2.73739  3.18146  2.89801  2.37887  2.77519  2.98518  4.58477  3.61503
          0.00758  5.28131  6.00366  0.61958  0.77255  0.50363  0.92719
     70   3.76562  4.64223  5.84485  5.25206  3.44896  5.15733  5.49808  1.89156  5.07994  0.56671  2.96823  5.32360  5.36979  5.08925  5.06094  4.35947  4.08507  2.55590  5.75475  4.69071     70 L - - -
          2.68618  4.42225  2.77519  2.73123  3.46354  2.40513  3.72494  3.29354  2.67741  2.69355  4.24690  2.90347  2.73739  3.18146  2.89801  2.37887  2.77519  2.98518  4.58477  3.61503
          0.00758  5.28131  6.00366  0.61958  0.77255  0.50363  0.92719
     71   2.37349  4.65785  3.80217  3.53595  2.27389  3.48666  3.73821  3.13324  3.28580  2.57439  3.76629  3.81487  4.44177  3.55299  3.77166  2.89805  2.28445  2.90564  4.40534  1.61488     71 y - - -
          2.68618  4.42225  2.77519  2.73123  3.46354  2.40513  3.72494  3.29354  2.67741  2.69355  4.24690  2.90347  2.73739  3.18146  2.89801  2.37887  2.77519  2.98518  4.58477  3.61503
          0.00758  5.28131  6.00366  0.61958  0.77255  0.50363  0.92719
     72   2.81125  5.30954  1.69223  1.77843  4.72812  3.67551  3.56829  4.34838  2.21654  3.82134  4.55613  2.90260  3.89081  2.47823  2.72735  2.81210  3.11058  3.78791  5.94774  4.53614     72 d - - -
          2.68618  4.42225  2.77519  2.73123  3.46354  2.40513  3.72494  3.29354  2.67741  2.69355  4.24690  2.90347  2.73739  3.18146  2.89801  2.37887  2.77519  2.98518  4.58477  3.61503
          0.00758  5.28131  6.00366  0.61958  0.77255  0.50363  0.92719
     73   2.43344  3.34260  4.74515  3.02139  3.20601  4.21228  4.07859  1.99102  4.10715  1.50279  3.04985  4.14269  4.57713  3.90970  4.15565  3.20275  2.64711  2.13149  4.54462  3.83181     73 l - - -
          2.68618  4.42225  2.77519  2.73123  3.46354  2.40513  3.72494  3.29354  2.67741  2.69355  4.24690  2.90347  2.73739  3.18146  2.89801  2.37887  2.77519  2.98518  4.58477  3.61503
          0.00758  5.28131  6.00366  0.61958  0.77255  0.48686  0.95335
     74   2.55901  3.66979  5.02710  4.41204  1.77349  4.23387  4.56781  2.10015  4.19729  1.79787  2.50582  4.39611  4.59716  4.25052  4.20579  2.91646  3.18252  2.08656  5.06122  3.84116     74 f - - -
          2.68618  4.42225  2.77519  2.73123  3.46354  2.40513  3.72494  3.29354  2.67741  2.69355  4.24690  2.90347  2.73739  3.18146  2.89801  2.37887  2.77519  2.98518  4.58477  3.61503
          0.00756  5.28409  6.00644  0.61958  0.77255  0.49336  0.94308
     75   2.34456  3.27805  3.87513  3.80517  3.51153  3.85388  4.35932  1.85544  3.62668  1.75262  3.03848  4.08343  3.09445  3.91908  3.61874  3.15900  3.10408  2.28344  3.28673  3.91783     75 l - - -
          2.68618  4.42225  2.77519  2.73123  3.46354  2.40513  3.72494  3.29354  2.67741  2.69355  4.24690  2.90347  2.73739  3.18146  2.89801  2.37887  2.77519  2.98518  4.58477  3.61503
          0.00756  5.28409  6.00644  0.61958  0.77255  0.49336  0.94308
     76   2.53017  5.33151  2.09970  1.60107  4.86156  3.23000  3.84005  4.07299  2.37322  3.71895  4.55621  2.95161  4.17020  2.52735  2.71363  2.54155  2.99183  3.84178  5.94796  4.53653     76 e - - -
          2.68618  4.42225  2.77519  2.73123  3.46354  2.40513  3.72494  3.29354  2.67741  2.69355  4.24690  2.90347  2.73739  3.18146  2.89801  2.37887  2.77519  2.98518  4.58477  3.61503
          0.00756  5.28409  6.00644  0.61958  0.77255  0.49336  0.94308
     77   2.57159  4.29448  4.98696  4.37403  2.70931  4.22387  3.95736  1.74770  4.02248  1.92435  2.88338  4.21773  4.58792  3.94797  3.45803  3.48916  2.95530  2.50373  2.39268  2.73747     77 i - - -
          2.68618  4.42225  2.77519  2.73123  3.46354  2.40513  3.72494  3.29354  2.67741  2.69355  4.24690  2.90347  2.73739  3.18146  2.89801  2.37887  2.77519  2.98518  4.58477  3.61503
          0.01854  5.28409  4.32038  0.61958  0.77255  0.49336  0.94308
     78   2.86952  3.21322  5.04101  4.42548  2.82284  4.24305  4.46205  2.25138  4.20959  1.05812  2.39724  4.40736  4.60438  4.33759  4.21521  3.50158  3.24802  2.40075  4.51130  3.89105     78 l - - -
          2.68618  4.42225  2.77519  2.73123  3.46354  2.40513  3.72494  3.29354  2.67741  2.69355  4.24690  2.90347  2.73739  3.18146  2.89801  2.37887  2.77519  2.98518  4.58477  3.61503
          0.00765  5.27320  5.99555  0.61958  0.77255  0.53284  0.88415
     79   2.20414  5.10360  2.41191  1.77597  4.85551  3.41552  3.91088  4.10374  1.97040  3.81538  4.35016  2.89208  4.16486  2.68174  2.59838  2.66905  2.93079  3.76351  5.94217  4.53087     79 e - - -
          2.68618  4.42225  2.77519  2.73123  3.46354  2.40513  3.72494  3.29354  2.67741  2.69355  4.24690  2.90347  2.73739  3.18146  2.89801  2.37887  2.77519  2.98518  4.58477  3.61503
          0.00765  5.27320  5.99555  0.61958  0.77255  0.53284  0.88415
     80   2.37248  5.32595  2.36150  1.68973  4.85628  3.01702  3.81534  4.34281  2.40379  3.74520  4.46308  2.69234  4.10528  2.61644  2.95705  2.23852  2.93549  3.83917  5.94264  4.37009     80 e - - -
          2.68618  4.42225  2.77519  2.73123  3.46354  2.40513  3.72494  3.29354  2.67741  2.69355  4.24690  2.90347  2.73739  3.18146  2.89801  2.37887  2.77519  2.98518  4.58477  3.61503
          0.00765  5.27320  5.99555  0.61958  0.77255  0.53284  0.88415
     81   2.81207  4.96047  2.79432  2.16440  4.16731  3.73743  3.14072  3.97579  2.04375  3.49787  4.02943  3.06799  4.16606  2.27068  1.99615  2.60259  2.86200  3.69547  5.67883  4.05100     81 r - - -
          2.68618  4.42225  2.77519  2.73123  3.46354  2.40513  3.72494  3.29354  2.67741  2.69355  4.24690  2.90347  2.73739  3.18146  2.89801  2.37887  2.77519  2.98518  4.58477  3.61503
          0.02670  5.27320  3.85270  0.61958  0.77255  0.46897  0.98256
     82   2.93909  5.33739  2.49994  2.05408  4.85111  1.88942  3.82183  4.14025  2.24943  3.73854  4.38746  2.64119  3.22083  3.00096  2.43136  2.78371  3.06202  3.78957  5.93817  4.52702     82 g - - -
          2.68618  4.42225  2.77519  2.73123  3.46354  2.40513  3.72494  3.29354  2.67741  2.69355  4.24690  2.90347  2.73739  3.18146  2.89801  2.37887  2.77519  2.98518  4.58477  3.61503
          0.01460  5.26539  4.67500  0.61958  0.77255  0.47488  0.97275
     83   2.95307  4.47336  3.69292  3.76570  2.64417  3.05085  4.30159  2.06120  3.66371  1.93447  3.26979  4.24890  3.95392  3.99869  3.68151  3.48222  3.18343  2.31382  4.32568  1.83444     83 y - - -
          2.68618  4.42225  2.77519  2.73123  3.46354  2.40513  3.72494  3.29354  2.67741  2.69355  4.24690  2.90347  2.73739  3.18146  2.89801  2.37887  2.77519  2.98518  4.58477  3.61503
          0.00764  5.27341  5.99575  0.61958  0.77255  0.49638  0.93836
     84   2.51612  4.35756  4.82783  4.04845  2.69699  4.20100  4.42779  2.46969  3.49075  1.44350  3.14199  4.29878  4.34404  4.01966  2.35626  3.46027  2.97222  2.53940  2.77433  3.53936     84 l - - -
          2.68618  4.42225  2.77519  2.73123  3.46354  2.40513  3.72494  3.29354  2.67741  2.69355  4.24690  2.90347  2.73739  3.18146  2.89801  2.37887  2.77519  2.98518  4.58477  3.61503
          0.00760  5.27943  6.00178  0.61958  0.77255  0.47059  0.97985
     85   2.85824  5.52469  1.70669  1.47768  4.86988  3.58090  3.86654  4.35651  2.32124  3.82998  4.56562  2.97819  3.89301  2.59033  3.11930  2.86485  3.10932  3.76778  5.60760  4.54495     85 e - - -
          2.68618  4.42225  2.77519  2.73123  3.46354  2.40513  3.72494  3.29354  2.67741  2.69355  4.24690  2.90347  2.73739  3.18146  2.89801  2.37887  2.77519  2.98518  4.58477  3.61503
          0.00755  5.28613  6.00847  0.61958  0.77255  0.48576  0.95510
     86   2.32937  5.49937  2.63725  2.34163  4.24657  3.32571  3.79502  3.42433  1.93137  3.29462  4.27508  3.12030  3.98886  2.59126  2.39480  2.42409  2.85513  3.70757  4.81122  3.81649     86 k - - -
          2.68618  4.42225  2.77519  2.73123  3.46354  2.40513  3.72494  3.29354  2.67741  2.69355  4.24690  2.90347  2.73739  3.18146  2.89801  2.37887  2.77519  2.98518  4.58477  3.61503
          0.00755  5.28613  6.00847  0.61958  0.77255  0.48576  0.95510
     87   2.41140  3.28349  5.01809  4.40311  3.17989  4.22862  4.56188  1.88795  4.18917  1.93098  3.11076  3.60020  4.59237  4.17009  4.19927  3.23105  2.99933  2.15218  3.03254  2.21117     87 i - - -
          2.68618  4.42225  2.77519  2.73123  3.46354  2.40513  3.72494  3.29354  2.67741  2.69355  4.24690  2.90347  2.73739  3.18146  2.89801  2.37887  2.77519  2.98518  4.58477  3.61503
          0.00755  5.28613  6.00847  0.61958  0.77255  0.48576  0.95510
     88   2.79279  4.16790  4.68204  3.65528  1.67125  4.21607  4.44009  2.12676  3.60576  1.72337  3.27970  4.34298  3.33464  4.21933  4.02399  3.42318  3.07829  2.26364  5.07037  3.19458     88 f - - -
          2.68618  4.42225  2.77519  2.73123  3.46354  2.40513  3.72494  3.29354  2.67741  2.69355  4.24690  2.90347  2.73739  3.18146  2.89801  2.37887  2.77519  2.98518  4.58477  3.61503
          0.00755  5.28613  6.00847  0.61958  0.77255  0.48576  0.95510
     89   2.32794  5.51675  2.42688  1.50967  4.86254  3.34839  3.76915  4.34902  2.27805  3.73631  4.13538  3.00507  4.12392  2.35010  2.90030  2.71048  2.99208  3.82004  5.94898  4.53757     89 e - - -
          2.68618  4.42225  2.77519  2.73123  3.46354  2.40513  3.72494  3.29354  2.67741  2.69355  4.24690  2.90347  2.73739  3.18146  2.89801  2.37887  2.77519  2.98518  4.58477  3.61503
          0.00755  5.28613  6.00847  0.61958  0.77255  0.48576  0.95510
     90   2.49314  4.81154  2.89018  2.58879  3.48402  3.66556  3.93686  2.92682  2.48953  2.34690  2.38378  3.09026  3.95930  2.77510  2.86356  2.59687  3.05599  3.03187  5.39728  3.90898     90 l - - -
          2.68618  4.42225  2.77519  2.73123  3.46354  2.40513  3.72494  3.29354  2.67741  2.69355  4.24690  2.90347  2.73739  3.18146  2.89801  2.37887  2.77519  2.98518  4.58477  3.61503
          0.00755  5.28613  6.00847  0.61958  0.77255  0.48576  0.95510
     91   3.15262  5.74842  2.64842  0.95480  4.59074  3.85967  4.03056  4.57187  2.93922  4.04756  4.80379  3.32102  2.22123  2.55133  3.45360  3.03488  3.45857  4.13273  6.18227  4.74874     91 e - - -
          2.68618  4.42225  2.77519  2.73123  3.46354  2.40513  3.72494  3.29354  2.67741  2.69355  4.24690  2.90347  2.73739  3.18146  2.89801  2.37887  2.77519  2.98518  4.58477  3.61503
          0.20096  5.28613  1.73163  0.61958  0.77255  0.48576  0.95510
     92   2.42498  5.42321  2.96346  2.09212  4.62811  3.51612  3.87707  4.08458  1.79367  3.50416  4.23747  3.06376  2.96151  2.36313  2.62081  2.52961  2.87434  3.61465  5.85666  4.35091     92 k - - -
          2.68618  4.42225  2.77519  2.73123  3.46354  2.40513  3.72494  3.29354  2.67741  2.69355  4.24690  2.90347  2.73739  3.18146  2.89801  2.37887  2.77519  2.98518  4.58477  3.61503
          0.01255  5.09432  5.06068  0.61958  0.77255  0.98968  0.46473
     93   2.50829  5.42517  2.46082  1.94811  4.77040  3.49550  3.87488  4.13864  1.86514  3.61885  4.46579  2.80193  3.93617  2.69062  2.70712  2.39601  2.68050  3.64803  5.44812  4.35480     93 k - - -
          2.68618  4.42225  2.77519  2.73123  3.46354  2.40513  3.72494  3.29354  2.67741  2.69355  4.24690  2.90347  2.73739  3.18146  2.89801  2.37887  2.77519  2.98518  4.58477  3.61503
          0.08325  5.09095  2.60736  0.61958  0.77255  0.99596  0.46104
     94   2.53053  5.32448  2.81290  2.36418  4.44006  3.48021  3.67256  3.55265  1.85216  3.20777  3.36854  3.05376  4.06166  2.69393  2.29110  2.61832  2.85061  3.12528  5.13122  3.94894     94 k - - -
          2.68618  4.42225  2.77519  2.73123  3.46354  2.40513  3.72494  3.29354  2.67741  2.69355  4.24690  2.90347  2.73739  3.18146  2.89801  2.37887  2.77519  2.98518  4.58477  3.61503
          0.00988  5.01758  5.73992  0.61958  0.77255  0.70584  0.68061
     95   2.63201  5.23972  2.30928  2.39136  4.58472  1.53148  3.79438  4.24305  2.58139  3.72670  4.29993  2.88415  3.67337  2.86576  3.05881  2.54404  2.90002  3.81122  5.86178  4.45500     95 g - - -
          2.68618  4.42225  2.77519  2.73123  3.46354  2.40513  3.72494  3.29354  2.67741  2.69355  4.24690  2.90347  2.73739  3.18146  2.89801  2.37887  2.77519  2.98518  4.58477  3.61503
          0.00890  5.12170  5.84405  0.61958  0.77255  0.93630  0.49771
     96   2.74051  5.08054  2.62906  2.60514  3.32955  3.66214  3.76099  3.40034  1.84039  2.81971  3.65443  3.12603  3.03632  2.97317  2.94045  2.44840  2.76732  3.35254  3.82095  3.97429     96 k - - -
          2.68618  4.42225  2.77519  2.73123  3.46354  2.40513  3.72494  3.29354  2.67741  2.69355  4.24690  2.90347  2.73739  3.18146  2.89801  2.37887  2.77519  2.98518  4.58477  3.61503
          0.00890  5.12170  5.84405  0.61958  0.77255  0.93630  0.49771
     97   2.49395  5.43626  1.99872  1.72063  4.46806  3.55109  3.63051  3.96279  2.40798  3.55786  4.18912  2.85193  3.87021  2.49695  2.96349  2.55969  3.05305  3.66753  5.86947  4.28320     97 e - - -
          2.68618  4.42225  2.77519  2.73123  3.46354  2.40513  3.72494  3.29354  2.67741  2.69355  4.24690  2.90347  2.73739  3.18146  2.89801  2.37887  2.77519  2.98518  4.58477  3.61503
          0.00890  5.12170  5.84405  0.61958  0.77255  0.93630  0.49771
     98   2.21807  4.73988  2.57664  1.93957  3.31691  3.41262  3.64649  4.09774  2.24517  3.65187  4.07333  3.04746  4.10015  2.65079  2.59069  2.67564  2.94733  3.53927  5.85344  3.24417     98 e - - -
          2.68618  4.42225  2.77519  2.73123  3.46354  2.40513  3.72494  3.29354  2.67741  2.69355  4.24690  2.90347  2.73739  3.18146  2.89801  2.37887  2.77519  2.98518  4.58477  3.61503
          0.00888  5.12399  5.84634  0.61958  0.77255  0.93630  0.49771
     99   2.41711  4.21246  4.90984  4.04999  2.53720  4.14246  4.47487  2.26552  4.08847  1.38500  3.07996  4.29515  4.50601  4.12943  4.10723  3.36557  2.66897  1.85261  4.86004  3.80038     99 l - - -
          2.68618  4.42225  2.77519  2.73123  3.46354  2.40513  3.72494  3.29354  2.67741  2.69355  4.24690  2.90347  2.73739  3.18146  2.89801  2.37887  2.77519  2.98518  4.58477  3.61503
          0.03271  5.12399  3.64091  0.61958  0.77255  0.93630  0.49771
    100   2.58071  4.79796  3.62175  2.96260  3.08470  3.78715  3.82839  2.71273  2.46819  1.84815  3.89302  2.74925  4.24497  2.80593  2.93302  2.92959  2.77125  2.73759  5.35971  3.19345    100 l - - -
          2.68618  4.42225  2.77519  2.73123  3.46354  2.40513  3.72494  3.29354  2.67741  2.69355  4.24690  2.90347  2.73739  3.18146  2.89801  2.37887  2.77519  2.98518  4.58477  3.61503
          0.00910  5.10038  5.82272  0.61958  0.77255  0.26670  1.45202
    101   2.71837  5.51912  2.46110  1.59205  4.86537  3.49215  3.57142  4.35219  1.98334  3.77777  4.44995  2.65333  4.01488  2.55057  2.67593  2.69194  2.92897  3.91040  5.95106  4.53936    101 e - - -
          2.68618  4.42225  2.77519  2.73123  3.46354  2.40513  3.72494  3.29354  2.67741  2.69355  4.24690  2.90347  2.73739  3.18146  2.89801  2.37887  2.77519  2.98518  4.58477  3.61503
          0.00753  5.28807  6.01041  0.61958  0.77255  0.48576  0.95510
    102   1.83972  5.26356  2.62811  2.57174  4.54496  3.50229  3.68074  3.94246  2.53173  2.62145  3.85834  3.18741  3.92130  2.45657  2.94844  2.43846  2.49503  3.49113  4.71945  3.89967    102 a - - -
          2.68618  4.42225  2.77519  2.73123  3.46354  2.40513  3.72494  3.29354  2.67741  2.69355  4.24690  2.90347  2.73739  3.18146  2.89801  2.37887  2.77519  2.98518  4.58477  3.61503
          0.00753  5.28807  6.01041  0.61958  0.77255  0.48576  0.95510
    103   3.44029  4.88201  5.52538  4.92192  3.19998  4.78690  5.12462  1.85765  4.72903  0.80534  2.81614  4.95017  5.07484  4.58057  4.72510  4.11551  3.38621  2.09400  5.49871  4.38143    103 l - - -
          2.68618  4.42225  2.77519  2.73123  3.46354  2.40513  3.72494  3.29354  2.67741  2.69355  4.24690  2.90347  2.73739  3.18146  2.89801  2.37887  2.77519  2.98518  4.58477  3.61503
          0.00753  5.28807  6.01041  0.61958  0.77255  0.48576  0.95510
    104   2.25858  5.50719  3.12515  2.43837  4.45637  3.22980  3.55225  3.94551  2.13539  3.55939  4.26863  2.71075  3.94202  1.97665  2.62546  2.58505  2.56979  3.41324  5.19718  4.33224    104 q - - -
          2.68618  4.42225  2.77519  2.73123  3.46354  2.40513  3.72494  3.29354  2.67741  2.69355  4.24690  2.90347  2.73739  3.18146  2.89801  2.37887  2.77519  2.98518  4.58477  3.61503
          0.00753  5.28807  6.01041  0.61958  0.77255  0.48576  0.95510
    105   2.72297  5.51603  2.49976  2.45025  4.86128  2.37706  3.70821  4.07085  2.28480  3.50698  3.99013  2.30352  3.29509  2.77538  2.76658  2.26304  2.71369  3.79285  5.94861  4.43494    105 s - - -
          2.68618  4.42225  2.77519  2.73123  3.46354  2.40513  3.72494  3.29354  2.67741  2.69355  4.24690  2.90347  2.73739  3.18146  2.89801  2.37887  2.77519  2.98518  4.58477  3.61503
          0.00753  5.28807  6.01041  0.61958  0.77255  0.48576  0.95510
    106   2.44060  4.59492  3.72950  2.94960  3.47864  3.86359  4.28048  2.45288  2.70287  2.18865  2.94769  3.14818  3.07636  3.35133  3.59501  2.78536  2.69299  2.14583  5.32963  3.20893    106 v - - -
          2.68618  4.42225  2.77519  2.73123  3.46354  2.40513  3.72494  3.29354  2.67741  2.69355  4.24690  2.90347  2.73739  3.18146  2.89801  2.37887  2.77519  2.98518  4.58477  3.61503
          0.07849  5.29038  2.65281  0.61958  0.77255  0.48576  0.95510
    107   2.23685  4.18981  4.89978  4.29090  3.26441  4.18783  4.51700  2.31572  4.09599  0.99356  3.26452  4.31960  4.41933  3.84470  3.99000  3.33348  3.11776  2.34259  5.03814  3.86034    107 l - - -
          2.68618  4.42225  2.77519  2.73123  3.46354  2.40513  3.72494  3.29354  2.67741  2.69355  4.24690  2.90347  2.73739  3.18146  2.89801  2.37887  2.77519  2.98518  4.58477  3.61503
          0.07534  5.21995  2.70056  0.61958  0.77255  0.71399  0.67273
    108   2.70212  5.45385  2.23101  2.17105  4.79954  3.06259  3.17690  4.15123  2.21586  3.75939  4.33037  2.51840  4.06108  2.76982  2.53494  2.30952  2.71526  3.65702  5.47863  4.27156    108 e - - -
          2.68618  4.42225  2.77519  2.73123  3.46354  2.40513  3.72494  3.29354  2.67741  2.69355  4.24690  2.90347  2.73739  3.18146  2.89801  2.37887  2.77519  2.98518  4.58477  3.61503
          0.47295  5.15323  0.99140  0.61958  0.77255  0.31659  1.30427
    109   2.69475  5.00698  2.72201  2.21227  4.21319  3.01347  3.67472  3.08919  2.47764  2.69601  4.15478  2.98871  2.80495  2.75713  2.95842  2.33829  2.93337  3.08213  5.66986  3.75589    109 e - - -
          2.68618  4.42225  2.77519  2.73123  3.46354  2.40513  3.72494  3.29354  2.67741  2.69355  4.24690  2.90347  2.73739  3.18146  2.89801  2.37887  2.77519  2.98518  4.58477  3.61503
          0.01117  4.89622  5.61857  0.61958  0.77255  0.22584  1.59871
    110   2.61091  5.50851  2.56928  2.02121  4.61135  3.20396  3.29849  4.02028  2.36455  3.74657  3.78382  2.66547  2.62821  2.50120  2.95886  2.52780  2.84926  3.49260  5.94126  3.85224    110 e - - -
          2.68618  4.42225  2.77519  2.73123  3.46354  2.40513  3.72494  3.29354  2.67741  2.69355  4.24690  2.90347  2.73739  3.18146  2.89801  2.37887  2.77519  2.98518  4.58477  3.61503
          0.00764  5.27386  5.99620  0.61958  0.77255  0.54934  0.86116
    111   2.77190  5.51106  1.92275  1.87534  4.61410  2.79488  3.88558  4.34350  2.31367  3.58310  4.55153  2.47565  3.90960  2.73271  2.93012  2.55855  2.88596  3.80372  5.94325  4.47491    111 e - - -
          2.68618  4.42225  2.77519  2.73123  3.46354  2.40513  3.72494  3.29354  2.67741  2.69355  4.24690  2.90347  2.73739  3.18146  2.89801  2.37887  2.77519  2.98518  4.58477  3.61503
          0.00764  5.27386  5.99620  0.61958  0.77255  0.44796  1.01868
    112   2.57535  5.22151  2.97939  2.42274  3.26687  3.09412  2.85696  3.61727  2.26896  2.77237  3.96546  2.93548  3.40586  3.04404  2.76176  2.77871  2.95521  2.94007  4.49296  2.97598    112 k - - -
          2.68618  4.42225  2.77519  2.73123  3.46354  2.40513  3.72494  3.29354  2.67741  2.69355  4.24690  2.90347  2.73739  3.18146  2.89801  2.37887  2.77519  2.98518  4.58477  3.61503
          0.00751  5.29141  6.01375  0.61958  0.77255  0.48576  0.95510
    113   2.80691  4.32159  5.06166  4.44635  2.23520  4.26327  4.59722  1.80716  4.23050  1.32382  3.03910  4.42799  4.62392  4.35797  4.23571  3.46667  3.32265  2.03557  4.79747  3.52927    113 l - - -
          2.68618  4.42225  2.77519  2.73123  3.46354  2.40513  3.72494  3.29354  2.67741  2.69355  4.24690  2.90347  2.73739  3.18146  2.89801  2.37887  2.77519  2.98518  4.58477  3.61503
          0.00748  5.29454  6.01688  0.61958  0.77255  0.48576  0.95510
    114   1.77878  4.57188  3.71167  2.95008  3.86676  3.74985  3.72056  2.12210  3.18931  2.63011  3.51663  3.66106  4.06978  3.38044  3.49928  3.00075  2.73461  1.78954  4.93737  4.09170    114 a - - -
          2.68618  4.42225  2.77519  2.73123  3.46354  2.40513  3.72494  3.29354  2.67741  2.69355  4.24690  2.90347  2.73739  3.18146  2.89801  2.37887  2.77519  2.98518  4.58477  3.61503
          0.00747  5.29703  6.01938  0.61958  0.77255  0.48576  0.95510
    115   2.43636  5.27585  2.34228  2.09457  4.86836  3.45645  3.74442  4.28483  2.11662  3.78838  4.56275  2.83155  2.32146  2.33724  2.93274  2.69399  3.04293  3.87027  5.95444  4.39231    115 e - - -
          2.68618  4.42225  2.77519  2.73123  3.46354  2.40513  3.72494  3.29354  2.67741  2.69355  4.24690  2.90347  2.73739  3.18146  2.89801  2.37887  2.77519  2.98518  4.58477  3.61503
          0.00747  5.29703  6.01938  0.61958  0.77255  0.48576  0.95510
    116   2.28015  4.72084  2.94869  2.29569  3.94356  3.63246  3.31524  3.95286  1.97424  3.09838  4.01400  3.23494  4.18661  2.66892  2.20288  2.89485  3.12918  3.58810  5.91205  2.68051    116 k - - -
          2.68618  4.42225  2.77519  2.73123  3.46354  2.40513  3.72494  3.29354  2.67741  2.69355  4.24690  2.90347  2.73739  3.18146  2.89801  2.37887  2.77519  2.98518  4.58477  3.61503
          0.00747  5.29703  6.01938  0.61958  0.77255  0.48576  0.95510
    117   3.29252  4.15075  5.27530  4.66805  2.72978  4.49818  4.84254  1.11304  4.46221  1.70028  2.76067  4.66412  4.83499  4.57645  4.46694  3.81806  3.46906  1.95758  5.29364  3.73528    117 i - - -
          2.68618  4.42225  2.77519  2.73123  3.46354  2.40513  3.72494  3.29354  2.67741  2.69355  4.24690  2.90347  2.73739  3.18146  2.89801  2.37887  2.77519  2.98518  4.58477  3.61503
          0.00747  5.29703  6.01938  0.61958  0.77255  0.48576  0.95510
    118   2.14188  4.47964  2.97357  2.22428  4.66181  3.25086  3.84126  3.33895  2.18510  3.07794  3.90812  3.03389  4.18649  2.59878  2.44822  2.66865  2.89007  2.72517  5.91250  4.51564    118 a - - -
          2.68618  4.42225  2.77519  2.73123  3.46354  2.40513  3.72494  3.29354  2.67741  2.69355  4.24690  2.90347  2.73739  3.18146  2.89801  2.37887  2.77519  2.98518  4.58477  3.61503
          0.01414  5.29703  4.70664  0.61958  0.77255  0.48576  0.95510
    119   2.21131  5.51844  2.50539  1.74896  4.59895  3.39967  3.82236  4.18145  2.20578  3.69431  4.40912  2.86614  4.17407  2.49762  2.71713  2.52293  3.02951  3.76480  5.95091  3.57392    119 e - - -
          2.68618  4.42225  2.77519  2.73123  3.46354  2.40513  3.72494  3.29354  2.67741  2.69355  4.24690  2.90347  2.73739  3.18146  2.89801  2.37887  2.77519  2.98518  4.58477  3.61503
          0.00750  5.29214  6.01448  0.61958  0.77255  0.51052  0.91675
    120   2.47550  5.48213  3.16718  2.27536  3.80758  3.58559  2.82575  3.43529  2.11661  3.27430  4.03170  2.96637  4.10291  2.44698  2.03985  2.89242  2.96997  3.30901  5.92395  3.97302    120 r - - -
          2.68618  4.42225  2.77519  2.73123  3.46354  2.40513  3.72494  3.29354  2.67741  2.69355  4.24690  2.90347  2.73739  3.18146  2.89801  2.37887  2.77519  2.98518  4.58477  3.61503
          0.14424  5.29214  2.04573  0.61958  0.77255  0.51052  0.91675
    121   2.63266  3.97127  4.57136  4.14686  3.01635  3.85331  3.98921  1.73951  3.95718  1.53537  2.85359  3.97990  3.49796  3.63658  3.96138  3.38737  3.08079  2.25334  5.00147  3.19796    121 l - - -
          2.68618  4.42225  2.77519  2.73123  3.46354  2.40513  3.72494  3.29354  2.67741  2.69355  4.24690  2.90347  2.73739  3.18146  2.89801  2.37887  2.77519  2.98518  4.58477  3.61503
          0.09657  5.15733  2.45001  0.61958  0.77255  0.89394  0.52601
    122   2.16157  4.88964  2.58229  2.07989  4.75887  3.32708  3.82449  4.18168  2.17168  3.46587  4.38210  2.66327  3.36231  2.55715  2.83952  2.46870  2.69084  3.51033  5.84739  4.43678    122 e - - -
          2.68618  4.42225  2.77519  2.73123  3.46354  2.40513  3.72494  3.29354  2.67741  2.69355  4.24690  2.90347  2.73739  3.18146  2.89801  2.37887  2.77519  2.98518  4.58477  3.61503
          0.02233  5.07014  4.14768  0.61958  0.77255  0.25538  1.48999
    123   2.19622  5.49239  2.60093  2.30663  4.34499  3.10117  3.16577  3.45160  2.54795  3.17008  4.26069  2.77836  3.37178  2.66576  3.01434  2.51373  2.51648  2.92896  5.93070  4.44405    123 a - - -
          2.68618  4.42225  2.77519  2.73123  3.46354  2.40513  3.72494  3.29354  2.67741  2.69355  4.24690  2.90347  2.73739  3.18146  2.89801  2.37887  2.77519  2.98518  4.58477  3.61503
          0.00756  5.28494  6.00729  0.61958  0.77255  0.45375  1.00853
    124   2.62405  5.30597  2.20680  2.16921  4.47865  3.10875  3.78859  4.22508  2.34627  3.54118  4.31033  2.68462  2.59874  2.51729  2.91262  2.58338  2.70106  3.66899  5.95406  3.99314    124 e - - -
          2.68618  4.42225  2.77519  2.73123  3.46354  2.40513  3.72494  3.29354  2.67741  2.69355  4.24690  2.90347  2.73739  3.18146  2.89801  2.37887  2.77519  2.98518  4.58477  3.61503
          0.00745  5.29947  6.02182  0.61958  0.77255  0.48576  0.95510
    125   2.60520  5.52336  2.18655  1.84504  4.86935  3.21492  3.75003  4.23796  2.21850  3.57890  4.49312  2.66040  2.85103  2.68165  3.00359  2.53070  2.92964  3.74141  5.95548  4.33928    125 e - - -
          2.68618  4.42225  2.77519  2.73123  3.46354  2.40513  3.72494  3.29354  2.67741  2.69355  4.24690  2.90347  2.73739  3.18146  2.89801  2.37887  2.77519  2.98518  4.58477  3.61503
          0.00745  5.29947  6.02182  0.61958  0.77255  0.48576  0.95510
    126   2.48243  4.66971  2.64013  2.47590  3.55021  2.85052  3.14524  4.13561  2.32344  3.47047  4.55775  2.15817  3.42586  2.73324  2.49108  2.58797  3.09960  3.80051  5.95045  3.67104    126 n - - -
          2.68618  4.42225  2.77519  2.73123  3.46354  2.40513  3.72494  3.29354  2.67741  2.69355  4.24690  2.90347  2.73739  3.18146  2.89801  2.37887  2.77519  2.98518  4.58477  3.61503
          0.00745  5.29947  6.02182  0.61958  0.77255  0.48576  0.95510
    127   2.46994  4.96687  1.72371  2.48195  4.70857  3.45582  3.44300  4.34370  2.52734  3.82067  4.46272  2.92663  3.63495  2.70357  3.08547  2.31449  2.23124  3.38937  5.95026  4.38794    127 d - - -
          2.68618  4.42225  2.77519  2.73123  3.46354  2.40513  3.72494  3.29354  2.67741  2.69355  4.24690  2.90347  2.73739  3.18146  2.89801  2.37887  2.77519  2.98518  4.58477  3.61503
          0.00745  5.29947  6.02182  0.61958  0.77255  0.48576  0.95510
    128   2.93742  4.30713  5.07613  4.46326  3.01761  4.19125  4.62319  1.69594  4.11644  1.90012  3.21871  4.44827  4.64579  4.38180  4.25921  3.59819  3.31569  1.26063  5.11318  2.96635    128 v - - -
          2.68618  4.42225  2.77519  2.73123  3.46354  2.40513  3.72494  3.29354  2.67741  2.69355  4.24690  2.90347  2.73739  3.18146  2.89801  2.37887  2.77519  2.98518  4.58477  3.61503
          0.00744  5.30086  6.02320  0.61958  0.77255  0.48576  0.95510
    129   2.86982  4.53516  5.13924  4.53148  3.32323  4.36564  4.71106  1.93859  4.32500  1.61714  3.25991  4.52591  4.72060  4.45912  4.33990  3.60125  3.15018  1.14913  5.19722  3.60159    129 v - - -
          2.68618  4.42225  2.77519  2.73123  3.46354  2.40513  3.72494  3.29354  2.67741  2.69355  4.24690  2.90347  2.73739  3.18146  2.89801  2.37887  2.77519  2.98518  4.58477  3.61503
          0.00744  5.30086  6.02320  0.61958  0.77255  0.48576  0.95510
    130   2.17086  4.45341  5.01383  4.40042  1.47817  3.87168  4.57494  2.41117  4.19112  1.57414  3.20114  4.39676  4.60581  4.32655  4.20816  3.46817  3.18774  2.39817  4.82371  3.83129    130 f - - -
          2.68618  4.42225  2.77519  2.73123  3.46354  2.40513  3.72494  3.29354  2.67741  2.69355  4.24690  2.90347  2.73739  3.18146  2.89801  2.37887  2.77519  2.98518  4.58477  3.61503
          0.00744  5.30086  6.02320  0.61958  0.77255  0.48576  0.95510
    131   4.27745  5.47572  6.31561  5.75688  3.58886  5.74005  6.12488  1.42314  5.63709  0.77606  3.11673  5.91886  5.80112  5.54221  5.59512  5.14121  4.49420  1.85335  6.15037  5.17039    131 l - - -
          2.68618  4.42225  2.77519  2.73123  3.46354  2.40513  3.72494  3.29354  2.67741  2.69355  4.24690  2.90347  2.73739  3.18146  2.89801  2.37887  2.77519  2.98518  4.58477  3.61503
          0.00744  5.30086  6.02320  0.61958  0.77255  0.48576  0.95510
    132   2.91157  4.51982  3.71542  3.11137  3.89407  3.50069  3.29373  3.33784  2.80542  2.59585  3.83263  3.50013  4.21095  3.19657  3.34114  2.31800  1.36622  2.83046  5.07447  3.08249    132 t - - -
          2.68618  4.42225  2.77519  2.73123  3.46354  2.40513  3.72494  3.29354  2.67741  2.69355  4.24690  2.90347  2.73739  3.18146  2.89801  2.37887  2.77519  2.98518  4.58477  3.61503
          0.00744  5.30086  6.02320  0.61958  0.77255  0.48576  0.95510
    133   3.43575  5.93281  2.33246  2.80714  5.25978  0.78340  3.81583  4.74446  3.12210  4.23004  5.02130  3.33298  4.47587  3.37866  2.46886  3.36859  3.68694  4.16168  6.37221  4.94535    133 g - - -
          2.68618  4.42225  2.77519  2.73123  3.46354  2.40513  3.72494  3.29354  2.67741  2.69355  4.24690  2.90347  2.73739  3.18146  2.89801  2.37887  2.77519  2.98518  4.58477  3.61503
          0.00742  5.30371  6.02606  0.61958  0.77255  0.48576  0.95510
    134   2.45334  3.89416  5.05267  4.43887  3.12620  4.15769  4.59831  1.86648  4.22536  2.08296  3.44615  4.42422  4.62469  4.35770  4.23503  3.51880  2.98561  1.13979  4.50309  3.91516    134 v - - -
          2.68618  4.42225  2.77519  2.73123  3.46354  2.40513  3.72494  3.29354  2.67741  2.69355  4.24690  2.90347  2.73739  3.18146  2.89801  2.37887  2.77519  2.98518  4.58477  3.61503
          0.00742  5.30371  6.02606  0.61958  0.77255  0.48576  0.95510
    135   2.55046  5.52810  3.39678  2.31134  5.22852  0.62240  4.39391  4.68635  3.51308  4.26443  4.72172  3.68602  4.55621  3.78586  3.98288  3.09266  3.70703  4.22792  6.46471  5.10753    135 G - - -
          2.68618  4.42225  2.77519  2.73123  3.46354  2.40513  3.72494  3.29354  2.67741  2.69355  4.24690  2.90347  2.73739  3.18146  2.89801  2.37887  2.77519  2.98518  4.58477  3.61503
          0.00742  5.30371  6.02606  0.61958  0.77255  0.48576  0.95510
    136   1.94468  5.04788  3.09943  2.06417  4.85795  3.64086  3.78588  4.12098  1.96154  3.44930  3.97450  2.89487  4.18165  2.86158  2.92062  1.98507  2.78050  3.90503  5.95079  4.54183    136 a - - -
          2.68618  4.42225  2.77519  2.73123  3.46354  2.40513  3.72494  3.29354  2.67741  2.69355  4.24690  2.90347  2.73739  3.18146  2.89801  2.37887  2.77519  2.98518  4.58477  3.61503
          0.00741  5.30455  6.02690  0.61958  0.77255  0.48576  0.95510
    137   2.22719  3.31547  5.08245  4.47173  3.46950  4.30345  4.64396  2.28453  4.26238  1.40501  3.08590  4.46318  4.66364  4.39735  4.27647  3.37773  3.19911  1.46981  5.13710  3.96036    137 l - - -
          2.68618  4.42225  2.77519  2.73123  3.46354  2.40513  3.72494  3.29354  2.67741  2.69355  4.24690  2.90347  2.73739  3.18146  2.89801  2.37887  2.77519  2.98518  4.58477  3.61503
          0.00741  5.30455  6.02690  0.61958  0.77255  0.48576  0.95510
    138   3.69790  5.82717  5.80544  5.52791  1.02683  5.42380  2.35047  4.41818  5.34229  3.80405  5.00238  3.90484  5.71577  5.19860  5.27983  4.42270  4.87657  4.29293  2.66667  1.12471    138 f - - -
          2.68618  4.42225  2.77519  2.73123  3.46354  2.40513  3.72494  3.29354  2.67741  2.69355  4.24690  2.90347  2.73739  3.18146  2.89801  2.37887  2.77519  2.98518  4.58477  3.61503
          0.01718  5.30455  4.41745  0.61958  0.77255  0.48576  0.95510
    139   3.35138  5.47907  3.35541  3.56464  5.65874  1.97002  5.08771  5.17051  4.16194  4.46782  5.60620  3.96825  0.50793  4.12579  4.60159  3.51751  3.89885  4.53926  6.93805  5.61413    139 P - - -
          2.68618  4.42225  2.77519  2.73123  3.46354  2.40513  3.72494  3.29354  2.67741  2.69355  4.24690  2.90347  2.73739  3.18146  2.89801  2.37887  2.77519  2.98518  4.58477  3.61503
          0.00748  5.29485  6.01720  0.61958  0.77255  0.52201  0.89975
    140   3.05439  4.56234  5.15595  4.54411  1.50291  4.37213  4.68451  2.11474  4.33197  1.82764  2.96958  4.53125  4.71989  4.44577  4.33491  3.68642  3.42718  2.51942  4.86006  1.92800    140 f - - -
          2.68618  4.42225  2.77519  2.73123  3.46354  2.40513  3.72494  3.29354  2.67741  2.69355  4.24690  2.90347  2.73739  3.18146  2.89801  2.37887  2.77519  2.98518  4.58477  3.61503
          0.00748  5.29485  6.01720  0.61958  0.77255  0.46375  0.99134
    141   2.59454  4.25955  5.03600  4.42068  2.88300  4.17668  4.57500  1.70699  4.20546  1.56477  2.62156  4.30157  4.60490  4.22669  4.21346  3.41017  2.86772  2.01662  5.06851  2.98206    141 l - - -
          2.68618  4.42225  2.77519  2.73123  3.46354  2.40513  3.72494  3.29354  2.67741  2.69355  4.24690  2.90347  2.73739  3.18146  2.89801  2.37887  2.77519  2.98518  4.58477  3.61503
          0.00741  5.30455  6.02690  0.61958  0.77255  0.48576  0.95510
    142   3.41497  5.78204  3.90607  3.20292  5.19236  3.96227  3.84923  4.57286  2.26122  4.02594  4.26377  3.70803  4.44061  3.18112  0.62867  3.09927  3.54709  4.21565  6.10250  4.72287    142 R - - -
          2.68618  4.42225  2.77519  2.73123  3.46354  2.40513  3.72494  3.29354  2.67741  2.69355  4.24690  2.90347  2.73739  3.18146  2.89801  2.37887  2.77519  2.98518  4.58477  3.61503
          0.00741  5.30455  6.02690  0.61958  0.77255  0.48576  0.95510
    143   2.20911  4.23252  4.72737  4.13128  3.47176  3.53232  4.51946  2.41849  3.97873  2.42860  3.21182  4.25766  4.56889  4.16613  4.09435  1.66452  2.20183  1.82497  5.11796  3.93347    143 s - - -
          2.68618  4.42225  2.77519  2.73123  3.46354  2.40513  3.72494  3.29354  2.67741  2.69355  4.24690  2.90347  2.73739  3.18146  2.89801  2.37887  2.77519  2.98518  4.58477  3.61503
          0.00741  5.30455  6.02690  0.61958  0.77255  0.48576  0.95510
    144   2.99866  5.48332  3.16105  2.73929  4.25069  2.97395  1.41594  4.27518  2.52192  3.77901  4.53229  2.80376  4.08982  3.10649  3.06694  1.82517  3.26307  3.86220  5.93068  4.47950    144 h - - -
          2.68618  4.42225  2.77519  2.73123  3.46354  2.40513  3.72494  3.29354  2.67741  2.69355  4.24690  2.90347  2.73739  3.18146  2.89801  2.37887  2.77519  2.98518  4.58477  3.61503
          0.00741  5.30455  6.02690  0.61958  0.77255  0.48576  0.95510
    145   2.49072  5.52123  2.70647  2.22427  4.86524  3.39390  3.73848  3.98478  2.26188  3.68676  4.13280  2.28750  3.83069  2.89394  2.98925  2.17486  2.16867  3.23810  5.95455  4.54424    145 t - - -
          2.68618  4.42225  2.77519  2.73123  3.46354  2.40513  3.72494  3.29354  2.67741  2.69355  4.24690  2.90347  2.73739  3.18146  2.89801  2.37887  2.77519  2.98518  4.58477  3.61503
          0.00741  5.30455  6.02690  0.61958  0.77255  0.48576  0.95510
    146   3.64252  4.95212  5.63744  5.04349  2.76817  4.90939  5.26353  1.49367  4.85842  1.16035  3.44751  5.07635  5.18510  4.92836  4.85617  4.24572  3.77595  1.52179  5.61864  4.02622    146 l - - -
          2.68618  4.42225  2.77519  2.73123  3.46354  2.40513  3.72494  3.29354  2.67741  2.69355  4.24690  2.90347  2.73739  3.18146  2.89801  2.37887  2.77519  2.98518  4.58477  3.61503
          0.00741  5.30455  6.02690  0.61958  0.77255  0.48576  0.95510
    147   3.24912  4.65761  4.32815  2.84539  3.52886  4.40521  4.72600  2.50573  4.18420  0.77459  3.22399  4.46572  4.75085  4.35645  4.29245  3.70830  3.48016  2.21544  5.28351  4.11614    147 l - - -
          2.68618  4.42225  2.77519  2.73123  3.46354  2.40513  3.72494  3.29354  2.67741  2.69355  4.24690  2.90347  2.73739  3.18146  2.89801  2.37887  2.77519  2.98518  4.58477  3.61503
          0.00741  5.30455  6.02690  0.61958  0.77255  0.48576  0.95510
    148   2.87465  5.53160  2.46520  2.04623  4.87714  3.50708  3.80079  4.36385  2.24379  3.83705  4.57234  1.49485  4.09466  2.90502  2.97413  2.49533  3.02363  3.92253  5.96375  4.23214    148 n - - -
          2.68618  4.42225  2.77519  2.73123  3.46354  2.40513  3.72494  3.29354  2.67741  2.69355  4.24690  2.90347  2.73739  3.18146  2.89801  2.37887  2.77519  2.98518  4.58477  3.61503
          0.00741  5.30455  6.02690  0.61958  0.77255  0.48576  0.95510
    149   2.25733  4.59225  3.11588  2.33071  4.86169  3.24524  3.38307  4.24647  2.25370  3.38655  4.20433  1.71269  4.18117  2.56561  2.78672  2.69085  2.89986  3.70080  5.95272  4.54306    149 n - - -
          2.68618  4.42225  2.77519  2.73123  3.46354  2.40513  3.72494  3.29354  2.67741  2.69355  4.24690  2.90347  2.73739  3.18146  2.89801  2.37887  2.77519  2.98518  4.58477  3.61503
          0.00741  5.30455  6.02690  0.61958  0.77255  0.48576  0.95510
    150   3.11365  4.14154  5.15705  4.54416  3.24190  4.37235  4.70723  2.17987  4.33314  0.92271  2.52146  4.53542  4.72150  4.45265  4.33870  3.68702  3.10582  2.21714  5.17743  3.51163    150 l - - -
          2.68618  4.42225  2.77519  2.73123  3.46354  2.40513  3.72494  3.29354  2.67741  2.69355  4.24690  2.90347  2.73739  3.18146  2.89801  2.37887  2.77519  2.98518  4.58477  3.61503
          0.00741  5.30455  6.02690  0.61958  0.77255  0.48576  0.95510
    151   2.46528  5.51902  2.81484  2.11991  4.58389  3.60677  2.28403  4.18424  2.47653  3.61861  4.56023  3.21396  3.94520  1.62714  3.13910  2.74398  3.07697  3.86101  5.95294  3.82306    151 q - - -
          2.68618  4.42225  2.77519  2.73123  3.46354  2.40513  3.72494  3.29354  2.67741  2.69355  4.24690  2.90347  2.73739  3.18146  2.89801  2.37887  2.77519  2.98518  4.58477  3.61503
          0.00741  5.30455  6.02690  0.61958  0.77255  0.48576  0.95510
    152   2.67894  5.52544  2.64567  2.42999  4.87126  2.36647  3.46650  4.24106  2.33892  3.69592  4.47089  2.80625  2.50501  2.45532  2.71986  2.21024  3.05675  3.80488  5.95767  4.32691    152 s - - -
          2.68618  4.42225  2.77519  2.73123  3.46354  2.40513  3.72494  3.29354  2.67741  2.69355  4.24690  2.90347  2.73739  3.18146  2.89801  2.37887  2.77519  2.98518  4.58477  3.61503
          0.00741  5.30455  6.02690  0.61958  0.77255  0.48576  0.95510
    153   2.56207  4.86727  2.96550  2.66477  4.08759  3.80346  3.15815  3.06306  2.17203  2.73755  3.80585  3.14783  4.04193  2.90280  2.52042  2.71744  2.66755  2.34223  5.77169  3.37330    153 k - - -
          2.68618  4.42225  2.77519  2.73123  3.46354  2.40513  3.72494  3.29354  2.67741  2.69355  4.24690  2.90347  2.73739  3.18146  2.89801  2.37887  2.77519  2.98518  4.58477  3.61503
          0.01739  5.30455  4.40075  0.61958  0.77255  0.48576  0.95510
    154   2.31734  4.44285  5.00854  4.39462  2.36598  3.98847  4.56481  1.88715  4.09384  2.04694  2.78980  4.23758  4.59612  4.17718  4.19932  3.35799  2.51239  1.68407  5.06452  3.63269    154 v - - -
          2.68618  4.42225  2.77519  2.73123  3.46354  2.40513  3.72494  3.29354  2.67741  2.69355  4.24690  2.90347  2.73739  3.18146  2.89801  2.37887  2.77519  2.98518  4.58477  3.61503
          0.00748  5.29465  6.01699  0.61958  0.77255  0.52275  0.89866
    155   2.81461  4.83685  2.37986  2.47792  4.51301  2.74167  3.45972  4.24050  1.88366  3.66700  4.22892  2.92335  3.36084  2.78531  2.51334  2.39895  2.76718  3.32480  5.95036  3.97209    155 k - - -
          2.68618  4.42225  2.77519  2.73123  3.46354  2.40513  3.72494  3.29354  2.67741  2.69355  4.24690  2.90347  2.73739  3.18146  2.89801  2.37887  2.77519  2.98518  4.58477  3.61503
          0.36018  5.29465  1.21257  0.61958  0.77255  0.50636  0.92303
    156   2.80456  5.36658  2.05072  2.18883  4.48622  3.09648  3.21913  4.11259  2.13261  3.63840  4.35997  2.43838  3.95718  2.61302  2.62662  2.53386  2.98202  3.73016  5.79898  4.22932    156 d - - -
          2.68618  4.42225  2.77519  2.73123  3.46354  2.40513  3.72494  3.29354  2.67741  2.69355  4.24690  2.90347  2.73739  3.18146  2.89801  2.37887  2.77519  2.98518  4.58477  3.61503
          0.01059  4.94890  5.67125  0.61958  0.77255  0.67997  0.70650
    157   2.67274  3.98398  4.36385  3.73190  3.08377  3.91876  3.95388  2.21520  2.70392  2.42867  3.42619  3.66216  4.35834  3.49380  3.22242  3.14081  2.35788  1.64046  4.84076  3.08573    157 v - - -
          2.68618  4.42225  2.77519  2.73123  3.46354  2.40513  3.72494  3.29354  2.67741  2.69355  4.24690  2.90347  2.73739  3.18146  2.89801  2.37887  2.77519  2.98518  4.58477  3.61503
          0.00900  5.11090  5.83324  0.61958  0.77255  0.26132  1.46983
    158   3.35302  5.65719  3.69836  2.96851  5.02546  4.08854  4.16409  4.10340  2.20467  3.86088  4.72198  3.51026  0.98098  3.23230  1.96162  3.28675  3.28288  3.97114  6.03509  4.74559    158 p - - -
          2.68618  4.42225  2.77519  2.73123  3.46354  2.40513  3.72494  3.29354  2.67741  2.69355  4.24690  2.90347  2.73739  3.18146  2.89801  2.37887  2.77519  2.98518  4.58477  3.61503
          0.00741  5.30455  6.02690  0.61958  0.77255  0.48576  0.95510
    159   3.17759  4.35445  5.24145  4.64213  3.63923  4.48983  4.84989  1.97202  4.44517  1.44186  2.89816  4.64805  4.83611  4.58375  4.46795  3.76542  2.02516  1.47930  5.32912  4.15372    159 l - - -
          2.68618  4.42225  2.77519  2.73123  3.46354  2.40513  3.72494  3.29354  2.67741  2.69355  4.24690  2.90347  2.73739  3.18146  2.89801  2.37887  2.77519  2.98518  4.58477  3.61503
          0.00741  5.30455  6.02690  0.61958  0.77255  0.48576  0.95510
    160   3.57133  4.98355  5.77176  5.23813  4.26498  4.31389  5.65948  1.53047  5.10662  1.63740  4.02248  5.30671  5.43407  5.29463  5.18675  4.51432  3.80168  0.84919  6.08115  4.88683    160 v - - -
          2.68618  4.42225  2.77519  2.73123  3.46354  2.40513  3.72494  3.29354  2.67741  2.69355  4.24690  2.90347  2.73739  3.18146  2.89801  2.37887  2.77519  2.98518  4.58477  3.61503
          0.00741  5.30455  6.02690  0.61958  0.77255  0.48576  0.95510
    161   2.96689  4.61508  5.22334  4.14135  2.91465  4.45579  4.79791  2.30862  4.41108  1.46871  1.84959  4.61633  4.79803  4.53185  4.42184  3.77344  3.45970  1.48233  5.26187  4.09908    161 l - - -
          2.68618  4.42225  2.77519  2.73123  3.46354  2.40513  3.72494  3.29354  2.67741  2.69355  4.24690  2.90347  2.73739  3.18146  2.89801  2.37887  2.77519  2.98518  4.58477  3.61503
          0.00741  5.30455  6.02690  0.61958  0.77255  0.48576  0.95510
    162   3.14160  4.57544  5.12408  4.51478  0.90785  4.37403  4.68193  2.81410  4.31042  1.81280  2.98543  4.52011  4.17583  4.43145  4.32670  3.68661  3.37502  2.66393  4.43067  3.68806    162 f - - -
          2.68618  4.42225  2.77519  2.73123  3.46354  2.40513  3.72494  3.29354  2.67741  2.69355  4.24690  2.90347  2.73739  3.18146  2.89801  2.37887  2.77519  2.98518  4.58477  3.61503
          0.00740  5.30544  6.02779  0.61958  0.77255  0.48576  0.95510
    163   5.21897  5.32369  6.14766  6.07837  0.88044  5.75449  4.41687  4.72277  5.84302  3.53500  4.65523  5.31020  6.00184  5.47732  5.62327  5.15806  5.41275  4.69535  4.48959  0.77828    163 y - - -
          2.68618  4.42225  2.77519  2.73123  3.46354  2.40513  3.72494  3.29354  2.67741  2.69355  4.24690  2.90347  2.73739  3.18146  2.89801  2.37887  2.77519  2.98518  4.58477  3.61503
          0.00740  5.30544  6.02779  0.61958  0.77255  0.48576  0.95510
    164   3.74619  5.67148  4.28371  4.27293  5.85715  4.25915  5.52612  5.53875  3.81912  5.12008  6.03287  4.53241  0.20721  4.83078  4.59278  3.77738  4.26306  4.88365  7.02498  5.85764    164 P - - -
          2.68618  4.42225  2.77519  2.73123  3.46354  2.40513  3.72494  3.29354  2.67741  2.69355  4.24690  2.90347  2.73739  3.18146  2.89801  2.37887  2.77519  2.98518  4.58477  3.61503
          0.00740  5.30544  6.02779  0.61958  0.77255  0.48576  0.95510
    165   3.16626  5.46553  5.04748  5.09800  6.15115  0.15882  6.10473  5.76385  5.40586  5.42047  6.24962  4.93218  5.04239  5.54388  5.49232  3.79225  4.17083  4.89158  7.29505  6.37457    165 G - - -
          2.68618  4.42225  2.77519  2.73123  3.46354  2.40513  3.72494  3.29354  2.67741  2.69355  4.24690  2.90347  2.73739  3.18146  2.89801  2.37887  2.77519  2.98518  4.58477  3.61503
          0.00740  5.30544  6.02779  0.61958  0.77255  0.48576  0.95510
    166   2.74396  5.52139  2.77640  1.73737  4.77694  3.71861  3.38269  4.11063  2.22304  3.56911  4.45940  3.05819  4.18122  2.87327  2.53714  2.34160  2.23653  3.06271  5.95478  4.41033    166 e - - -
          2.68618  4.42225  2.77519  2.73123  3.46354  2.40513  3.72494  3.29354  2.67741  2.69355  4.24690  2.90347  2.73739  3.18146  2.89801  2.37887  2.77519  2.98518  4.58477  3.61503
          0.00740  5.30544  6.02779  0.61958  0.77255  0.48576  0.95510
    167   2.91546  4.35783  4.57107  3.98186  2.42430  4.17379  3.69334  2.83610  3.47687  2.44312  3.60438  4.17183  4.54270  3.88942  2.63939  3.23386  3.16240  2.62702  4.32824  1.25037    167 y - - -
          2.68618  4.42225  2.77519  2.73123  3.46354  2.40513  3.72494  3.29354  2.67741  2.69355  4.24690  2.90347  2.73739  3.18146  2.89801  2.37887  2.77519  2.98518  4.58477  3.61503
          0.01213  5.30544  4.94825  0.61958  0.77255  0.48576  0.95510
    168   2.90056  5.52143  1.92704  1.94551  4.86628  3.52108  3.69552  3.73193  2.51177  3.61000  4.56215  2.57255  4.04673  2.62789  3.05708  2.34276  2.34653  3.59783  5.95424  4.34043    168 d - - -
          2.68618  4.42225  2.77519  2.73123  3.46354  2.40513  3.72494  3.29354  2.67741  2.69355  4.24690  2.90347  2.73739  3.18146  2.89801  2.37887  2.77519  2.98518  4.58477  3.61503
          0.01623  5.30075  4.50004  0.61958  0.77255  0.47481  0.97287
    169   2.98190  5.54844  2.76304  2.41879  4.88889  1.21861  3.66297  4.37392  2.65057  3.77803  4.59161  2.42966  4.10048  2.86455  3.04623  2.78109  3.15858  3.82924  5.98256  4.57048    169 g - - -
          2.68618  4.42225  2.77519  2.73123  3.46354  2.40513  3.72494  3.29354  2.67741  2.69355  4.24690  2.90347  2.73739  3.18146  2.89801  2.37887  2.77519  2.98518  4.58477  3.61503
          0.00963  5.29676  5.38645  0.61958  0.77255  0.46593  0.98765
    170   2.36452  5.51595  3.07341  2.59852  4.55030  3.19792  2.87482  4.14350  2.40714  2.99093  4.42858  2.13665  3.86786  2.12290  2.91744  2.40690  2.77563  3.71099  5.95048  4.32634    170 q - - -
          2.68618  4.42225  2.77519  2.73123  3.46354  2.40513  3.72494  3.29354  2.67741  2.69355  4.24690  2.90347  2.73739  3.18146  2.89801  2.37887  2.77519  2.98518  4.58477  3.61503
          0.00742  5.30331  6.02566  0.61958  0.77255  0.48073  0.96321
    171   2.49837  5.00092  2.88884  2.39034  4.50611  3.35501  3.76368  4.04372  2.50594  3.72200  4.55372  2.30702  4.18295  2.69314  2.97242  1.81543  2.28370  3.56436  5.94756  3.45596    171 s - - -
          2.68618  4.42225  2.77519  2.73123  3.46354  2.40513  3.72494  3.29354  2.67741  2.69355  4.24690  2.90347  2.73739  3.18146  2.89801  2.37887  2.77519  2.98518  4.58477  3.61503
          0.00740  5.30544  6.02779  0.61958  0.77255  0.48576  0.95510
    172   3.47416  4.82428  5.37796  4.77641  2.77005  4.65787  4.91453  2.91061  4.57882  0.74283  3.32285  4.79404  4.96602  4.65937  4.10278  3.97772  3.69992  2.61545  5.29863  2.04724    172 l - - -
          2.68618  4.42225  2.77519  2.73123  3.46354  2.40513  3.72494  3.29354  2.67741  2.69355  4.24690  2.90347  2.73739  3.18146  2.89801  2.37887  2.77519  2.98518  4.58477  3.61503
          0.00740  5.30544  6.02779  0.61958  0.77255  0.48576  0.95510
    173   2.99940  4.84042  2.74137  2.58218  4.84964  3.78989  3.59174  3.67868  2.13895  3.81322  4.05053  2.82581  4.09564  2.76920  1.65824  2.12475  2.92013  3.17035  5.94669  4.22678    173 r - - -
          2.68618  4.42225  2.77519  2.73123  3.46354  2.40513  3.72494  3.29354  2.67741  2.69355  4.24690  2.90347  2.73739  3.18146  2.89801  2.37887  2.77519  2.98518  4.58477  3.61503
          0.00740  5.30544  6.02779  0.61958  0.77255  0.48576  0.95510
    174   2.99014  4.58190  5.14703  4.53466  2.00917  4.38749  4.71391  2.66271  4.32894  0.84738  3.09782  4.54076  3.92751  4.44694  4.34153  3.63908  3.44250  2.68824  4.46505  4.01977    174 l - - -
          2.68618  4.42225  2.77519  2.73123  3.46354  2.40513  3.72494  3.29354  2.67741  2.69355  4.24690  2.90347  2.73739  3.18146  2.89801  2.37887  2.77519  2.98518  4.58477  3.61503
          0.00740  5.30544  6.02779  0.61958  0.77255  0.48576  0.95510
    175   4.49184  5.68592  6.33560  5.79579  0.83565  5.76935  5.62191  3.18186  5.63415  1.11769  2.45927  5.84062  5.80119  5.42483  5.52314  5.15560  4.68428  3.49715  5.63376  3.93979    175 f - - -
          2.68618  4.42225  2.77519  2.73123  3.46354  2.40513  3.72494  3.29354  2.67741  2.69355  4.24690  2.90347  2.73739  3.18146  2.89801  2.37887  2.77519  2.98518  4.58477  3.61503
          0.00740  5.30544  6.02779  0.61958  0.77255  0.48576  0.95510
    176   3.31029  5.30157  1.60058  2.75517  5.23910  1.25977  4.16464  4.73920  3.06540  4.21870  4.99311  2.00098  4.42612  3.34730  3.62962  2.92822  3.62468  4.29950  6.36138  4.91049    176 g - - -
          2.68618  4.42225  2.77519  2.73123  3.46354  2.40513  3.72494  3.29354  2.67741  2.69355  4.24690  2.90347  2.73739  3.18146  2.89801  2.37887  2.77519  2.98518  4.58477  3.61503
          0.01807  5.30544  4.34688  0.61958  0.77255  0.48576  0.95510
    177   2.21619  4.49566  3.24470  2.12618  3.22532  3.12211  3.91023  3.38499  2.25999  2.64536  4.03316  3.28034  4.21639  2.78021  2.36536  2.92190  2.68164  3.09362  5.79737  4.43854    177 e - - -
          2.68618  4.42225  2.77519  2.73123  3.46354  2.40513  3.72494  3.29354  2.67741  2.69355  4.24690  2.90347  2.73739  3.18146  2.89801  2.37887  2.77519  2.98518  4.58477  3.61503
          0.00748  5.29485  6.01720  0.61958  0.77255  0.47996  0.96445
    178   2.95196  4.32938  4.81024  4.20888  2.64342  3.87846  4.23888  2.22380  3.43763  1.42652  3.22174  4.09806  4.40898  3.96385  2.46480  3.32117  3.16672  2.45056  5.09639  2.50612    178 l - - -
          2.68618  4.42225  2.77519  2.73123  3.46354  2.40513  3.72494  3.29354  2.67741  2.69355  4.24690  2.90347  2.73739  3.18146  2.89801  2.37887  2.77519  2.98518  4.58477  3.61503
          0.17367  5.30236  1.86790  0.61958  0.77255  0.47850  0.96682
    179   2.58780  5.44801  2.59943  2.29393  4.79353  3.52419  2.85542  4.14655  1.89419  3.65031  4.26941  2.72207  2.49603  2.65491  2.92466  2.62182  2.79498  3.77848  5.88042  4.40424    179 k - - -
          2.68618  4.42225  2.77519  2.73123  3.46354  2.40513  3.72494  3.29354  2.67741  2.69355  4.24690  2.90347  2.73739  3.18146  2.89801  2.37887  2.77519  2.98518  4.58477  3.61503
          0.02495  5.14109  3.97467  0.61958  0.77255  0.94321  0.49327
    180   2.53653  5.43750  1.58308  2.04950  4.78014  3.51602  3.73982  4.26463  2.56709  3.74174  4.47891  3.00971  3.03073  2.88420  3.00067  2.32628  2.93879  3.73955  5.46180  4.35959    180 d - - -
          2.68618  4.42225  2.77519  2.73123  3.46354  2.40513  3.72494  3.29354  2.67741  2.69355  4.24690  2.90347  2.73739  3.18146  2.89801  2.37887  2.77519  2.98518  4.58477  3.61503
          0.00887  5.12501  5.84736  0.61958  0.77255  0.26892  1.44479
    181   2.73862  5.53483  1.19720  2.33521  4.87868  3.24728  3.73248  4.27978  2.59451  3.83956  4.43753  2.53772  4.11868  2.80742  3.04703  2.85591  3.10483  3.82968  5.96778  4.55616    181 d - - -
          2.68618  4.42225  2.77519  2.73123  3.46354  2.40513  3.72494  3.29354  2.67741  2.69355  4.24690  2.90347  2.73739  3.18146  2.89801  2.37887  2.77519  2.98518  4.58477  3.61503
          0.00740  5.30544  6.02779  0.61958  0.77255  0.48576  0.95510
    182   2.88901  5.52112  3.01867  2.67151  4.20902  1.97674  2.86596  4.34778  2.36056  3.82522  4.56259  1.68263  3.37869  2.96705  2.84615  2.64664  3.24762  3.91038  5.95522  4.54571    182 n - - -
          2.68618  4.42225  2.77519  2.73123  3.46354  2.40513  3.72494  3.29354  2.67741  2.69355  4.24690  2.90347  2.73739  3.18146  2.89801  2.37887  2.77519  2.98518  4.58477  3.61503
          0.00740  5.30544  6.02779  0.61958  0.77255  0.48576  0.95510
    183   2.99584  5.14929  2.98851  2.89208  3.99885  3.29481  3.91600  3.70260  2.91183  3.14732  4.09183  1.93335  4.15795  3.25678  3.36517  2.92789  2.98211  3.30367  5.66713  1.40014    183 y - - -
          2.68618  4.42225  2.77519  2.73123  3.46354  2.40513  3.72494  3.29354  2.67741  2.69355  4.24690  2.90347  2.73739  3.18146  2.89801  2.37887  2.77519  2.98518  4.58477  3.61503
          0.00740  5.30544  6.02779  0.61958  0.77255  0.48576  0.95510
    184   5.60024  6.55100  6.06155  6.08949  3.49883  5.59231  5.04227  5.56126  5.98871  4.67148  6.08324  5.72831  6.08274  5.92449  5.85343  5.57157  5.90599  5.48561  5.14361  0.10062    184 Y - - -
          2.68618  4.42225  2.77519  2.73123  3.46354  2.40513  3.72494  3.29354  2.67741  2.69355  4.24690  2.90347  2.73739  3.18146  2.89801  2.37887  2.77519  2.98518  4.58477  3.61503
          0.00740  5.30544  6.02779  0.61958  0.77255  0.48576  0.95510
    185   3.26665  5.38171  3.51578  3.12891  4.63918  4.06605  3.56864  4.03337  2.77918  2.41587  3.87854  3.60740  4.01327  3.14277  0.80763  3.31085  3.47907  3.73137  5.83205  4.55556    185 r - - -
          2.68618  4.42225  2.77519  2.73123  3.46354  2.40513  3.72494  3.29354  2.67741  2.69355  4.24690  2.90347  2.73739  3.18146  2.89801  2.37887  2.77519  2.98518  4.58477  3.61503
          0.00740  5.30544  6.02779  0.61958  0.77255  0.48576  0.95510
    186   0.65028  4.97742  4.09347  3.57809  4.52613  3.90232  4.59936  3.71844  3.33295  3.47624  4.45026  3.91375  3.22906  3.85779  3.91193  2.37169  3.27336  3.24561  5.90828  4.66473    186 A - - -
          2.68618  4.42225  2.77519  2.73123  3.46354  2.40513  3.72494  3.29354  2.67741  2.69355  4.24690  2.90347  2.73739  3.18146  2.89801  2.37887  2.77519  2.98518  4.58477  3.61503
          0.00740  5.30544  6.02779  0.61958  0.77255  0.48576  0.95510
    187   2.97833  4.73367  3.98819  3.32270  1.47315  4.04433  3.61587  2.64562  2.57946  2.80828  3.77806  3.27519  4.42245  3.47498  2.93778  3.18922  2.57605  2.23539  5.32024  3.94815    187 f - - -
          2.68618  4.42225  2.77519  2.73123  3.46354  2.40513  3.72494  3.29354  2.67741  2.69355  4.24690  2.90347  2.73739  3.18146  2.89801  2.37887  2.77519  2.98518  4.58477  3.61503
          0.00740  5.30544  6.02779  0.61958  0.77255  0.48576  0.95510
    188   2.76354  5.50795  2.89262  2.69224  4.84603  3.61872  2.88882  3.00490  2.32076  3.27493  4.55044  2.05766  2.49228  2.74081  2.33598  2.79125  3.09970  3.51794  5.94482  4.35204    188 n - - -
          2.68618  4.42225  2.77519  2.73123  3.46354  2.40513  3.72494  3.29354  2.67741  2.69355  4.24690  2.90347  2.73739  3.18146  2.89801  2.37887  2.77519  2.98518  4.58477  3.61503
          0.00740  5.30544  6.02779  0.61958  0.77255  0.48576  0.95510
    189   3.02358  4.46339  5.04117  4.20717  2.88508  4.25841  4.39159  1.37502  4.21491  1.32830  3.36836  4.41706  4.62005  4.34659  4.12624  3.52902  3.32048  2.31041  5.08388  3.05258    189 l - - -
          2.68618  4.42225  2.77519  2.73123  3.46354  2.40513  3.72494  3.29354  2.67741  2.69355  4.24690  2.90347  2.73739  3.18146  2.89801  2.37887  2.77519  2.98518  4.58477  3.61503
          0.06926  5.30195  2.78172  0.61958  0.77255  0.48576  0.95510
    190   2.76802  4.46951  3.25807  3.00884  3.22101  2.85863  4.16588  2.33537  3.17845  2.24213  3.64050  2.81869  4.08183  3.55459  3.38533  2.89409  2.28935  2.06454  5.31007  3.62102    190 v - - -
          2.68618  4.42225  2.77519  2.73123  3.46354  2.40513  3.72494  3.29354  2.67741  2.69355  4.24690  2.90347  2.73739  3.18146  2.89801  2.37887  2.77519  2.98518  4.58477  3.61503
          0.14943  5.24060  2.01362  0.61958  0.77255  0.69031  0.69599
    191   2.32570  5.13911  2.50353  2.07833  4.58692  2.66988  3.31556  4.03217  2.39082  3.21019  4.21765  2.63885  2.97407  2.80417  2.81334  2.61089  3.00493  3.60557  5.85634  4.32661    191 e - - -
          2.68618  4.42225  2.77519  2.73123  3.46354  2.40513  3.72494  3.29354  2.67741  2.69355  4.24690  2.90347  2.73739  3.18146  2.89801  2.37887  2.77519  2.98518  4.58477  3.61503
          0.23910  5.09536  1.57728  0.61958  0.77255  1.01438  0.45040
    192   2.76210  4.24550  2.50480  2.13057  4.34875  3.46663  3.13146  3.53208  2.32549  3.07277  3.77007  2.90560  3.94084  2.44434  2.61774  2.70508  2.86521  3.54380  5.72200  3.03618    192 e - - -
          2.68618  4.42225  2.77519  2.73123  3.46354  2.40513  3.72494  3.29354  2.67741  2.69355  4.24690  2.90347  2.73739  3.18146  2.89801  2.37887  2.77519  2.98518  4.58477  3.61503
          0.00775  4.86401        *  0.61958  0.77255  0.00000        *
//
