HMMER3/f [3.2.1 | June 2018]
NAME  SEPTU_PtuB
LENG  119
ALPH  amino
RF    no
MM    no
CONS  yes
CS    no
MAP   yes
DATE  Fri Jun 18 18:44:31 2021
NSEQ  500
EFFN  11.669159
CKSUM 1024523895
STATS LOCAL MSV       -9.9658  0.71366
STATS LOCAL VITERBI  -10.7599  0.71366
STATS LOCAL FORWARD   -4.0819  0.71366
HMM          A        C        D        E        F        G        H        I        K        L        M        N        P        Q        R        S        T        V        W        Y   
            m->m     m->i     m->d     i->m     i->i     d->m     d->d
  COMPO   2.52619  3.34843  2.86786  2.66747  3.82099  3.00606  3.09949  3.09999  2.60256  2.59911  3.91594  2.99347  3.20496  3.02746  2.51662  2.77701  2.86064  2.87429  4.58929  3.77779
          2.68618  4.42225  2.77519  2.73123  3.46354  2.40513  3.72494  3.29354  2.67741  2.69355  4.24690  2.90347  2.73739  3.18146  2.89801  2.37887  2.77519  2.98518  4.58477  3.61503
          0.62592  6.06251  0.77024  0.61958  0.77255  0.00000        *
      1   2.04655  5.59153  2.52003  2.37459  4.08075  2.63582  3.27877  4.42080  2.52156  3.68427  4.63247  2.70545  3.92783  3.00426  2.51861  2.18523  2.86254  3.61660  5.35989  3.80223      1 a - - -
          2.68618  4.42225  2.77519  2.73123  3.46354  2.40513  3.72494  3.29354  2.67741  2.69355  4.24690  2.90347  2.73739  3.18146  2.89801  2.37887  2.77519  2.98518  4.58477  3.61503
          0.04387  5.44304  3.25470  0.61958  0.77255  1.40389  0.28188
      2   2.30156  5.16546  2.63982  1.96424  4.98684  3.21715  3.41831  4.28060  2.22779  3.61267  4.68178  3.17400  3.71520  2.60383  2.04967  2.56266  3.10613  3.62847  4.53970  4.07545      2 e - - -
          2.68618  4.42225  2.77519  2.73123  3.46354  2.40513  3.72494  3.29354  2.67741  2.69355  4.24690  2.90347  2.73739  3.18146  2.89801  2.37887  2.77519  2.98518  4.58477  3.61503
          0.00815  5.52931  5.48516  0.61958  0.77255  1.82842  0.17515
      3   2.54947  5.65035  2.66766  2.31174  4.72719  3.12276  2.38927  4.31379  2.27674  3.57334  4.17082  3.06381  4.30509  2.24114  2.06261  2.75502  3.04365  3.64406  6.08262  4.38947      3 r - - -
          2.68618  4.42225  2.77519  2.73123  3.46354  2.40513  3.72494  3.29354  2.67741  2.69355  4.24690  2.90347  2.73739  3.18146  2.89801  2.37887  2.77519  2.98518  4.58477  3.61503
          0.00582  5.54518  6.26753  0.61958  0.77255  1.91153  0.16000
      4   1.44465  3.93440  3.17486  3.13090  3.47143  3.78809  4.18313  3.14651  3.05754  2.61031  3.87300  3.60946  4.29256  3.31048  2.97374  2.69289  2.90488  2.07270  5.57691  3.67133      4 a - - -
          2.68618  4.42225  2.77519  2.73123  3.46354  2.40513  3.72494  3.29354  2.67741  2.69355  4.24690  2.90347  2.73739  3.18146  2.89801  2.37887  2.77519  2.98518  4.58477  3.61503
          0.01009  5.54926  5.09139  0.61958  0.77255  1.90771  0.16066
      5   2.28420  4.82127  2.83329  2.59830  3.86078  3.42496  3.70728  3.21883  2.61838  2.74231  3.71317  3.23424  4.01868  2.61333  2.10068  2.58617  2.65088  2.80040  5.99070  4.21565      5 r - - -
          2.68618  4.42225  2.77519  2.73123  3.46354  2.40513  3.72494  3.29354  2.67741  2.69355  4.24690  2.90347  2.73739  3.18146  2.89801  2.37887  2.77519  2.98518  4.58477  3.61503
          0.00580  5.54896  6.27131  0.61958  0.77255  1.82973  0.17490
      6   2.37016  3.99036  3.10977  2.60835  4.66169  3.36769  4.08630  2.87844  2.37395  2.54094  3.50632  2.98719  3.78750  2.89888  2.87604  2.61016  2.60141  2.32848  5.03362  4.21682      6 v - - -
          2.68618  4.42225  2.77519  2.73123  3.46354  2.40513  3.72494  3.29354  2.67741  2.69355  4.24690  2.90347  2.73739  3.18146  2.89801  2.37887  2.77519  2.98518  4.58477  3.61503
          0.00571  5.56341  6.28576  0.61958  0.77255  0.68401  0.70237
      7   2.91435  4.78000  5.35743  4.51600  3.54477  4.57190  4.40194  1.63245  4.07830  1.59550  1.53840  4.73108  4.93570  3.32615  4.54146  3.78065  3.50612  2.43338  4.89811  3.51585      7 m - - -
          2.68618  4.42225  2.77519  2.73123  3.46354  2.40513  3.72494  3.29354  2.67741  2.69355  4.24690  2.90347  2.73739  3.18146  2.89801  2.37887  2.77519  2.98518  4.58477  3.61503
          0.14795  5.82904  2.00555  0.61958  0.77255  1.47862  0.25871
      8   1.96818  4.16342  3.54793  2.72187  3.74915  3.52847  4.13515  2.92120  2.51958  2.93786  4.17687  3.33218  2.75812  3.22117  2.48954  2.69225  2.52966  2.44054  4.98057  4.18368      8 a - - -
          2.68618  4.42225  2.77519  2.73123  3.46354  2.40513  3.72494  3.29354  2.67741  2.69355  4.24690  2.90347  2.73739  3.18146  2.89801  2.37887  2.77519  2.98518  4.58477  3.61503
          0.11057  5.68614  2.28980  0.61958  0.77255  1.75529  0.18978
      9   2.68157  5.66590  2.67161  2.37939  4.17190  3.28035  3.99711  4.08835  1.99177  3.05252  4.13583  2.69126  3.64326  2.83770  1.97585  2.44176  3.04115  4.05587  4.43862  3.75533      9 r - - -
          2.68618  4.42225  2.77519  2.73123  3.46354  2.40513  3.72494  3.29354  2.67741  2.69355  4.24690  2.90347  2.73739  3.18146  2.89801  2.37887  2.77519  2.98518  4.58477  3.61503
          0.41454  5.58118  1.09187  0.61958  0.77255  0.81408  0.58527
     10   2.34650  4.06509  3.28560  2.55715  3.28714  3.89047  3.36072  2.60496  3.32168  2.32303  3.52664  3.72965  4.07427  2.87747  3.10749  2.81522  2.61853  2.15438  4.32447  3.26249     10 v - - -
          2.68618  4.42225  2.77519  2.73123  3.46354  2.40513  3.72494  3.29354  2.67741  2.69355  4.24690  2.90347  2.73739  3.18146  2.89801  2.37887  2.77519  2.98518  4.58477  3.61503
          0.01601  5.48246  4.44633  0.61958  0.77255  1.92984  0.15685
     11   2.91823  4.17346  4.44272  4.52826  2.95194  4.15448  4.68070  2.16379  4.31248  1.04712  3.00112  4.08288  4.71069  4.44315  4.31966  3.58585  3.15060  2.14089  4.35854  2.99514     11 l - - -
          2.68618  4.42225  2.77519  2.73123  3.46354  2.40513  3.72494  3.29354  2.67741  2.69355  4.24690  2.90347  2.73739  3.18146  2.89801  2.37887  2.77519  2.98518  4.58477  3.61503
          0.00619  5.48398  6.20633  0.61958  0.77255  2.00838  0.14411
     12   1.85059  3.59014  3.73885  3.08317  3.60759  3.22978  4.38293  2.70889  2.61256  2.04025  3.39319  3.35319  4.14526  3.51646  3.13528  2.93537  2.79200  2.31871  4.71729  4.06361     12 a - - -
          2.68618  4.42225  2.77519  2.73123  3.46354  2.40513  3.72494  3.29354  2.67741  2.69355  4.24690  2.90347  2.73739  3.18146  2.89801  2.37887  2.77519  2.98518  4.58477  3.61503
          0.00619  5.48398  6.20633  0.61958  0.77255  2.00838  0.14411
     13   2.22022  5.11292  2.46415  1.78991  4.96223  2.69841  3.28608  4.44854  2.61285  3.63563  4.44992  2.63478  3.80499  2.74699  2.74794  2.58949  2.94156  3.51783  5.37483  4.25092     13 e - - -
          2.68618  4.42225  2.77519  2.73123  3.46354  2.40513  3.72494  3.29354  2.67741  2.69355  4.24690  2.90347  2.73739  3.18146  2.89801  2.37887  2.77519  2.98518  4.58477  3.61503
          0.02155  5.48398  4.06505  0.61958  0.77255  1.93882  0.15534
     14   2.37393  5.21997  2.96661  2.46975  4.27295  3.66111  3.38588  3.51011  2.04675  2.75049  4.14173  2.85543  4.27769  2.71929  2.16762  2.63957  2.90648  2.94118  5.41351  4.01926     14 k - - -
          2.68618  4.42225  2.77519  2.73123  3.46354  2.40513  3.72494  3.29354  2.67741  2.69355  4.24690  2.90347  2.73739  3.18146  2.89801  2.37887  2.77519  2.98518  4.58477  3.61503
          0.06202  5.47851  2.88310  0.61958  0.77255  1.13475  0.38788
     15   2.28832  5.68514  2.52370  1.60596  4.75075  3.18662  3.65538  4.51784  2.39278  3.82548  4.47531  2.88350  3.80224  2.65393  2.64681  2.50956  2.94912  3.70148  5.06448  3.97314     15 e - - -
          2.68618  4.42225  2.77519  2.73123  3.46354  2.40513  3.72494  3.29354  2.67741  2.69355  4.24690  2.90347  2.73739  3.18146  2.89801  2.37887  2.77519  2.98518  4.58477  3.61503
          0.01154  5.60649  4.85305  0.61958  0.77255  1.77231  0.18626
     16   2.60878  4.78696  3.12687  2.66569  3.42126  3.74478  3.67259  2.45215  2.91131  2.83400  3.59929  3.45661  4.11636  2.58557  2.44550  2.99006  2.71412  1.98150  5.78497  3.54335     16 v - - -
          2.68618  4.42225  2.77519  2.73123  3.46354  2.40513  3.72494  3.29354  2.67741  2.69355  4.24690  2.90347  2.73739  3.18146  2.89801  2.37887  2.77519  2.98518  4.58477  3.61503
          0.00544  5.61253  6.33488  0.61958  0.77255  1.66978  0.20861
     17   2.94771  4.27008  5.24853  4.05253  2.69492  4.22959  4.57678  1.93477  4.41501  1.21996  2.96701  4.61087  4.26106  4.54429  4.41958  3.75686  3.12410  1.80799  4.21071  3.79814     17 l - - -
          2.68618  4.42225  2.77519  2.73123  3.46354  2.40513  3.72494  3.29354  2.67741  2.69355  4.24690  2.90347  2.73739  3.18146  2.89801  2.37887  2.77519  2.98518  4.58477  3.61503
          0.14055  5.63717  2.05918  0.61958  0.77255  1.82781  0.17527
     18   2.33460  5.62199  2.97445  2.16544  4.32293  3.01181  3.45905  3.97282  2.40701  3.92660  4.39264  2.92088  4.16804  2.75547  1.70105  2.65219  2.90028  3.43140  4.96945  3.98346     18 r - - -
          2.68618  4.42225  2.77519  2.73123  3.46354  2.40513  3.72494  3.29354  2.67741  2.69355  4.24690  2.90347  2.73739  3.18146  2.89801  2.37887  2.77519  2.98518  4.58477  3.61503
          0.24119  5.50269  1.55954  0.61958  0.77255  1.13707  0.38678
     19   2.76311  5.61006  2.40371  2.01213  4.67780  3.17635  3.44604  4.02907  2.47119  3.34880  4.05477  2.85009  3.69431  2.55125  2.24036  2.53446  2.60128  3.86099  6.04245  3.59381     19 e - - -
          2.68618  4.42225  2.77519  2.73123  3.46354  2.40513  3.72494  3.29354  2.67741  2.69355  4.24690  2.90347  2.73739  3.18146  2.89801  2.37887  2.77519  2.98518  4.58477  3.61503
          0.16265  5.47147  1.92481  0.61958  0.77255  1.17205  0.37067
     20   2.92383  5.63158  1.38496  2.39105  4.97742  2.58772  3.59409  4.07603  2.44403  3.85348  4.67206  2.57285  3.60604  3.09574  2.65617  2.79608  3.09128  3.93138  6.06377  4.65229     20 d - - -
          2.68618  4.42225  2.77519  2.73123  3.46354  2.40513  3.72494  3.29354  2.67741  2.69355  4.24690  2.90347  2.73739  3.18146  2.89801  2.37887  2.77519  2.98518  4.58477  3.61503
          0.05568  5.50889  2.99359  0.61958  0.77255  1.39617  0.28441
     21   2.93029  5.58968  3.25134  2.71867  4.72664  0.87007  4.01799  4.36718  2.78584  3.71373  4.63926  3.09995  4.00104  3.10427  3.15949  2.88185  3.11841  3.96327  5.39319  4.65075     21 g - - -
          2.68618  4.42225  2.77519  2.73123  3.46354  2.40513  3.72494  3.29354  2.67741  2.69355  4.24690  2.90347  2.73739  3.18146  2.89801  2.37887  2.77519  2.98518  4.58477  3.61503
          0.26894  5.56389  1.46113  0.61958  0.77255  1.17045  0.37139
     22   1.93602  4.79495  3.14686  2.54578  3.89933  3.02194  3.57634  3.81302  2.36732  3.20935  4.12836  3.01614  4.01289  2.88256  2.46860  2.35261  2.56953  3.40196  3.63316  4.03932     22 a - - -
          2.68618  4.42225  2.77519  2.73123  3.46354  2.40513  3.72494  3.29354  2.67741  2.69355  4.24690  2.90347  2.73739  3.18146  2.89801  2.37887  2.77519  2.98518  4.58477  3.61503
          0.01487  5.47189  4.55100  0.61958  0.77255  1.22506  0.34777
     23   2.59598  4.63775  5.22239  4.60728  3.18109  4.16661  3.96128  1.74640  3.96369  1.27807  2.70535  4.59250  4.79500  4.33344  3.88085  3.65179  3.23210  2.06088  4.32192  3.60129     23 l - - -
          2.68618  4.42225  2.77519  2.73123  3.46354  2.40513  3.72494  3.29354  2.67741  2.69355  4.24690  2.90347  2.73739  3.18146  2.89801  2.37887  2.77519  2.98518  4.58477  3.61503
          0.17204  5.61849  1.86807  0.61958  0.77255  1.10356  0.40300
     24   3.04271  5.66112  3.26183  2.60369  4.73202  3.76038  3.06706  4.25997  2.07834  3.61896  4.08087  3.29871  3.52451  3.11312  1.15342  2.82707  2.99604  3.82267  5.48091  4.32209     24 r - - -
          2.68618  4.42225  2.77519  2.73123  3.46354  2.40513  3.72494  3.29354  2.67741  2.69355  4.24690  2.90347  2.73739  3.18146  2.89801  2.37887  2.77519  2.98518  4.58477  3.61503
          0.01410  5.59786  4.57600  0.61958  0.77255  1.78730  0.18322
     25   2.67996  4.93074  2.96644  2.65046  4.36871  3.00046  4.14369  3.92698  2.55258  3.30341  4.19093  2.90797  2.73808  2.87731  3.10526  1.96331  1.84409  3.31564  5.34422  4.24671     25 t - - -
          2.68618  4.42225  2.77519  2.73123  3.46354  2.40513  3.72494  3.29354  2.67741  2.69355  4.24690  2.90347  2.73739  3.18146  2.89801  2.37887  2.77519  2.98518  4.58477  3.61503
          0.00550  5.60155  6.32390  0.61958  0.77255  1.87938  0.16568
     26   2.20595  4.23389  3.17594  2.69178  4.18453  3.65288  3.22248  3.00244  2.62816  2.56257  3.83376  3.04580  2.70923  3.05491  2.50350  2.54143  2.98484  2.65778  5.22528  4.11205     26 a - - -
          2.68618  4.42225  2.77519  2.73123  3.46354  2.40513  3.72494  3.29354  2.67741  2.69355  4.24690  2.90347  2.73739  3.18146  2.89801  2.37887  2.77519  2.98518  4.58477  3.61503
          0.00550  5.60155  6.32390  0.61958  0.77255  1.82735  0.17535
     27   2.30115  5.21569  2.52339  2.51146  4.50635  2.29916  3.77792  4.30233  2.19310  3.41750  4.55457  3.13637  3.41746  2.56685  2.59658  2.28383  2.89975  3.52838  5.09772  4.55805     27 k - - -
          2.68618  4.42225  2.77519  2.73123  3.46354  2.40513  3.72494  3.29354  2.67741  2.69355  4.24690  2.90347  2.73739  3.18146  2.89801  2.37887  2.77519  2.98518  4.58477  3.61503
          0.07307  5.60791  2.70608  0.61958  0.77255  1.50363  0.25144
     28   2.60258  4.86151  3.01090  2.09466  5.02201  3.74843  3.30555  3.93161  2.37237  3.51762  4.15911  2.75537  3.60421  1.61276  2.92879  2.56073  2.86059  3.64995  6.10956  4.23083     28 q - - -
          2.68618  4.42225  2.77519  2.73123  3.46354  2.40513  3.72494  3.29354  2.67741  2.69355  4.24690  2.90347  2.73739  3.18146  2.89801  2.37887  2.77519  2.98518  4.58477  3.61503
          0.00553  5.59559  6.31794  0.61958  0.77255  1.88694  0.16433
     29   2.99092  4.48669  3.65033  2.99439  3.00361  3.99468  3.49844  2.29812  2.77409  2.22630  3.52299  3.81256  4.58223  3.29419  2.01923  3.11543  3.02997  2.31857  4.77024  2.77827     29 r - - -
          2.68618  4.42225  2.77519  2.73123  3.46354  2.40513  3.72494  3.29354  2.67741  2.69355  4.24690  2.90347  2.73739  3.18146  2.89801  2.37887  2.77519  2.98518  4.58477  3.61503
          0.30761  5.59559  1.34291  0.61958  0.77255  1.00071  0.45826
     30   2.33413  5.56082  2.86725  2.53201  4.17245  3.37770  3.52272  3.68495  2.38445  2.24516  4.01174  3.21714  2.77011  2.67159  2.58141  2.70002  2.79383  3.08560  5.16376  4.18335     30 l - - -
          2.68618  4.42225  2.77519  2.73123  3.46354  2.40513  3.72494  3.29354  2.67741  2.69355  4.24690  2.90347  2.73739  3.18146  2.89801  2.37887  2.77519  2.98518  4.58477  3.61503
          0.05960  5.50372  2.92268  0.61958  0.77255  1.11298  0.39836
     31   2.73597  5.42455  3.46976  2.95768  4.66853  3.69934  3.87545  3.78901  2.87172  3.40320  4.49376  3.55725  0.84223  3.28452  3.18036  2.99782  3.22722  3.68184  5.13109  4.58368     31 p - - -
          2.68618  4.42225  2.77519  2.73123  3.46354  2.40513  3.72494  3.29354  2.67741  2.69355  4.24690  2.90347  2.73739  3.18146  2.89801  2.37887  2.77519  2.98518  4.58477  3.61503
          0.15108  5.63300  1.99039  0.61958  0.77255  1.23410  0.34404
     32   2.38386  4.94432  3.29752  2.75771  4.09410  3.33806  2.96388  2.89844  2.56667  3.34719  3.51022  2.79552  3.51803  2.70156  2.83599  2.29385  2.41941  2.53981  6.01197  4.43816     32 s - - -
          2.68618  4.42225  2.77519  2.73123  3.46354  2.40513  3.72494  3.29354  2.67741  2.69355  4.24690  2.90347  2.73739  3.18146  2.89801  2.37887  2.77519  2.98518  4.58477  3.61503
          0.00554  5.59444  6.31679  0.61958  0.77255  1.87485  0.16650
     33   2.81516  4.36057  4.48186  4.09248  3.61321  4.05585  4.73767  1.78723  4.01488  1.76499  3.43268  4.54569  4.32948  4.26659  3.74560  3.34854  3.20018  1.25030  4.75410  3.69065     33 v - - -
          2.68618  4.42225  2.77519  2.73123  3.46354  2.40513  3.72494  3.29354  2.67741  2.69355  4.24690  2.90347  2.73739  3.18146  2.89801  2.37887  2.77519  2.98518  4.58477  3.61503
          0.30889  5.59666  1.33930  0.61958  0.77255  0.78963  0.60516
     34   2.46854  5.62200  2.96139  2.42362  4.65637  3.13822  3.73662  3.45364  2.50652  2.74784  4.02258  3.00245  2.21149  2.76673  2.58647  2.72742  2.92340  2.85732  4.45452  4.27343     34 p - - -
          2.68618  4.42225  2.77519  2.73123  3.46354  2.40513  3.72494  3.29354  2.67741  2.69355  4.24690  2.90347  2.73739  3.18146  2.89801  2.37887  2.77519  2.98518  4.58477  3.61503
          0.01472  5.58082  4.52396  0.61958  0.77255  0.94067  0.49490
     35   2.85409  4.09492  4.20193  3.88717  3.30060  4.12870  4.09030  1.48491  3.60855  1.68076  2.87240  4.29353  4.37042  3.95687  4.04976  3.58800  3.12878  1.86404  5.36988  3.50061     35 i - - -
          2.68618  4.42225  2.77519  2.73123  3.46354  2.40513  3.72494  3.29354  2.67741  2.69355  4.24690  2.90347  2.73739  3.18146  2.89801  2.37887  2.77519  2.98518  4.58477  3.61503
          0.00471  5.75649  6.47884  0.61958  0.77255  1.41838  0.27721
     36   2.44416  5.78251  2.43655  2.62810  4.68709  3.71758  3.85633  4.11256  2.60475  3.09470  4.82362  3.07155  2.16107  3.17829  2.23981  2.07014  2.65081  3.50080  6.21623  4.30080     36 s - - -
          2.68618  4.42225  2.77519  2.73123  3.46354  2.40513  3.72494  3.29354  2.67741  2.69355  4.24690  2.90347  2.73739  3.18146  2.89801  2.37887  2.77519  2.98518  4.58477  3.61503
          0.00891  5.78286  5.15112  0.61958  0.77255  1.39642  0.28433
     37   2.03883  4.33847  3.43922  3.20375  3.44455  3.27502  3.97030  2.79829  3.04648  1.97708  3.25831  3.63417  2.93031  3.60110  2.94207  2.80729  2.41565  2.58458  5.27315  3.91084     37 l - - -
          2.68618  4.42225  2.77519  2.73123  3.46354  2.40513  3.72494  3.29354  2.67741  2.69355  4.24690  2.90347  2.73739  3.18146  2.89801  2.37887  2.77519  2.98518  4.58477  3.61503
          0.01133  5.80077  4.79908  0.61958  0.77255  1.56149  0.23550
     38   2.14389  5.02334  2.57405  2.10701  4.58491  3.15592  3.77871  4.38307  2.15875  3.54083  4.41888  2.94743  3.61815  3.03278  2.45146  2.33080  2.79402  3.06470  6.22633  4.33888     38 e - - -
          2.68618  4.42225  2.77519  2.73123  3.46354  2.40513  3.72494  3.29354  2.67741  2.69355  4.24690  2.90347  2.73739  3.18146  2.89801  2.37887  2.77519  2.98518  4.58477  3.61503
          0.00454  5.79398  6.51633  0.61958  0.77255  1.40128  0.28274
     39   2.65828  5.12793  2.48124  2.11948  3.58424  3.11387  3.18544  3.91619  2.34593  3.08667  3.94102  3.02751  4.21127  2.70310  2.33401  2.77385  2.51176  3.39841  5.41412  4.05283     39 e - - -
          2.68618  4.42225  2.77519  2.73123  3.46354  2.40513  3.72494  3.29354  2.67741  2.69355  4.24690  2.90347  2.73739  3.18146  2.89801  2.37887  2.77519  2.98518  4.58477  3.61503
          0.01104  5.81262  4.82950  0.61958  0.77255  1.42278  0.27581
     40   2.08038  4.40566  4.89420  4.13029  2.19047  4.04352  3.45982  2.62073  3.98574  1.88928  3.29252  4.31856  4.62023  4.14852  3.17782  3.17574  3.23534  2.18239  3.43050  2.38651     40 l - - -
          2.68618  4.42225  2.77519  2.73123  3.46354  2.40513  3.72494  3.29354  2.67741  2.69355  4.24690  2.90347  2.73739  3.18146  2.89801  2.37887  2.77519  2.98518  4.58477  3.61503
          0.01259  5.81764  4.65277  0.61958  0.77255  1.44864  0.26773
     41   2.28684  5.20518  2.69169  2.42494  4.52260  3.68837  3.75344  2.84650  2.52307  3.24953  4.19759  3.10932  4.02767  3.06103  1.88196  2.77603  2.70910  2.53555  6.21143  4.29788     41 r - - -
          2.68618  4.42225  2.77519  2.73123  3.46354  2.40513  3.72494  3.29354  2.67741  2.69355  4.24690  2.90347  2.73739  3.18146  2.89801  2.37887  2.77519  2.98518  4.58477  3.61503
          0.02355  5.81712  3.89701  0.61958  0.77255  1.39445  0.28498
     42   2.72753  5.10427  2.98900  2.19245  4.82288  3.31686  3.93287  4.23144  2.01033  3.60100  4.31271  3.18125  3.70724  2.51243  1.62823  2.65634  3.20009  3.44241  5.01378  3.88843     42 r - - -
          2.68618  4.42225  2.77519  2.73123  3.46354  2.40513  3.72494  3.29354  2.67741  2.69355  4.24690  2.90347  2.73739  3.18146  2.89801  2.37887  2.77519  2.98518  4.58477  3.61503
          0.02513  5.81175  3.82493  0.61958  0.77255  1.43906  0.27070
     43   2.55812  5.35005  3.30834  2.77657  3.90463  3.81110  3.61704  2.67509  2.88306  1.68106  3.08193  3.23840  3.71922  2.77408  2.67955  3.14775  3.17630  2.52042  4.51923  3.79706     43 l - - -
          2.68618  4.42225  2.77519  2.73123  3.46354  2.40513  3.72494  3.29354  2.67741  2.69355  4.24690  2.90347  2.73739  3.18146  2.89801  2.37887  2.77519  2.98518  4.58477  3.61503
          0.07490  5.80136  2.67163  0.61958  0.77255  1.24358  0.34017
     44   1.70447  5.74505  3.17020  2.61130  4.76974  3.24255  4.00919  3.33528  2.28821  2.78934  4.33573  3.20181  2.69154  2.93485  2.61671  2.75153  2.87279  2.97244  6.18651  4.27271     44 a - - -
          2.68618  4.42225  2.77519  2.73123  3.46354  2.40513  3.72494  3.29354  2.67741  2.69355  4.24690  2.90347  2.73739  3.18146  2.89801  2.37887  2.77519  2.98518  4.58477  3.61503
          0.13233  5.76966  2.11340  0.61958  0.77255  1.62504  0.21928
     45   2.02713  2.71426  3.23175  2.56273  4.14705  2.96371  3.36230  4.00506  2.48366  3.11597  3.99119  2.95271  3.68872  2.76207  2.41929  2.64729  2.98660  3.60837  3.76836  4.01470     45 a - - -
          2.68618  4.42225  2.77519  2.73123  3.46354  2.40513  3.72494  3.29354  2.67741  2.69355  4.24690  2.90347  2.73739  3.18146  2.89801  2.37887  2.77519  2.98518  4.58477  3.61503
          0.08081  5.64261  2.60254  0.61958  0.77255  1.79276  0.18212
     46   2.48823  5.66509  2.10445  2.09689  4.53843  2.58344  3.37908  3.88399  2.49868  3.59789  4.15294  2.61910  4.32039  2.62618  2.63716  2.63679  2.90406  3.89863  6.09749  3.74676     46 e - - -
          2.68618  4.42225  2.77519  2.73123  3.46354  2.40513  3.72494  3.29354  2.67741  2.69355  4.24690  2.90347  2.73739  3.18146  2.89801  2.37887  2.77519  2.98518  4.58477  3.61503
          0.03978  5.57270  3.34684  0.61958  0.77255  0.51524  0.90971
     47   2.19884  4.72586  3.40492  2.74672  3.29958  3.47827  3.37515  3.05520  2.71824  2.39790  3.02814  3.34139  3.58826  3.08911  2.74710  2.61553  2.79328  2.56825  5.01701  3.26663     47 a - - -
          2.68618  4.42225  2.77519  2.73123  3.46354  2.40513  3.72494  3.29354  2.67741  2.69355  4.24690  2.90347  2.73739  3.18146  2.89801  2.37887  2.77519  2.98518  4.58477  3.61503
          0.00420  5.87055  6.59289  0.61958  0.77255  0.79537  0.60041
     48   2.60516  5.43648  2.90606  2.41967  4.35095  2.22787  3.74624  3.96918  2.09053  3.68059  4.46778  3.10216  3.97405  2.66565  2.05686  2.50032  2.86390  3.64427  5.26753  3.76776     48 r - - -
          2.68618  4.42225  2.77519  2.73123  3.46354  2.40513  3.72494  3.29354  2.67741  2.69355  4.24690  2.90347  2.73739  3.18146  2.89801  2.37887  2.77519  2.98518  4.58477  3.61503
          0.01426  5.94265  4.46245  0.61958  0.77255  0.96984  0.47666
     49   2.87049  5.45751  3.34821  2.82393  4.84641  3.75914  3.91200  4.03422  2.02086  4.08761  4.75789  3.33360  3.78502  2.52954  1.07792  2.75412  3.08708  3.98293  5.49001  4.91288     49 r - - -
          2.68618  4.42225  2.77519  2.73123  3.46354  2.40513  3.72494  3.29354  2.67741  2.69355  4.24690  2.90347  2.73739  3.18146  2.89801  2.37887  2.77519  2.98518  4.58477  3.61503
          0.01950  5.95080  4.09192  0.61958  0.77255  1.13576  0.38740
     50   2.31835  5.41917  2.76947  2.41041  4.24045  2.63463  3.70906  4.04893  2.26790  3.43171  4.26139  2.89958  3.83310  3.04864  2.28087  2.47312  2.25289  3.44035  6.31371  4.07338     50 t - - -
          2.68618  4.42225  2.77519  2.73123  3.46354  2.40513  3.72494  3.29354  2.67741  2.69355  4.24690  2.90347  2.73739  3.18146  2.89801  2.37887  2.77519  2.98518  4.58477  3.61503
          0.59501  5.93524  0.80789  0.61958  0.77255  0.48822  0.95118
     51   2.23558  4.89048  3.30334  2.90847  2.31244  3.84383  3.90162  2.98479  2.59034  2.87649  4.31330  3.22019  2.46153  3.03134  2.45212  2.89089  3.05483  2.67210  5.75581  3.73873     51 a - - -
          2.68618  4.42225  2.77519  2.73123  3.46354  2.40513  3.72494  3.29354  2.67741  2.69355  4.24690  2.90347  2.73739  3.18146  2.89801  2.37887  2.77519  2.98518  4.58477  3.61503
          0.02186  5.49380  4.04497  0.61958  0.77255  0.75166  0.63787
     52   2.88701  5.75378  2.87858  2.91748  5.08761  3.61183  3.61953  3.67552  2.78052  3.58958  4.06264  2.43600  2.27916  3.15038  2.79709  1.75675  2.20419  3.21446  6.19324  3.92163     52 s - - -
          2.68618  4.42225  2.77519  2.73123  3.46354  2.40513  3.72494  3.29354  2.67741  2.69355  4.24690  2.90347  2.73739  3.18146  2.89801  2.37887  2.77519  2.98518  4.58477  3.61503
          0.00883  5.77147  5.17166  0.61958  0.77255  0.64818  0.74023
     53   2.10988  5.87243  3.04531  2.50540  4.86496  3.51242  4.10382  3.81337  1.99888  3.45485  4.75645  3.10371  2.18643  2.77634  2.11989  2.68350  3.17986  3.54295  5.28010  4.46840     53 k - - -
          2.68618  4.42225  2.77519  2.73123  3.46354  2.40513  3.72494  3.29354  2.67741  2.69355  4.24690  2.90347  2.73739  3.18146  2.89801  2.37887  2.77519  2.98518  4.58477  3.61503
          0.01333  5.92157  4.55083  0.61958  0.77255  0.99861  0.45949
     54   2.08569  5.24278  2.67961  2.28736  3.36946  3.20627  3.27725  3.70585  2.13401  2.74230  4.54525  3.13444  3.84422  2.85264  2.32605  2.75597  3.14913  3.92024  5.12907  4.06022     54 a - - -
          2.68618  4.42225  2.77519  2.73123  3.46354  2.40513  3.72494  3.29354  2.67741  2.69355  4.24690  2.90347  2.73739  3.18146  2.89801  2.37887  2.77519  2.98518  4.58477  3.61503
          0.00393  5.93590  6.65824  0.61958  0.77255  0.33425  1.25833
     55   2.72916  4.60366  3.75023  3.34233  3.83776  4.20682  3.92067  2.50119  3.18698  1.67331  3.60759  2.99310  4.82643  2.33563  3.07247  3.05685  2.59208  2.20672  5.88363  3.33521     55 l - - -
          2.68618  4.42225  2.77519  2.73123  3.46354  2.40513  3.72494  3.29354  2.67741  2.69355  4.24690  2.90347  2.73739  3.18146  2.89801  2.37887  2.77519  2.98518  4.58477  3.61503
          0.00352  6.04696  6.76930  0.61958  0.77255  0.51766  0.90613
     56   2.61660  5.31859  3.61127  3.05082  4.75423  4.25609  3.92629  3.56647  1.83731  3.64207  4.60239  3.43912  4.45602  3.25310  0.99920  3.19087  3.42389  3.21600  5.02715  4.55146     56 r - - -
          2.68618  4.42225  2.77519  2.73123  3.46354  2.40513  3.72494  3.29354  2.67741  2.69355  4.24690  2.90347  2.73739  3.18146  2.89801  2.37887  2.77519  2.98518  4.58477  3.61503
          0.00573  6.06065  5.69026  0.61958  0.77255  0.57757  0.82385
     57   2.20899  5.29313  2.56620  2.13915  3.85074  3.75635  3.91863  3.14505  2.33348  3.10513  4.14760  3.30825  4.04071  2.80010  1.92575  2.82476  3.01319  3.44664  4.85749  4.09719     57 r - - -
          2.68618  4.42225  2.77519  2.73123  3.46354  2.40513  3.72494  3.29354  2.67741  2.69355  4.24690  2.90347  2.73739  3.18146  2.89801  2.37887  2.77519  2.98518  4.58477  3.61503
          0.00685  6.06274  5.40345  0.61958  0.77255  0.59412  0.80308
     58   1.79307  5.87953  3.13838  2.42764  3.19975  3.70844  4.12487  3.47361  2.55054  2.77072  3.47480  2.78155  4.04651  2.75890  2.76408  2.89945  3.08157  3.17975  4.14575  2.97819     58 a - - -
          2.68618  4.42225  2.77519  2.73123  3.46354  2.40513  3.72494  3.29354  2.67741  2.69355  4.24690  2.90347  2.73739  3.18146  2.89801  2.37887  2.77519  2.98518  4.58477  3.61503
          0.00550  6.06730  5.75466  0.61958  0.77255  0.57476  0.82746
     59   2.49493  4.07436  5.55423  4.93801  3.44722  4.55444  5.08322  1.88740  4.08634  1.21399  3.49470  4.91542  4.76712  4.35235  4.22362  3.71095  3.56965  1.60196  4.14559  3.44360     59 l - - -
          2.68618  4.42225  2.77519  2.73123  3.46354  2.40513  3.72494  3.29354  2.67741  2.69355  4.24690  2.90347  2.73739  3.18146  2.89801  2.37887  2.77519  2.98518  4.58477  3.61503
          0.00643  6.07141  5.49672  0.61958  0.77255  0.58217  0.81799
     60   2.75537  5.32502  3.80581  3.02148  2.25207  4.15453  3.88352  2.96198  2.68843  1.68783  3.58980  3.66488  4.85028  3.12475  2.26860  3.50170  3.39570  2.80489  2.98470  3.46334     60 l - - -
          2.68618  4.42225  2.77519  2.73123  3.46354  2.40513  3.72494  3.29354  2.67741  2.69355  4.24690  2.90347  2.73739  3.18146  2.89801  2.37887  2.77519  2.98518  4.58477  3.61503
          0.00548  6.07422  5.75550  0.61958  0.77255  0.46358  0.99163
     61   1.82751  3.90680  3.10933  2.29774  4.94554  3.14554  3.74917  3.30211  2.08075  2.52064  4.07824  3.15381  4.50326  3.02358  2.47811  2.99714  3.23102  3.06782  4.96907  4.41670     61 a - - -
          2.68618  4.42225  2.77519  2.73123  3.46354  2.40513  3.72494  3.29354  2.67741  2.69355  4.24690  2.90347  2.73739  3.18146  2.89801  2.37887  2.77519  2.98518  4.58477  3.61503
          0.00337  6.08951  6.81185  0.61958  0.77255  0.53898  0.87549
     62   3.00989  5.96264  3.30545  2.66954  4.77113  3.39879  4.18116  3.55812  2.11537  3.45009  3.45181  3.40777  4.30654  2.94775  1.03955  3.23565  3.24835  3.82424  5.07070  4.30265     62 r - - -
          2.68618  4.42225  2.77519  2.73123  3.46354  2.40513  3.72494  3.29354  2.67741  2.69355  4.24690  2.90347  2.73739  3.18146  2.89801  2.37887  2.77519  2.98518  4.58477  3.61503
          0.01270  6.09381  4.56949  0.61958  0.77255  0.51187  0.91472
     63   2.29546  5.51325  1.18099  2.93287  3.24527  3.77509  3.11332  4.42500  3.03020  3.71186  4.53361  3.28430  4.28389  2.49790  3.18405  2.88040  3.29548  3.67443  4.56136  3.52922     63 d - - -
          2.68618  4.42225  2.77519  2.73123  3.46354  2.40513  3.72494  3.29354  2.67741  2.69355  4.24690  2.90347  2.73739  3.18146  2.89801  2.37887  2.77519  2.98518  4.58477  3.61503
          0.00761  6.09065  5.23746  0.61958  0.77255  0.59531  0.80161
     64   2.84653  4.92639  2.76553  2.77820  4.99256  1.92535  3.10864  4.45858  2.14141  3.04833  4.29188  2.64278  2.70591  2.85955  2.33688  2.87668  3.36349  4.01878  6.41518  3.92681     64 g - - -
          2.68618  4.42225  2.77519  2.73123  3.46354  2.40513  3.72494  3.29354  2.67741  2.69355  4.24690  2.90347  2.73739  3.18146  2.89801  2.37887  2.77519  2.98518  4.58477  3.61503
          0.03067  6.08643  3.57803  0.61958  0.77255  0.56770  0.83662
     65   3.12222  4.70803  3.39438  2.66024  3.12072  1.55357  3.01444  4.00334  3.04109  3.51578  4.38160  2.86149  3.50957  3.26218  3.09351  3.02538  2.54931  3.83660  3.35062  2.57147     65 g - - -
          2.68618  4.42225  2.77519  2.73123  3.46354  2.40513  3.72494  3.29354  2.67741  2.69355  4.24690  2.90347  2.73739  3.18146  2.89801  2.37887  2.77519  2.98518  4.58477  3.61503
          0.31894  6.06381  1.30653  0.61958  0.77255  0.44335  1.02689
     66   2.95079  3.71409  3.62707  2.77415  3.50005  3.67059  3.63294  2.89607  1.88446  2.41643  3.97068  3.58691  4.28102  2.91319  2.07185  3.12108  2.53069  2.71726  5.39148  3.86860     66 k - - -
          2.68618  4.42225  2.77519  2.73123  3.46354  2.40513  3.72494  3.29354  2.67741  2.69355  4.24690  2.90347  2.73739  3.18146  2.89801  2.37887  2.77519  2.98518  4.58477  3.61503
          0.00456  5.78963  6.51197  0.61958  0.77255  0.15399  1.94685
     67   3.58074  0.19792  4.99631  5.26070  5.46968  4.62528  5.94606  4.84896  5.08362  4.57833  5.45857  5.16267  4.65136  4.61810  4.73768  3.87234  4.05704  4.16619  6.91303  5.10910     67 C - - -
          2.68618  4.42225  2.77519  2.73123  3.46354  2.40513  3.72494  3.29354  2.67741  2.69355  4.24690  2.90347  2.73739  3.18146  2.89801  2.37887  2.77519  2.98518  4.58477  3.61503
          0.00777  6.09421  5.20548  0.61958  0.77255  0.56810  0.83609
     68   1.92873  4.31478  3.65011  2.18684  3.76046  3.01319  3.74626  4.22244  3.00787  3.73681  4.36198  3.41401  3.33997  2.22779  2.20884  2.81695  2.77278  2.83799  4.56574  3.53291     68 a - - -
          2.68618  4.42225  2.77519  2.73123  3.46354  2.40513  3.72494  3.29354  2.67741  2.69355  4.24690  2.90347  2.73739  3.18146  2.89801  2.37887  2.77519  2.98518  4.58477  3.61503
          0.01926  6.08981  4.08583  0.61958  0.77255  0.54570  0.86616
     69   2.79130  4.47056  3.92137  3.34783  2.30184  3.94227  3.65079  2.57317  3.35510  2.52359  3.34303  4.19791  4.32532  3.62547  2.81384  3.37681  3.33049  2.69736  3.50651  1.52367     69 y - - -
          2.68618  4.42225  2.77519  2.73123  3.46354  2.40513  3.72494  3.29354  2.67741  2.69355  4.24690  2.90347  2.73739  3.18146  2.89801  2.37887  2.77519  2.98518  4.58477  3.61503
          0.00570  6.07826  5.68573  0.61958  0.77255  0.42112  1.06801
     70   3.70893  0.30339  5.19572  4.67974  5.01195  4.24438  4.80020  4.36766  3.95028  3.81593  4.97595  4.85743  5.28682  4.25902  3.93262  3.70310  3.28427  4.09269  6.41840  5.24249     70 C - - -
          2.68618  4.42225  2.77519  2.73123  3.46354  2.40513  3.72494  3.29354  2.67741  2.69355  4.24690  2.90347  2.73739  3.18146  2.89801  2.37887  2.77519  2.98518  4.58477  3.61503
          0.00788  6.09809  5.18462  0.61958  0.77255  0.51195  0.91460
     71   2.99078  5.40037  2.44749  2.47106  4.63308  1.21283  3.58168  4.68589  2.59867  3.50417  4.69599  2.88728  4.30159  3.17408  2.93933  2.76802  2.77563  4.29063  6.42128  4.41504     71 g - - -
          2.68618  4.42225  2.77519  2.73123  3.46354  2.40513  3.72494  3.29354  2.67741  2.69355  4.24690  2.90347  2.73739  3.18146  2.89801  2.37887  2.77519  2.98518  4.58477  3.61503
          0.03383  6.09546  3.47357  0.61958  0.77255  0.49825  0.93545
     72   2.16429  4.45445  3.18915  2.72711  4.50850  3.48100  4.03990  3.37052  2.18969  3.35896  3.72699  3.08986  4.63622  2.47997  1.89434  2.51049  2.89074  2.88607  5.23558  4.19113     72 r - - -
          2.68618  4.42225  2.77519  2.73123  3.46354  2.40513  3.72494  3.29354  2.67741  2.69355  4.24690  2.90347  2.73739  3.18146  2.89801  2.37887  2.77519  2.98518  4.58477  3.61503
          0.07050  6.06974  2.72169  0.61958  0.77255  0.40119  1.10722
     73   2.88647  5.94639  2.72914  2.46980  4.74469  3.29855  3.89210  3.74777  2.16043  3.38307  4.64541  3.18774  1.64532  2.90507  2.52701  2.66729  2.84218  3.73713  5.59236  3.95499     73 p - - -
          2.68618  4.42225  2.77519  2.73123  3.46354  2.40513  3.72494  3.29354  2.67741  2.69355  4.24690  2.90347  2.73739  3.18146  2.89801  2.37887  2.77519  2.98518  4.58477  3.61503
          0.07144  6.03468  2.70970  0.61958  0.77255  0.34342  1.23561
     74   2.52378  4.36555  2.62298  2.47273  4.29771  2.96954  3.23685  3.42027  2.53499  3.07553  4.10591  2.89307  2.86539  2.93345  2.52106  2.56841  2.90327  2.90552  4.74097  3.49103     74 e - - -
          2.68618  4.42225  2.77519  2.73123  3.46354  2.40513  3.72494  3.29354  2.67741  2.69355  4.24690  2.90347  2.73739  3.18146  2.89801  2.37887  2.77519  2.98518  4.58477  3.61503
          0.01046  6.03575  4.82698  0.61958  0.77255  0.55185  0.85775
     75   2.21103  5.08926  2.70037  2.29226  3.73896  2.58836  3.71889  3.70933  2.68280  3.30289  4.82358  3.06098  3.11632  3.03335  2.50062  2.61862  3.14134  3.24055  3.49352  3.03334     75 a - - -
          2.68618  4.42225  2.77519  2.73123  3.46354  2.40513  3.72494  3.29354  2.67741  2.69355  4.24690  2.90347  2.73739  3.18146  2.89801  2.37887  2.77519  2.98518  4.58477  3.61503
          0.00887  6.06634  5.03443  0.61958  0.77255  0.61508  0.77783
     76   3.00749  2.18049  4.18598  3.85752  3.28637  3.94645  4.58265  2.44480  3.95160  1.33443  3.27240  4.24265  3.62536  4.28390  4.24514  3.23035  2.44705  2.56887  3.32488  3.94683     76 l - - -
          2.68618  4.42225  2.77519  2.73123  3.46354  2.40513  3.72494  3.29354  2.67741  2.69355  4.24690  2.90347  2.73739  3.18146  2.89801  2.37887  2.77519  2.98518  4.58477  3.61503
          0.00342  6.07585  6.79819  0.61958  0.77255  0.35855  1.19961
     77   3.17039  5.61236  2.10694  1.44722  5.34168  4.25998  2.29131  4.24873  3.12511  4.30193  4.71920  3.31205  4.49284  2.58558  3.48627  2.69237  2.04346  3.31974  6.42939  4.81212     77 e - - -
          2.68618  4.42225  2.77519  2.73123  3.46354  2.40513  3.72494  3.29354  2.67741  2.69355  4.24690  2.90347  2.73739  3.18146  2.89801  2.37887  2.77519  2.98518  4.58477  3.61503
          0.00331  6.10880  6.83114  0.61958  0.77255  0.48576  0.95510
     78   2.35868  3.70320  5.21563  4.57824  3.10413  3.87786  4.60971  1.81431  4.38645  2.10088  3.40761  4.93879  4.30809  4.67039  3.45418  3.83814  3.16721  1.21676  4.71418  3.56441     78 v - - -
          2.68618  4.42225  2.77519  2.73123  3.46354  2.40513  3.72494  3.29354  2.67741  2.69355  4.24690  2.90347  2.73739  3.18146  2.89801  2.37887  2.77519  2.98518  4.58477  3.61503
          0.00331  6.10880  6.83114  0.61958  0.77255  0.48576  0.95510
     79   4.38894  5.37723  0.67454  2.30032  6.68557  4.76511  1.27915  6.27414  4.54169  5.70573  6.59163  3.93757  5.44391  4.57594  5.23762  4.11847  4.96720  5.78788  7.85061  6.23873     79 D - - -
          2.68618  4.42225  2.77519  2.73123  3.46354  2.40513  3.72494  3.29354  2.67741  2.69355  4.24690  2.90347  2.73739  3.18146  2.89801  2.37887  2.77519  2.98518  4.58477  3.61503
          0.00331  6.10880  6.83114  0.61958  0.77255  0.48576  0.95510
     80   5.17709  4.62093  6.37478  6.11514  3.84794  5.79203  0.13642  5.49497  5.40075  4.76487  4.88012  5.78616  6.31566  5.81837  5.45257  5.27522  5.54580  5.33658  5.51367  3.54022     80 H - - -
          2.68618  4.42225  2.77519  2.73123  3.46354  2.40513  3.72494  3.29354  2.67741  2.69355  4.24690  2.90347  2.73739  3.18146  2.89801  2.37887  2.77519  2.98518  4.58477  3.61503
          0.00518  6.10880  5.82908  0.61958  0.77255  0.48576  0.95510
     81   3.16592  4.48289  4.98448  4.49423  2.82386  4.76871  5.10018  1.21200  3.09498  2.18711  3.88367  4.20680  4.65430  4.84744  3.33851  3.75120  2.97524  1.58001  4.71439  3.83345     81 i - - -
          2.68618  4.42225  2.77519  2.73123  3.46354  2.40513  3.72494  3.29354  2.67741  2.69355  4.24690  2.90347  2.73739  3.18146  2.89801  2.37887  2.77519  2.98518  4.58477  3.61503
          0.01478  6.10693  4.38683  0.61958  0.77255  0.47602  0.97088
     82   3.16831  5.25979  2.66922  2.88386  3.84963  4.37093  3.65859  1.70545  2.59964  2.56493  3.84240  3.08769  4.44622  3.02294  2.94353  3.46769  2.83926  1.97176  5.69827  3.79150     82 i - - -
          2.68618  4.42225  2.77519  2.73123  3.46354  2.40513  3.72494  3.29354  2.67741  2.69355  4.24690  2.90347  2.73739  3.18146  2.89801  2.37887  2.77519  2.98518  4.58477  3.61503
          0.01014  6.09739  4.84912  0.61958  0.77255  0.45266  1.01042
     83   2.64660  5.57569  2.87611  2.70424  4.66499  2.99375  3.05400  4.78315  3.12012  4.15543  4.86779  3.60752  0.92205  3.27636  3.03539  3.23472  3.55601  4.25103  4.42236  4.22369     83 p - - -
          2.68618  4.42225  2.77519  2.73123  3.46354  2.40513  3.72494  3.29354  2.67741  2.69355  4.24690  2.90347  2.73739  3.18146  2.89801  2.37887  2.77519  2.98518  4.58477  3.61503
          0.00334  6.10039  6.82274  0.61958  0.77255  0.55486  0.85367
     84   3.25529  5.70896  3.25269  3.09744  3.39150  4.33151  2.77876  3.03699  2.12160  2.30214  4.77907  3.10841  4.56350  3.17460  2.15818  3.36740  3.50400  2.88298  2.18491  3.13192     84 k - - -
          2.68618  4.42225  2.77519  2.73123  3.46354  2.40513  3.72494  3.29354  2.67741  2.69355  4.24690  2.90347  2.73739  3.18146  2.89801  2.37887  2.77519  2.98518  4.58477  3.61503
          0.00960  6.10039  4.91870  0.61958  0.77255  0.55486  0.85367
     85   1.83435  4.83775  3.13461  2.60300  4.92972  3.74412  3.04107  4.18470  2.66064  3.66343  4.87323  3.11106  3.87094  3.05207  2.72315  1.40621  3.37755  3.68036  3.97475  4.12413     85 s - - -
          2.68618  4.42225  2.77519  2.73123  3.46354  2.40513  3.72494  3.29354  2.67741  2.69355  4.24690  2.90347  2.73739  3.18146  2.89801  2.37887  2.77519  2.98518  4.58477  3.61503
          0.03209  6.09415  3.52920  0.61958  0.77255  0.60288  0.79238
     86   2.83473  4.79756  2.25479  2.49718  4.80649  3.80186  2.90152  3.89004  1.97187  2.57953  4.48408  3.19288  4.08645  2.50277  1.98642  2.99446  3.50444  3.44792  5.69856  3.84275     86 k - - -
          2.68618  4.42225  2.77519  2.73123  3.46354  2.40513  3.72494  3.29354  2.67741  2.69355  4.24690  2.90347  2.73739  3.18146  2.89801  2.37887  2.77519  2.98518  4.58477  3.61503
          0.08453  6.06551  2.54164  0.61958  0.77255  0.55234  0.85708
     87   3.09600  5.26693  2.79083  2.85707  4.92455  0.73259  3.88307  4.55720  2.98141  4.10193  4.95900  2.78768  4.42212  3.44071  3.33013  3.09534  3.55888  4.30279  6.35333  4.94667     87 g - - -
          2.68618  4.42225  2.77519  2.73123  3.46354  2.40513  3.72494  3.29354  2.67741  2.69355  4.24690  2.90347  2.73739  3.18146  2.89801  2.37887  2.77519  2.98518  4.58477  3.61503
          0.08195  6.00683  2.57408  0.61958  0.77255  0.61242  0.78097
     88   3.43952  6.14685  3.48410  3.11013  5.45935  0.53319  3.94113  4.93459  3.12667  4.18009  5.21004  2.58519  4.54622  3.64712  3.91064  3.42924  3.73206  4.52262  6.59520  4.87822     88 G - - -
          2.68618  4.42225  2.77519  2.73123  3.46354  2.40513  3.72494  3.29354  2.67741  2.69355  4.24690  2.90347  2.73739  3.18146  2.89801  2.37887  2.77519  2.98518  4.58477  3.61503
          0.00376  5.98015  6.70250  0.61958  0.77255  1.11954  0.39516
     89   2.54472  5.91445  2.81325  2.46200  4.77486  3.20116  3.43359  3.42459  2.30042  2.84673  4.95518  3.23241  2.34018  2.83743  2.49927  2.33911  2.48339  3.79954  5.25615  4.57736     89 k - - -
          2.68618  4.42225  2.77519  2.73123  3.46354  2.40513  3.72494  3.29354  2.67741  2.69355  4.24690  2.90347  2.73739  3.18146  2.89801  2.37887  2.77519  2.98518  4.58477  3.61503
          0.02986  5.98651  3.61532  0.61958  0.77255  0.60693  0.78750
     90   3.20584  5.93136  1.65542  2.80123  4.81300  3.53702  3.64459  4.47459  3.02865  3.95021  4.97283  2.27131  3.25515  3.36297  3.55975  2.63284  1.42922  4.19397  5.57991  3.87722     90 t - - -
          2.68618  4.42225  2.77519  2.73123  3.46354  2.40513  3.72494  3.29354  2.67741  2.69355  4.24690  2.90347  2.73739  3.18146  2.89801  2.37887  2.77519  2.98518  4.58477  3.61503
          0.02478  6.02180  3.81451  0.61958  0.77255  0.27518  1.42478
     91   2.93749  4.53817  1.82343  2.38701  5.31157  3.43371  2.96854  3.80434  2.81216  3.89643  4.54889  2.74998  3.95130  3.17149  2.85743  2.13454  2.12571  3.00559  6.37114  4.63275     91 d - - -
          2.68618  4.42225  2.77519  2.73123  3.46354  2.40513  3.72494  3.29354  2.67741  2.69355  4.24690  2.90347  2.73739  3.18146  2.89801  2.37887  2.77519  2.98518  4.58477  3.61503
          0.01370  6.08624  4.48046  0.61958  0.77255  0.58252  0.81755
     92   2.56141  5.16037  3.64744  2.99360  3.21665  3.48703  4.23597  2.19736  3.20438  1.96041  3.53426  4.22014  2.49788  4.27233  3.27284  3.36649  3.16547  2.60226  2.29093  3.40202     92 l - - -
          2.68618  4.42225  2.77519  2.73123  3.46354  2.40513  3.72494  3.29354  2.67741  2.69355  4.24690  2.90347  2.73739  3.18146  2.89801  2.37887  2.77519  2.98518  4.58477  3.61503
          0.00340  6.08196  6.80431  0.61958  0.77255  0.56453  0.84079
     93   2.65386  5.60300  1.81911  1.76514  5.04975  3.10758  3.70227  4.06351  2.84343  3.77883  4.15288  2.80960  4.18772  3.19129  3.18271  1.96859  2.83458  4.00446  4.01727  4.58574     93 e - - -
          2.68618  4.42225  2.77519  2.73123  3.46354  2.40513  3.72494  3.29354  2.67741  2.69355  4.24690  2.90347  2.73739  3.18146  2.89801  2.37887  2.77519  2.98518  4.58477  3.61503
          0.00337  6.09178  6.81412  0.61958  0.77255  0.46823  0.98379
     94   3.35896  5.47457  2.95555  3.15833  4.61013  3.95579  4.24259  4.70416  3.12674  3.94887  4.97852  0.53394  4.14268  3.50708  3.59657  3.33674  3.68436  4.30142  5.69741  4.99067     94 N - - -
          2.68618  4.42225  2.77519  2.73123  3.46354  2.40513  3.72494  3.29354  2.67741  2.69355  4.24690  2.90347  2.73739  3.18146  2.89801  2.37887  2.77519  2.98518  4.58477  3.61503
          0.00333  6.10375  6.82609  0.61958  0.77255  0.46029  0.99724
     95   3.12365  3.75068  5.58009  4.79819  3.18201  2.92037  4.68903  2.66633  4.28376  0.81523  3.42615  4.94243  5.14033  4.60016  4.57855  3.87405  3.03182  2.32368  3.33387  3.83294     95 l - - -
          2.68618  4.42225  2.77519  2.73123  3.46354  2.40513  3.72494  3.29354  2.67741  2.69355  4.24690  2.90347  2.73739  3.18146  2.89801  2.37887  2.77519  2.98518  4.58477  3.61503
          0.00331  6.10880  6.83114  0.61958  0.77255  0.48576  0.95510
     96   2.44147  4.11703  4.08782  2.76077  3.85918  3.93493  4.03527  2.35694  3.26353  2.73460  3.69931  4.10263  4.90386  2.26864  2.65530  3.40422  2.75358  1.51891  4.74206  4.30972     96 v - - -
          2.68618  4.42225  2.77519  2.73123  3.46354  2.40513  3.72494  3.29354  2.67741  2.69355  4.24690  2.90347  2.73739  3.18146  2.89801  2.37887  2.77519  2.98518  4.58477  3.61503
          0.00332  6.10672  6.82907  0.61958  0.77255  0.48576  0.95510
     97   2.12096  2.72747  5.16979  4.91503  3.32574  3.61419  3.90002  2.74224  4.70864  1.41112  3.64727  4.40507  2.23616  4.39263  4.73082  3.02167  2.61036  2.63990  4.39194  3.54284     97 l - - -
          2.68618  4.42225  2.77519  2.73123  3.46354  2.40513  3.72494  3.29354  2.67741  2.69355  4.24690  2.90347  2.73739  3.18146  2.89801  2.37887  2.77519  2.98518  4.58477  3.61503
          0.00332  6.10672  6.82907  0.61958  0.77255  0.48576  0.95510
     98   1.72300  3.45295  5.55209  4.57539  3.90565  4.55150  5.10453  2.63014  4.33063  0.98830  3.63194  4.92905  5.13565  4.86038  4.22063  2.70432  3.32864  2.34836  5.60295  4.04756     98 l - - -
          2.68618  4.42225  2.77519  2.73123  3.46354  2.40513  3.72494  3.29354  2.67741  2.69355  4.24690  2.90347  2.73739  3.18146  2.89801  2.37887  2.77519  2.98518  4.58477  3.61503
          0.00332  6.10672  6.82907  0.61958  0.77255  0.48576  0.95510
     99   3.87987  0.40602  3.33078  3.48307  5.60962  4.64776  2.58512  5.03431  3.81919  4.63698  5.49195  3.95410  5.19350  3.85627  4.46438  3.62595  4.03949  4.70483  6.88564  5.52507     99 C - - -
          2.68618  4.42225  2.77519  2.73123  3.46354  2.40513  3.72494  3.29354  2.67741  2.69355  4.24690  2.90347  2.73739  3.18146  2.89801  2.37887  2.77519  2.98518  4.58477  3.61503
          0.00332  6.10672  6.82907  0.61958  0.77255  0.48576  0.95510
    100   2.54577  5.98885  3.33372  2.61292  4.63988  3.14187  3.62468  3.88518  2.10100  3.10515  4.27610  3.28058  2.11880  2.99473  1.98790  2.45609  3.29285  3.54818  3.83934  4.51241    100 r - - -
          2.68618  4.42225  2.77519  2.73123  3.46354  2.40513  3.72494  3.29354  2.67741  2.69355  4.24690  2.90347  2.73739  3.18146  2.89801  2.37887  2.77519  2.98518  4.58477  3.61503
          0.00552  6.10672  5.72115  0.61958  0.77255  0.48576  0.95510
    101   2.61290  5.99446  2.63564  2.56617  3.50685  3.37871  3.01625  4.11539  2.48546  3.78451  4.71423  2.29704  2.76525  2.88620  2.13543  2.72780  3.00859  3.87261  4.97967  2.96771    101 r - - -
          2.68618  4.42225  2.77519  2.73123  3.46354  2.40513  3.72494  3.29354  2.67741  2.69355  4.24690  2.90347  2.73739  3.18146  2.89801  2.37887  2.77519  2.98518  4.58477  3.61503
          0.00332  6.10453  6.82687  0.61958  0.77255  0.50430  0.92616
    102   3.34472  0.74966  3.78430  3.65990  4.22518  4.23810  1.91092  3.48700  3.85270  3.46998  4.25946  3.56728  4.92504  4.15053  4.19761  3.79362  3.66555  3.28367  5.84454  4.20602    102 c - - -
          2.68618  4.42225  2.77519  2.73123  3.46354  2.40513  3.72494  3.29354  2.67741  2.69355  4.24690  2.90347  2.73739  3.18146  2.89801  2.37887  2.77519  2.98518  4.58477  3.61503
          0.00332  6.10453  6.82687  0.61958  0.77255  0.50430  0.92616
    103   4.83921  7.53851  3.36734  3.71669  6.71129  4.86115  0.79856  6.44538  4.48815  5.83566  6.78434  0.89483  5.55769  4.42808  4.39637  4.65109  5.15424  5.97373  7.85344  6.27253    103 h - - -
          2.68618  4.42225  2.77519  2.73123  3.46354  2.40513  3.72494  3.29354  2.67741  2.69355  4.24690  2.90347  2.73739  3.18146  2.89801  2.37887  2.77519  2.98518  4.58477  3.61503
          0.01722  6.10453  4.21029  0.61958  0.77255  0.50430  0.92616
    104   2.60840  5.98007  2.69642  2.85891  4.91258  3.11081  3.08999  3.97007  2.64095  2.61259  4.03813  2.61974  4.43181  2.74060  1.84034  2.21872  2.94326  3.44781  5.73817  4.13563    104 r - - -
          2.68618  4.42225  2.77519  2.73123  3.46354  2.40513  3.72494  3.29354  2.67741  2.69355  4.24690  2.90347  2.73739  3.18146  2.89801  2.37887  2.77519  2.98518  4.58477  3.61503
          0.00509  6.09067  5.87490  0.61958  0.77255  0.61309  0.78018
    105   2.67733  4.84759  3.17979  2.56786  4.15902  3.17428  3.56457  3.62816  2.21698  2.20445  3.67918  3.07116  4.52815  2.64118  2.25770  2.39144  2.96648  2.91513  5.65176  4.22862    105 l - - -
          2.68618  4.42225  2.77519  2.73123  3.46354  2.40513  3.72494  3.29354  2.67741  2.69355  4.24690  2.90347  2.73739  3.18146  2.89801  2.37887  2.77519  2.98518  4.58477  3.61503
          0.00756  6.08896  5.24614  0.61958  0.77255  0.45144  1.01255
    106   2.96235  5.87038  3.65689  2.71520  4.97938  4.18530  3.94908  2.90104  0.91589  2.88814  3.91987  3.45193  4.67471  3.38934  2.80768  3.30003  3.04222  2.93865  6.33396  4.95513    106 k - - -
          2.68618  4.42225  2.77519  2.73123  3.46354  2.40513  3.72494  3.29354  2.67741  2.69355  4.24690  2.90347  2.73739  3.18146  2.89801  2.37887  2.77519  2.98518  4.58477  3.61503
          0.01715  6.09872  4.21603  0.61958  0.77255  0.49633  0.93843
    107   2.77772  4.74223  3.08999  2.75146  5.33102  2.20369  1.53268  4.81754  2.60972  4.09315  5.02562  3.10677  3.80698  3.21288  3.07169  2.35891  2.22703  4.26706  6.41738  4.41404    107 h - - -
          2.68618  4.42225  2.77519  2.73123  3.46354  2.40513  3.72494  3.29354  2.67741  2.69355  4.24690  2.90347  2.73739  3.18146  2.89801  2.37887  2.77519  2.98518  4.58477  3.61503
          0.01328  6.08914  4.51683  0.61958  0.77255  0.45216  1.01129
    108   2.15589  5.27385  2.10416  2.76814  3.74823  3.13751  3.12223  4.68306  2.65211  3.94514  4.53030  2.01614  4.30336  2.94002  2.51873  2.32966  2.82218  3.80750  6.39231  4.36922    108 n - - -
          2.68618  4.42225  2.77519  2.73123  3.46354  2.40513  3.72494  3.29354  2.67741  2.69355  4.24690  2.90347  2.73739  3.18146  2.89801  2.37887  2.77519  2.98518  4.58477  3.61503
          0.05269  6.09310  3.01464  0.61958  0.77255  0.54082  0.87292
    109   2.86516  5.39586  3.08836  2.63385  3.97331  3.73167  3.58391  4.11780  2.04461  3.21981  3.97823  3.17401  4.42923  2.75011  1.54342  2.79669  2.42887  3.70994  4.52552  3.49312    109 r - - -
          2.68618  4.42225  2.77519  2.73123  3.46354  2.40513  3.72494  3.29354  2.67741  2.69355  4.24690  2.90347  2.73739  3.18146  2.89801  2.37887  2.77519  2.98518  4.58477  3.61503
          0.09028  6.04193  2.47761  0.61958  0.77255  0.58932  0.80902
    110   2.91342  4.27169  2.90598  2.20348  3.20653  3.86108  3.77707  2.77582  2.68094  2.85827  3.96069  3.21910  3.81687  3.08038  2.72915  2.92298  1.85280  2.85124  5.27177  3.56452    110 t - - -
          2.68618  4.42225  2.77519  2.73123  3.46354  2.40513  3.72494  3.29354  2.67741  2.69355  4.24690  2.90347  2.73739  3.18146  2.89801  2.37887  2.77519  2.98518  4.58477  3.61503
          0.05402  5.98353  2.99442  0.61958  0.77255  0.68766  0.69866
    111   2.73422  5.80357  3.17302  2.59357  4.41497  3.28560  4.39378  3.52017  2.81162  2.74481  4.85641  3.68889  1.17527  3.11251  2.90666  2.78725  3.04874  3.33526  5.60614  4.54411    111 p - - -
          2.68618  4.42225  2.77519  2.73123  3.46354  2.40513  3.72494  3.29354  2.67741  2.69355  4.24690  2.90347  2.73739  3.18146  2.89801  2.37887  2.77519  2.98518  4.58477  3.61503
          0.09754  5.98232  2.40336  0.61958  0.77255  0.87450  0.53969
    112   2.37765  5.11137  2.72692  2.11673  4.61457  2.83696  3.31353  4.15122  2.56690  3.38624  4.29964  2.55737  3.95035  2.73644  2.40651  2.56988  2.23486  3.65140  6.30305  4.89165    112 e - - -
          2.68618  4.42225  2.77519  2.73123  3.46354  2.40513  3.72494  3.29354  2.67741  2.69355  4.24690  2.90347  2.73739  3.18146  2.89801  2.37887  2.77519  2.98518  4.58477  3.61503
          0.25644  5.91563  1.49835  0.61958  0.77255  1.13283  0.38878
    113   2.42690  5.29697  2.85467  1.81594  3.97850  3.01180  3.37267  3.56863  2.43927  3.37948  4.29819  2.92980  3.51235  2.51546  2.35020  2.61115  3.17510  3.59473  6.16534  4.07978    113 e - - -
          2.68618  4.42225  2.77519  2.73123  3.46354  2.40513  3.72494  3.29354  2.67741  2.69355  4.24690  2.90347  2.73739  3.18146  2.89801  2.37887  2.77519  2.98518  4.58477  3.61503
          0.04314  5.69402  3.24789  0.61958  0.77255  1.78182  0.18432
    114   2.06027  5.01181  2.70147  2.50996  3.14063  3.43823  3.54838  3.59099  2.56281  3.19243  4.03935  3.22892  3.50559  2.96286  2.62044  2.51418  2.35924  3.35718  3.79337  3.76323    114 a - - -
          2.68618  4.42225  2.77519  2.73123  3.46354  2.40513  3.72494  3.29354  2.67741  2.69355  4.24690  2.90347  2.73739  3.18146  2.89801  2.37887  2.77519  2.98518  4.58477  3.61503
          0.28434  5.65444  1.41063  0.61958  0.77255  0.99089  0.46401
    115   2.62149  4.17039  3.73591  3.40904  3.40785  3.96712  3.74592  2.05960  3.29234  1.56471  3.62442  3.74828  4.64936  3.77270  2.99702  2.69652  2.72754  2.26962  4.15128  3.87146    115 l - - -
          2.68618  4.42225  2.77519  2.73123  3.46354  2.40513  3.72494  3.29354  2.67741  2.69355  4.24690  2.90347  2.73739  3.18146  2.89801  2.37887  2.77519  2.98518  4.58477  3.61503
          0.01173  5.56922  4.84792  0.61958  0.77255  1.97808  0.14889
    116   2.59346  5.58038  2.91018  2.44331  3.69384  3.30073  3.70503  3.34670  2.44980  3.38563  4.21585  3.01559  4.02808  2.90149  2.26221  2.59967  2.07840  2.76928  5.42883  3.46548    116 t - - -
          2.68618  4.42225  2.77519  2.73123  3.46354  2.40513  3.72494  3.29354  2.67741  2.69355  4.24690  2.90347  2.73739  3.18146  2.89801  2.37887  2.77519  2.98518  4.58477  3.61503
          0.20421  5.53451  1.71060  0.61958  0.77255  0.93623  0.49775
    117   2.62387  5.04249  2.76046  2.57290  4.74936  3.14025  3.03083  3.47634  2.32636  3.03623  4.24445  2.46753  3.18552  2.74398  2.39700  2.59874  2.76298  3.19324  5.28028  3.67879    117 k - - -
          2.68618  4.42225  2.77519  2.73123  3.46354  2.40513  3.72494  3.29354  2.67741  2.69355  4.24690  2.90347  2.73739  3.18146  2.89801  2.37887  2.77519  2.98518  4.58477  3.61503
          0.01362  5.59101  4.62591  0.61958  0.77255  1.14007  0.38537
    118   2.86504  5.28005  3.22556  2.77997  4.54700  3.69430  4.10908  4.20188  2.75005  3.62898  4.66087  3.36322  0.81828  3.25457  3.23028  3.15949  3.39257  3.74917  5.00392  4.70002    118 p - - -
          2.68618  4.42225  2.77519  2.73123  3.46354  2.40513  3.72494  3.29354  2.67741  2.69355  4.24690  2.90347  2.73739  3.18146  2.89801  2.37887  2.77519  2.98518  4.58477  3.61503
          0.00663  5.71748  5.70853  0.61958  0.77255  1.74168  0.19264
    119   2.37718  4.22524  3.19586  2.81162  3.24501  3.32351  3.54473  3.74785  2.16357  2.92419  4.23801  3.14070  3.80505  3.11031  1.96557  2.72555  2.65302  3.13533  5.24891  3.07546    119 r - - -
          2.68618  4.42225  2.77519  2.73123  3.46354  2.40513  3.72494  3.29354  2.67741  2.69355  4.24690  2.90347  2.73739  3.18146  2.89801  2.37887  2.77519  2.98518  4.58477  3.61503
          0.00330  5.71416        *  0.61958  0.77255  0.00000        *
//
