HMMER3/f [3.2.1 | June 2018]
NAME  THOERIS_ThsB
LENG  158
ALPH  amino
RF    no
MM    no
CONS  yes
CS    no
MAP   yes
DATE  Fri Jun 18 18:44:32 2021
NSEQ  500
EFFN  11.432648
CKSUM 1952181208
STATS LOCAL MSV      -10.1085  0.70859
STATS LOCAL VITERBI  -10.8733  0.70859
STATS LOCAL FORWARD   -4.3085  0.70859
HMM          A        C        D        E        F        G        H        I        K        L        M        N        P        Q        R        S        T        V        W        Y   
            m->m     m->i     m->d     i->m     i->i     d->m     d->d
  COMPO   2.48407  4.54624  2.82835  2.55163  3.33862  3.19093  3.79056  2.71371  2.68294  2.39184  3.68203  3.15427  3.41811  3.11992  2.82334  2.59730  2.97388  2.69832  4.14236  3.48539
          2.68618  4.42225  2.77519  2.73123  3.46354  2.40513  3.72494  3.29354  2.67741  2.69355  4.24690  2.90347  2.73739  3.18146  2.89801  2.37887  2.77519  2.98518  4.58477  3.61503
          0.08747  6.08700  2.50737  0.61958  0.77255  0.00000        *
      1   4.75481  6.49497  7.30948  6.77244  3.90407  6.73859  6.96318  3.67760  6.62261  2.35950  0.21321  6.99080  6.64302  6.30267  6.46741  6.21542  5.54381  3.87799  6.72434  5.71563      1 M - - -
          2.68618  4.42225  2.77519  2.73123  3.46354  2.40513  3.72494  3.29354  2.67741  2.69355  4.24690  2.90347  2.73739  3.18146  2.89801  2.37887  2.77519  2.98518  4.58477  3.61503
          0.07498  6.00321  2.66261  0.61958  0.77255  0.99985  0.45876
      2   1.82796  5.48578  3.16108  2.58045  5.22229  2.82692  4.04128  3.66015  2.59781  3.43018  4.91887  2.71414  2.94148  3.02703  2.93048  2.01905  2.30177  3.49725  6.31116  4.69566      2 a - - -
          2.68618  4.42225  2.77519  2.73123  3.46354  2.40513  3.72494  3.29354  2.67741  2.69355  4.24690  2.90347  2.73739  3.18146  2.89801  2.37887  2.77519  2.98518  4.58477  3.61503
          0.23427  5.93218  1.57890  0.61958  0.77255  1.20865  0.35468
      3   2.56199  4.78810  2.45084  2.36932  3.86316  3.36960  3.81563  3.20956  2.21284  3.07494  3.74339  2.93922  3.70201  2.69631  2.69598  2.37510  2.88934  3.32728  6.15989  3.25542      3 k - - -
          2.68618  4.42225  2.77519  2.73123  3.46354  2.40513  3.72494  3.29354  2.67741  2.69355  4.24690  2.90347  2.73739  3.18146  2.89801  2.37887  2.77519  2.98518  4.58477  3.61503
          0.05128  5.71014  3.06450  0.61958  0.77255  1.73824  0.19338
      4   2.52574  4.32043  2.64593  2.47248  3.55302  3.02586  3.70046  3.26677  2.35575  3.11549  4.33065  2.84655  3.15143  2.79216  2.59638  2.51835  2.62126  3.11177  5.58368  3.87247      4 k - - -
          2.68618  4.42225  2.77519  2.73123  3.46354  2.40513  3.72494  3.29354  2.67741  2.69355  4.24690  2.90347  2.73739  3.18146  2.89801  2.37887  2.77519  2.98518  4.58477  3.61503
          0.23671  5.66807  1.57348  0.61958  0.77255  0.62667  0.76436
      5   2.92279  5.08810  3.84446  3.41418  2.61009  3.99288  3.03501  3.11487  2.60708  2.87323  3.50427  3.47609  3.26552  3.63321  2.33744  3.15381  3.18316  2.90471  3.79071  1.67462      5 y - - -
          2.68618  4.42225  2.77519  2.73123  3.46354  2.40513  3.72494  3.29354  2.67741  2.69355  4.24690  2.90347  2.73739  3.18146  2.89801  2.37887  2.77519  2.98518  4.58477  3.61503
          0.04448  5.72417  3.21294  0.61958  0.77255  0.26403  1.46081
      6   3.12122  5.92975  1.55111  2.67634  5.27613  3.70336  3.71457  4.47965  1.79945  4.00605  4.97006  2.49958  4.36964  2.85325  2.17553  2.82837  2.81178  3.86018  6.36164  4.77487      6 d - - -
          2.68618  4.42225  2.77519  2.73123  3.46354  2.40513  3.72494  3.29354  2.67741  2.69355  4.24690  2.90347  2.73739  3.18146  2.89801  2.37887  2.77519  2.98518  4.58477  3.61503
          0.00626  6.00445  5.58063  0.61958  0.77255  0.45891  0.99960
      7   2.37716  4.40169  5.79829  5.19994  2.80931  5.02517  5.39260  1.43494  4.99882  2.26770  4.04724  5.19228  5.37376  5.13904  5.01528  4.34805  2.87676  1.06373  5.87044  4.69008      7 v - - -
          2.68618  4.42225  2.77519  2.73123  3.46354  2.40513  3.72494  3.29354  2.67741  2.69355  4.24690  2.90347  2.73739  3.18146  2.89801  2.37887  2.77519  2.98518  4.58477  3.61503
          0.00348  6.05703  6.77938  0.61958  0.77255  0.61083  0.78286
      8   3.13280  4.58657  5.56043  4.95857  0.43241  4.81411  4.48562  3.31300  4.75083  3.06969  4.15358  4.94885  5.17710  4.88372  4.42972  4.12557  3.74448  3.04941  5.54247  3.31060      8 F - - -
          2.68618  4.42225  2.77519  2.73123  3.46354  2.40513  3.72494  3.29354  2.67741  2.69355  4.24690  2.90347  2.73739  3.18146  2.89801  2.37887  2.77519  2.98518  4.58477  3.61503
          0.00346  6.06461  6.78695  0.61958  0.77255  0.62798  0.76285
      9   3.80123  5.23845  5.87748  5.26850  3.07727  5.09550  5.43214  0.89366  5.06101  1.40877  3.97879  5.26368  5.42390  5.16226  5.05853  4.41621  4.01505  1.92406  5.40152  3.61740      9 i - - -
          2.68618  4.42225  2.77519  2.73123  3.46354  2.40513  3.72494  3.29354  2.67741  2.69355  4.24690  2.90347  2.73739  3.18146  2.89801  2.37887  2.77519  2.98518  4.58477  3.61503
          0.00562  6.06672  5.71680  0.61958  0.77255  0.51860  0.90474
     10   3.09708  3.20376  4.77628  5.17101  6.08852  3.96682  6.08910  5.53799  5.16522  4.39675  6.00395  3.57886  5.32377  5.39469  5.42535  0.25181  3.77124  4.88051  7.43520  6.27984     10 S - - -
          2.68618  4.42225  2.77519  2.73123  3.46354  2.40513  3.72494  3.29354  2.67741  2.69355  4.24690  2.90347  2.73739  3.18146  2.89801  2.37887  2.77519  2.98518  4.58477  3.61503
          0.01764  6.07430  4.18723  0.61958  0.77255  0.56732  0.83712
     11   5.34923  4.86215  6.61710  5.26982  1.89941  6.12765  1.56482  5.05878  6.15713  4.46041  5.09658  5.83404  6.41627  5.95179  6.02405  5.02921  5.56024  4.43281  3.64844  0.62355     11 Y - - -
          2.68618  4.42225  2.77519  2.73123  3.46354  2.40513  3.72494  3.29354  2.67741  2.69355  4.24690  2.90347  2.73739  3.18146  2.89801  2.37887  2.77519  2.98518  4.58477  3.61503
          0.00491  6.06156  5.96646  0.61958  0.77255  0.52384  0.89708
     12   1.57836  4.66453  3.37471  3.05564  4.99845  3.77228  3.06856  4.60468  2.34332  4.01891  5.00556  3.15980  4.47562  3.40151  2.35663  1.47422  3.02801  3.80566  6.39884  4.35344     12 s - - -
          2.68618  4.42225  2.77519  2.73123  3.46354  2.40513  3.72494  3.29354  2.67741  2.69355  4.24690  2.90347  2.73739  3.18146  2.89801  2.37887  2.77519  2.98518  4.58477  3.61503
          0.02126  6.07251  3.97738  0.61958  0.77255  0.57095  0.83238
     13   2.96113  5.94853  3.44165  2.77996  4.24634  2.70612  2.00054  4.30014  2.70277  4.16302  4.43891  3.34902  4.09649  3.17240  2.04482  1.92719  2.94649  3.95087  3.19579  3.08047     13 s - - -
          2.68618  4.42225  2.77519  2.73123  3.46354  2.40513  3.72494  3.29354  2.67741  2.69355  4.24690  2.90347  2.73739  3.18146  2.89801  2.37887  2.77519  2.98518  4.58477  3.61503
          0.03450  6.05693  3.45557  0.61958  0.77255  0.52289  0.89846
     14   2.22741  5.95433  2.60625  1.61397  5.06064  3.45514  4.10922  4.31501  1.83068  3.59329  4.80026  3.34772  3.88231  2.73218  2.76342  2.49879  2.82990  3.95184  6.38626  4.97454     14 e - - -
          2.68618  4.42225  2.77519  2.73123  3.46354  2.40513  3.72494  3.29354  2.67741  2.69355  4.24690  2.90347  2.73739  3.18146  2.89801  2.37887  2.77519  2.98518  4.58477  3.61503
          0.00354  6.04172  6.76406  0.61958  0.77255  0.42641  1.05799
     15   3.42593  6.00174  0.62613  2.58026  4.44308  4.11285  3.99089  4.82731  3.12500  4.30515  5.04435  2.80508  4.41436  3.40603  3.28267  3.35054  3.60381  4.16495  6.43602  4.31418     15 D - - -
          2.68618  4.42225  2.77519  2.73123  3.46354  2.40513  3.72494  3.29354  2.67741  2.69355  4.24690  2.90347  2.73739  3.18146  2.89801  2.37887  2.77519  2.98518  4.58477  3.61503
          0.04294  6.07607  3.22560  0.61958  0.77255  0.57277  0.83002
     16   2.57130  5.38178  3.08025  2.11761  4.67035  3.44123  3.86748  3.59007  1.77121  3.40150  4.27332  3.24165  4.03653  2.55544  2.03241  2.40356  3.11331  3.31071  6.38143  4.97026     16 k - - -
          2.68618  4.42225  2.77519  2.73123  3.46354  2.40513  3.72494  3.29354  2.67741  2.69355  4.24690  2.90347  2.73739  3.18146  2.89801  2.37887  2.77519  2.98518  4.58477  3.61503
          0.03980  6.03669  3.30704  0.61958  0.77255  0.50513  0.92489
     17   2.23576  5.03158  2.27724  1.81587  4.59948  3.22344  3.38933  4.36188  2.29965  3.74022  4.67181  3.19115  3.13346  2.73118  2.77122  2.53760  3.05036  3.75065  4.11908  4.34583     17 e - - -
          2.68618  4.42225  2.77519  2.73123  3.46354  2.40513  3.72494  3.29354  2.67741  2.69355  4.24690  2.90347  2.73739  3.18146  2.89801  2.37887  2.77519  2.98518  4.58477  3.61503
          0.03335  6.03086  3.49330  0.61958  0.77255  0.48768  0.95204
     18   2.62049  4.80584  4.19204  3.42891  2.44120  4.31906  3.67220  2.37712  3.67069  2.00699  3.78387  4.65778  4.84164  3.55648  2.97326  3.40457  3.11720  2.13102  2.46416  2.38634     18 l - - -
          2.68618  4.42225  2.77519  2.73123  3.46354  2.40513  3.72494  3.29354  2.67741  2.69355  4.24690  2.90347  2.73739  3.18146  2.89801  2.37887  2.77519  2.98518  4.58477  3.61503
          0.00499  6.03692  5.95691  0.61958  0.77255  0.45029  1.01457
     19   1.14409  4.46881  5.40548  4.58333  3.60314  3.84790  5.05480  2.78740  3.32247  2.51194  3.93194  4.84626  5.09343  4.43136  3.16418  3.83000  3.31056  1.42249  4.96678  3.59052     19 a - - -
          2.68618  4.42225  2.77519  2.73123  3.46354  2.40513  3.72494  3.29354  2.67741  2.69355  4.24690  2.90347  2.73739  3.18146  2.89801  2.37887  2.77519  2.98518  4.58477  3.61503
          0.00344  6.07046  6.79280  0.61958  0.77255  0.61436  0.77868
     20   2.65080  5.97177  2.18547  1.98812  4.39020  3.38220  3.99142  3.78974  2.22261  2.97308  4.39110  2.64694  4.15621  2.70143  2.24655  2.68499  3.06391  3.83333  4.98748  4.17469     20 e - - -
          2.68618  4.42225  2.77519  2.73123  3.46354  2.40513  3.72494  3.29354  2.67741  2.69355  4.24690  2.90347  2.73739  3.18146  2.89801  2.37887  2.77519  2.98518  4.58477  3.61503
          0.00344  6.07046  6.79280  0.61958  0.77255  0.61436  0.77868
     21   2.44646  5.48186  2.97566  2.13231  4.42058  3.35160  3.94228  3.80683  2.32615  2.64219  4.19807  3.21984  3.18275  2.60406  2.20483  2.99806  3.18369  3.44454  2.73615  4.31588     21 e - - -
          2.68618  4.42225  2.77519  2.73123  3.46354  2.40513  3.72494  3.29354  2.67741  2.69355  4.24690  2.90347  2.73739  3.18146  2.89801  2.37887  2.77519  2.98518  4.58477  3.61503
          0.00344  6.07046  6.79280  0.61958  0.77255  0.55018  0.86002
     22   3.29271  4.40764  5.19347  4.63996  2.65949  4.75438  5.08879  1.69884  4.72635  0.92692  3.33987  4.92125  5.11784  4.85497  4.51526  3.90286  3.53894  2.07458  5.57848  4.06889     22 l - - -
          2.68618  4.42225  2.77519  2.73123  3.46354  2.40513  3.72494  3.29354  2.67741  2.69355  4.24690  2.90347  2.73739  3.18146  2.89801  2.37887  2.77519  2.98518  4.58477  3.61503
          0.00342  6.07540  6.79775  0.61958  0.77255  0.57784  0.82350
     23   1.80202  3.94525  3.15748  2.57178  3.86446  3.43719  2.97671  2.84211  2.58316  3.23975  3.95223  3.60138  4.49871  2.70160  2.52717  3.07164  3.24298  2.67061  5.48811  2.87684     23 a - - -
          2.68618  4.42225  2.77519  2.73123  3.46354  2.40513  3.72494  3.29354  2.67741  2.69355  4.24690  2.90347  2.73739  3.18146  2.89801  2.37887  2.77519  2.98518  4.58477  3.61503
          0.00342  6.07540  6.79775  0.61958  0.77255  0.55318  0.85595
     24   2.49323  5.97773  2.15424  1.91902  4.60840  3.09223  3.75073  4.13482  2.27724  3.98051  4.67079  2.43184  3.92528  2.64047  2.47623  2.87217  3.18024  3.50686  3.94989  4.12277     24 e - - -
          2.68618  4.42225  2.77519  2.73123  3.46354  2.40513  3.72494  3.29354  2.67741  2.69355  4.24690  2.90347  2.73739  3.18146  2.89801  2.37887  2.77519  2.98518  4.58477  3.61503
          0.00341  6.07726  6.79961  0.61958  0.77255  0.56373  0.84184
     25   2.17214  5.04995  2.93903  2.61995  3.46011  3.61382  2.60522  3.53459  2.45395  2.50967  3.81138  3.47571  4.66100  2.58347  2.59334  2.86176  3.15221  3.27818  3.21588  3.36060     25 a - - -
          2.68618  4.42225  2.77519  2.73123  3.46354  2.40513  3.72494  3.29354  2.67741  2.69355  4.24690  2.90347  2.73739  3.18146  2.89801  2.37887  2.77519  2.98518  4.58477  3.61503
          0.01702  6.07726  4.22807  0.61958  0.77255  0.48540  0.95569
     26   3.20493  4.61100  5.54479  4.92924  2.79084  3.79106  5.08179  2.84987  3.80420  0.55059  3.07824  4.91144  5.11169  4.57782  4.72066  4.05958  3.71741  3.15256  4.35994  4.14922     26 L - - -
          2.68618  4.42225  2.77519  2.73123  3.46354  2.40513  3.72494  3.29354  2.67741  2.69355  4.24690  2.90347  2.73739  3.18146  2.89801  2.37887  2.77519  2.98518  4.58477  3.61503
          0.04384  6.06982  3.20447  0.61958  0.77255  0.47827  0.96720
     27   2.76737  5.15616  3.08486  1.56061  5.30025  3.82886  3.57249  4.19910  1.97458  3.89257  4.40200  2.93754  4.23470  2.38497  2.21965  2.75297  2.64351  3.84199  6.38590  4.80675     27 e - - -
          2.68618  4.42225  2.77519  2.73123  3.46354  2.40513  3.72494  3.29354  2.67741  2.69355  4.24690  2.90347  2.73739  3.18146  2.89801  2.37887  2.77519  2.98518  4.58477  3.61503
          0.00878  6.04126  5.05760  0.61958  0.77255  0.66016  0.72726
     28   2.20929  5.95852  2.61344  2.08855  5.04484  2.91853  3.05900  4.33545  2.27950  3.67024  4.81246  2.53727  4.03771  2.88599  2.23787  2.45314  2.95574  3.82780  6.39043  4.31498     28 e - - -
          2.68618  4.42225  2.77519  2.73123  3.46354  2.40513  3.72494  3.29354  2.67741  2.69355  4.24690  2.90347  2.73739  3.18146  2.89801  2.37887  2.77519  2.98518  4.58477  3.61503
          0.09004  6.04790  2.47999  0.61958  0.77255  0.64912  0.73921
     29   2.03766  4.99147  2.62851  2.26411  4.24712  3.91719  2.86539  4.06379  2.30989  2.82426  3.80322  2.58770  4.20212  2.87891  2.39320  2.62283  3.28438  3.63748  6.33544  3.83270     29 a - - -
          2.68618  4.42225  2.77519  2.73123  3.46354  2.40513  3.72494  3.29354  2.67741  2.69355  4.24690  2.90347  2.73739  3.18146  2.89801  2.37887  2.77519  2.98518  4.58477  3.61503
          0.04325  5.97178  3.22448  0.61958  0.77255  0.43213  1.04732
     30   3.04898  5.52809  2.90561  2.81039  5.27997  0.85574  4.03293  4.76585  2.69141  4.12704  4.72343  2.44546  4.39517  3.13369  3.17646  3.11292  3.45236  4.32559  6.36773  4.68583     30 g - - -
          2.68618  4.42225  2.77519  2.73123  3.46354  2.40513  3.72494  3.29354  2.67741  2.69355  4.24690  2.90347  2.73739  3.18146  2.89801  2.37887  2.77519  2.98518  4.58477  3.61503
          0.13132  6.01607  2.11511  0.61958  0.77255  0.45094  1.01343
     31   2.81894  4.10319  4.48913  4.65645  2.26648  4.65428  3.41320  1.59275  4.48173  1.90285  3.63382  4.60456  4.04824  4.74978  4.26814  3.53404  3.50956  1.90814  4.84931  2.28963     31 i - - -
          2.68618  4.42225  2.77519  2.73123  3.46354  2.40513  3.72494  3.29354  2.67741  2.69355  4.24690  2.90347  2.73739  3.18146  2.89801  2.37887  2.77519  2.98518  4.58477  3.61503
          0.05480  5.94371  2.98179  0.61958  0.77255  0.37015  1.17323
     32   2.92839  5.93235  2.12200  2.36782  3.46215  3.86726  3.79747  4.56038  2.15522  3.55518  4.97270  2.66654  3.19677  3.06581  2.02675  2.21016  2.69309  3.96645  6.36433  4.95268     32 r - - -
          2.68618  4.42225  2.77519  2.73123  3.46354  2.40513  3.72494  3.29354  2.67741  2.69355  4.24690  2.90347  2.73739  3.18146  2.89801  2.37887  2.77519  2.98518  4.58477  3.61503
          0.00790  6.00892  5.21901  0.61958  0.77255  0.30829  1.32691
     33   2.88800  3.52331  3.94349  3.46205  3.70903  3.62538  4.24127  2.13654  3.90421  2.58465  4.11118  3.50379  2.77969  4.09669  4.12699  3.06077  2.72955  1.20000  5.70169  3.61299     33 v - - -
          2.68618  4.42225  2.77519  2.73123  3.46354  2.40513  3.72494  3.29354  2.67741  2.69355  4.24690  2.90347  2.73739  3.18146  2.89801  2.37887  2.77519  2.98518  4.58477  3.61503
          0.00341  6.07742  6.79976  0.61958  0.77255  0.56252  0.84343
     34   3.38415  4.96614  5.47815  4.41453  1.35742  4.74299  4.03840  2.80236  3.85431  2.66272  3.83020  4.71372  4.84131  4.41025  3.97161  3.81184  3.37391  2.65312  1.44642  2.57970     34 f - - -
          2.68618  4.42225  2.77519  2.73123  3.46354  2.40513  3.72494  3.29354  2.67741  2.69355  4.24690  2.90347  2.73739  3.18146  2.89801  2.37887  2.77519  2.98518  4.58477  3.61503
          0.00341  6.07742  6.79976  0.61958  0.77255  0.56252  0.84343
     35   3.41856  4.04960  4.10966  3.78742  2.34500  4.30556  3.52976  2.10683  3.67718  1.87533  3.24567  3.90416  4.77536  3.76848  2.45187  3.40091  3.29453  2.31948  3.90570  2.24211     35 l - - -
          2.68618  4.42225  2.77519  2.73123  3.46354  2.40513  3.72494  3.29354  2.67741  2.69355  4.24690  2.90347  2.73739  3.18146  2.89801  2.37887  2.77519  2.98518  4.58477  3.61503
          0.00341  6.07742  6.79976  0.61958  0.77255  0.56252  0.84343
     36   2.53460  5.23059  0.77594  3.01581  4.68076  4.05237  4.11101  4.79198  3.06719  4.27099  4.82245  2.92600  4.18065  3.01261  3.41741  2.62802  3.41330  4.17999  6.40223  4.32724     36 d - - -
          2.68618  4.42225  2.77519  2.73123  3.46354  2.40513  3.72494  3.29354  2.67741  2.69355  4.24690  2.90347  2.73739  3.18146  2.89801  2.37887  2.77519  2.98518  4.58477  3.61503
          0.00527  6.07742  5.82338  0.61958  0.77255  0.56252  0.84343
     37   2.36456  4.78739  3.37868  2.16102  4.08039  3.14150  3.50609  3.48749  2.26777  3.46790  4.33452  3.09032  3.43706  2.81555  2.20934  2.43504  2.96642  3.23532  3.56813  3.65346     37 e - - -
          2.68618  4.42225  2.77519  2.73123  3.46354  2.40513  3.72494  3.29354  2.67741  2.69355  4.24690  2.90347  2.73739  3.18146  2.89801  2.37887  2.77519  2.98518  4.58477  3.61503
          0.34253  6.07557  1.24575  0.61958  0.77255  0.51886  0.90436
     38   2.86562  5.76393  2.47011  1.90874  4.04646  3.08368  3.30934  4.03444  2.21507  3.73413  4.36241  2.95521  3.97098  2.84947  2.63185  2.02471  2.85077  3.70900  4.82871  3.87770     38 e - - -
          2.68618  4.42225  2.77519  2.73123  3.46354  2.40513  3.72494  3.29354  2.67741  2.69355  4.24690  2.90347  2.73739  3.18146  2.89801  2.37887  2.77519  2.98518  4.58477  3.61503
          0.04443  5.74402  3.21252  0.61958  0.77255  0.19650  1.72373
     39   3.05315  5.36384  1.37054  1.96262  5.29354  3.00727  3.60276  4.64452  2.51274  3.92106  4.63477  3.03309  3.96338  2.77478  3.10569  2.35433  2.88785  4.21545  6.37909  4.57350     39 d - - -
          2.68618  4.42225  2.77519  2.73123  3.46354  2.40513  3.72494  3.29354  2.67741  2.69355  4.24690  2.90347  2.73739  3.18146  2.89801  2.37887  2.77519  2.98518  4.58477  3.61503
          0.07757  6.03088  2.62781  0.61958  0.77255  0.34376  1.23477
     40   3.05258  4.90894  4.98325  4.67069  3.01882  4.70485  5.03869  1.14130  4.67207  1.24349  3.03391  4.63058  4.43698  4.80219  4.24102  3.57311  3.76713  2.47383  5.20739  4.24038     40 i - - -
          2.68618  4.42225  2.77519  2.73123  3.46354  2.40513  3.72494  3.29354  2.67741  2.69355  4.24690  2.90347  2.73739  3.18146  2.89801  2.37887  2.77519  2.98518  4.58477  3.61503
          0.16674  6.01245  1.88959  0.61958  0.77255  0.51306  0.91295
     41   2.64926  5.86118  2.50151  2.07024  4.79050  3.13955  4.01043  3.85566  2.20585  3.15930  4.61142  2.89652  2.64150  2.79526  2.36229  2.55558  3.04920  3.11037  6.29345  4.45350     41 e - - -
          2.68618  4.42225  2.77519  2.73123  3.46354  2.40513  3.72494  3.29354  2.67741  2.69355  4.24690  2.90347  2.73739  3.18146  2.89801  2.37887  2.77519  2.98518  4.58477  3.61503
          0.08874  5.90069  2.49889  0.61958  0.77255  0.83362  0.57000
     42   2.01238  5.14732  4.03192  3.33819  3.88262  2.90681  4.43119  2.92025  3.25937  2.50098  4.03065  3.90280  1.50880  3.72310  3.25823  2.91594  2.94308  2.59690  4.26726  3.55194     42 p - - -
          2.68618  4.42225  2.77519  2.73123  3.46354  2.40513  3.72494  3.29354  2.67741  2.69355  4.24690  2.90347  2.73739  3.18146  2.89801  2.37887  2.77519  2.98518  4.58477  3.61503
          0.00680  5.88262  5.52333  0.61958  0.77255  0.32451  1.28330
     43   2.78885  5.94399  2.82727  2.65020  4.69912  0.87720  4.20731  4.76704  2.95882  4.06673  4.98590  3.33391  4.15328  3.36414  3.47165  2.53526  2.84034  4.23237  5.17314  4.97136     43 g - - -
          2.68618  4.42225  2.77519  2.73123  3.46354  2.40513  3.72494  3.29354  2.67741  2.69355  4.24690  2.90347  2.73739  3.18146  2.89801  2.37887  2.77519  2.98518  4.58477  3.61503
          0.02151  6.04566  3.96812  0.61958  0.77255  0.59194  0.80576
     44   2.51322  5.95544  2.05494  1.77237  5.07374  3.17459  3.90684  4.66400  2.43438  3.79833  4.49820  3.27404  3.94726  2.64182  2.91133  2.18155  2.55779  3.35346  6.38739  4.62579     44 e - - -
          2.68618  4.42225  2.77519  2.73123  3.46354  2.40513  3.72494  3.29354  2.67741  2.69355  4.24690  2.90347  2.73739  3.18146  2.89801  2.37887  2.77519  2.98518  4.58477  3.61503
          0.00353  6.04353  6.76587  0.61958  0.77255  0.36884  1.17616
     45   2.71993  5.53352  2.04599  2.19706  4.35520  3.30435  3.55725  4.08484  2.54976  3.48556  4.50286  2.24004  3.28297  2.95847  2.84909  2.27654  2.93349  3.48614  6.41297  3.40546     45 d - - -
          2.68618  4.42225  2.77519  2.73123  3.46354  2.40513  3.72494  3.29354  2.67741  2.69355  4.24690  2.90347  2.73739  3.18146  2.89801  2.37887  2.77519  2.98518  4.58477  3.61503
          0.00339  6.08300  6.80534  0.61958  0.77255  0.51864  0.90468
     46   3.33947  4.96328  5.53731  4.71286  2.18330  4.44235  5.08729  1.88947  3.99027  1.76571  3.89523  4.52686  4.21206  4.50195  3.73266  3.87957  2.87160  2.66087  1.59478  3.16489     46 w - - -
          2.68618  4.42225  2.77519  2.73123  3.46354  2.40513  3.72494  3.29354  2.67741  2.69355  4.24690  2.90347  2.73739  3.18146  2.89801  2.37887  2.77519  2.98518  4.58477  3.61503
          0.00339  6.08300  6.80534  0.61958  0.77255  0.51864  0.90468
     47   2.38790  5.96987  2.67975  2.27480  4.44921  3.48541  3.98456  3.42856  2.10573  3.12827  3.88979  3.33255  3.14260  2.67201  2.40482  2.66887  2.82678  3.05642  4.01579  3.77334     47 k - - -
          2.68618  4.42225  2.77519  2.73123  3.46354  2.40513  3.72494  3.29354  2.67741  2.69355  4.24690  2.90347  2.73739  3.18146  2.89801  2.37887  2.77519  2.98518  4.58477  3.61503
          0.00339  6.08300  6.80534  0.61958  0.77255  0.51864  0.90468
     48   2.27832  5.43553  2.21087  1.84379  4.44330  3.20203  3.81800  4.37196  2.45794  3.65728  4.57979  2.68018  3.49118  2.56950  2.42294  2.66115  2.98461  3.97530  6.41392  4.45970     48 e - - -
          2.68618  4.42225  2.77519  2.73123  3.46354  2.40513  3.72494  3.29354  2.67741  2.69355  4.24690  2.90347  2.73739  3.18146  2.89801  2.37887  2.77519  2.98518  4.58477  3.61503
          0.00339  6.08300  6.80534  0.61958  0.77255  0.51864  0.90468
     49   2.43293  5.58595  3.29480  1.73811  3.41468  3.62069  3.81694  3.74234  2.18442  3.21545  4.34500  3.22055  4.51925  2.91415  2.63947  2.57394  2.97902  2.91893  3.62740  3.20862     49 e - - -
          2.68618  4.42225  2.77519  2.73123  3.46354  2.40513  3.72494  3.29354  2.67741  2.69355  4.24690  2.90347  2.73739  3.18146  2.89801  2.37887  2.77519  2.98518  4.58477  3.61503
          0.00339  6.08300  6.80534  0.61958  0.77255  0.51864  0.90468
     50   3.31814  4.27049  4.96808  4.95137  3.55627  4.76200  5.09641  0.89454  4.55648  1.53619  2.53341  4.92862  5.12530  4.58684  4.73710  4.07393  3.31709  2.59715  5.01359  4.41053     50 i - - -
          2.68618  4.42225  2.77519  2.73123  3.46354  2.40513  3.72494  3.29354  2.67741  2.69355  4.24690  2.90347  2.73739  3.18146  2.89801  2.37887  2.77519  2.98518  4.58477  3.61503
          0.00339  6.08300  6.80534  0.61958  0.77255  0.46574  0.98798
     51   2.64622  5.98213  2.21734  1.94124  3.69076  3.78487  3.82122  4.18487  2.20062  3.14391  4.18184  3.02750  4.40766  2.68105  1.97529  2.65312  3.29423  3.75288  5.12593  4.16855     51 e - - -
          2.68618  4.42225  2.77519  2.73123  3.46354  2.40513  3.72494  3.29354  2.67741  2.69355  4.24690  2.90347  2.73739  3.18146  2.89801  2.37887  2.77519  2.98518  4.58477  3.61503
          0.00338  6.08700  6.80935  0.61958  0.77255  0.48576  0.95510
     52   2.48293  5.98494  2.29865  1.96645  4.77989  3.62867  3.56917  4.81827  1.99901  3.81815  4.40931  2.80905  3.99112  2.31963  2.32568  2.63312  2.88006  4.26927  5.50168  4.42255     52 e - - -
          2.68618  4.42225  2.77519  2.73123  3.46354  2.40513  3.72494  3.29354  2.67741  2.69355  4.24690  2.90347  2.73739  3.18146  2.89801  2.37887  2.77519  2.98518  4.58477  3.61503
          0.02328  6.08700  3.87595  0.61958  0.77255  0.48576  0.95510
     53   1.50552  5.21482  3.51092  2.50324  5.06820  2.07323  3.26331  4.55954  2.58284  3.76958  4.01323  2.89376  4.62599  2.69889  2.39146  3.19288  3.18460  4.04083  6.39862  3.27425     53 a - - -
          2.68618  4.42225  2.77519  2.73123  3.46354  2.40513  3.72494  3.29354  2.67741  2.69355  4.24690  2.90347  2.73739  3.18146  2.89801  2.37887  2.77519  2.98518  4.58477  3.61503
          0.00345  6.06718  6.78952  0.61958  0.77255  0.40125  1.10709
     54   3.00090  4.96383  5.56125  4.94536  3.53391  4.55210  4.84714  1.38196  4.55213  1.02288  2.87107  4.92507  4.74973  4.59752  4.24887  3.83481  3.58669  2.30529  5.58571  4.27946     54 l - - -
          2.68618  4.42225  2.77519  2.73123  3.46354  2.40513  3.72494  3.29354  2.67741  2.69355  4.24690  2.90347  2.73739  3.18146  2.89801  2.37887  2.77519  2.98518  4.58477  3.61503
          0.00338  6.08700  6.80935  0.61958  0.77255  0.48576  0.95510
     55   2.37285  5.22356  2.58444  2.00414  4.50539  3.40339  3.71531  4.18797  2.03441  3.45464  4.21551  2.52139  4.63773  2.81514  2.18388  2.56498  3.11228  3.71803  5.36903  4.05469     55 e - - -
          2.68618  4.42225  2.77519  2.73123  3.46354  2.40513  3.72494  3.29354  2.67741  2.69355  4.24690  2.90347  2.73739  3.18146  2.89801  2.37887  2.77519  2.98518  4.58477  3.61503
          0.00338  6.08607  6.80842  0.61958  0.77255  0.48576  0.95510
     56   2.62605  5.98416  2.31609  2.21677  4.98310  3.00575  3.62906  4.81736  2.36363  3.75188  4.52786  2.21857  4.07833  2.60023  2.35834  2.29470  2.88308  3.87780  4.50245  4.19345     56 e - - -
          2.68618  4.42225  2.77519  2.73123  3.46354  2.40513  3.72494  3.29354  2.67741  2.69355  4.24690  2.90347  2.73739  3.18146  2.89801  2.37887  2.77519  2.98518  4.58477  3.61503
          0.00893  6.08607  5.01766  0.61958  0.77255  0.48576  0.95510
     57   1.61592  2.45279  3.88197  3.37106  4.73082  3.94285  4.59320  3.92854  3.32009  3.77418  4.08381  3.69454  4.50344  3.73052  3.42666  1.18884  2.51009  3.36503  6.06941  4.49098     57 s - - -
          2.68618  4.42225  2.77519  2.73123  3.46354  2.40513  3.72494  3.29354  2.67741  2.69355  4.24690  2.90347  2.73739  3.18146  2.89801  2.37887  2.77519  2.98518  4.58477  3.61503
          0.03731  6.08054  3.37144  0.61958  0.77255  0.45859  1.00015
     58   2.80066  4.87859  1.70737  2.56828  4.85462  3.34447  3.31237  4.54125  2.14599  3.83504  4.83416  3.03670  4.28758  2.93828  2.19673  2.26535  2.53184  3.95026  6.39334  4.98167     58 d - - -
          2.68618  4.42225  2.77519  2.73123  3.46354  2.40513  3.72494  3.29354  2.67741  2.69355  4.24690  2.90347  2.73739  3.18146  2.89801  2.37887  2.77519  2.98518  4.58477  3.61503
          0.00350  6.05247  6.77481  0.61958  0.77255  0.35886  1.19888
     59   2.24474  3.20910  4.26871  4.65151  2.49864  3.73812  3.54601  2.57077  3.50846  2.33632  3.65066  3.65503  4.85349  4.12790  2.90876  3.44888  2.88890  1.68887  4.78884  2.50835     59 v - - -
          2.68618  4.42225  2.77519  2.73123  3.46354  2.40513  3.72494  3.29354  2.67741  2.69355  4.24690  2.90347  2.73739  3.18146  2.89801  2.37887  2.77519  2.98518  4.58477  3.61503
          0.00338  6.08607  6.80842  0.61958  0.77255  0.48576  0.95510
     60   2.96673  3.69062  5.56727  4.95097  1.96959  2.80020  5.09505  2.35159  4.73275  1.71505  2.79291  4.92763  5.12430  4.86135  4.73607  3.84023  2.33527  1.64875  5.58483  4.07499     60 v - - -
          2.68618  4.42225  2.77519  2.73123  3.46354  2.40513  3.72494  3.29354  2.67741  2.69355  4.24690  2.90347  2.73739  3.18146  2.89801  2.37887  2.77519  2.98518  4.58477  3.61503
          0.00338  6.08607  6.80842  0.61958  0.77255  0.48576  0.95510
     61   3.05329  4.07201  5.73682  5.13153  3.70423  4.74517  5.30454  1.24882  4.92362  1.39665  3.66668  5.11747  5.30423  5.05882  4.93453  4.10312  3.86470  1.40161  5.78634  4.60814     61 i - - -
          2.68618  4.42225  2.77519  2.73123  3.46354  2.40513  3.72494  3.29354  2.67741  2.69355  4.24690  2.90347  2.73739  3.18146  2.89801  2.37887  2.77519  2.98518  4.58477  3.61503
          0.00338  6.08877  6.81112  0.61958  0.77255  0.48576  0.95510
     62   1.87961  3.51613  5.56744  4.95114  2.63587  4.51584  4.84210  2.49851  4.73300  1.74962  3.20308  4.92801  3.47325  4.86168  4.73647  3.82185  3.64110  1.27969  5.58545  3.64881     62 v - - -
          2.68618  4.42225  2.77519  2.73123  3.46354  2.40513  3.72494  3.29354  2.67741  2.69355  4.24690  2.90347  2.73739  3.18146  2.89801  2.37887  2.77519  2.98518  4.58477  3.61503
          0.00338  6.08753  6.80988  0.61958  0.77255  0.48576  0.95510
     63   3.10704  3.38770  5.57534  4.95902  2.56548  4.76748  5.10197  1.72678  4.74052  1.22092  3.15702  4.93499  5.13057  4.86847  4.74313  3.90334  3.82813  1.64889  4.82105  3.75702     63 l - - -
          2.68618  4.42225  2.77519  2.73123  3.46354  2.40513  3.72494  3.29354  2.67741  2.69355  4.24690  2.90347  2.73739  3.18146  2.89801  2.37887  2.77519  2.98518  4.58477  3.61503
          0.00338  6.08753  6.80988  0.61958  0.77255  0.48576  0.95510
     64   2.72857  2.75231  4.63648  4.73402  3.18281  3.96002  4.37174  1.58274  4.73172  1.59452  3.56734  4.72976  5.12459  4.56079  4.73577  3.77343  3.29532  1.68753  3.45231  3.76704     64 i - - -
          2.68618  4.42225  2.77519  2.73123  3.46354  2.40513  3.72494  3.29354  2.67741  2.69355  4.24690  2.90347  2.73739  3.18146  2.89801  2.37887  2.77519  2.98518  4.58477  3.61503
          0.00338  6.08753  6.80988  0.61958  0.77255  0.48576  0.95510
     65   3.54944  5.06907  3.76074  3.58597  5.30240  1.91903  4.58497  4.73356  3.68093  4.33052  4.56309  4.00134  4.90248  4.01833  4.13546  0.81137  1.76793  4.33777  6.55547  5.22972     65 s - - -
          2.68618  4.42225  2.77519  2.73123  3.46354  2.40513  3.72494  3.29354  2.67741  2.69355  4.24690  2.90347  2.73739  3.18146  2.89801  2.37887  2.77519  2.98518  4.58477  3.61503
          0.01284  6.08753  4.55732  0.61958  0.77255  0.48576  0.95510
     66   2.55867  5.56700  2.56250  2.05709  5.32504  3.83768  4.14687  4.46347  2.21878  4.28454  4.51369  3.01653  1.62362  2.80759  2.79425  2.51949  3.04510  3.85407  6.41066  4.82695     66 p - - -
          2.68618  4.42225  2.77519  2.73123  3.46354  2.40513  3.72494  3.29354  2.67741  2.69355  4.24690  2.90347  2.73739  3.18146  2.89801  2.37887  2.77519  2.98518  4.58477  3.61503
          0.00341  6.07810  6.80045  0.61958  0.77255  0.44123  1.03070
     67   2.26976  5.14437  2.24450  2.19946  5.09539  3.31575  3.07124  4.65926  2.44813  3.86306  5.02526  1.95346  3.98722  2.93400  2.89420  2.31189  3.24697  3.97786  4.76817  3.58847     67 n - - -
          2.68618  4.42225  2.77519  2.73123  3.46354  2.40513  3.72494  3.29354  2.67741  2.69355  4.24690  2.90347  2.73739  3.18146  2.89801  2.37887  2.77519  2.98518  4.58477  3.61503
          0.00338  6.08753  6.80988  0.61958  0.77255  0.48576  0.95510
     68   2.33250  4.57067  5.34998  4.43469  2.15413  4.08825  4.68323  3.23594  4.57408  2.87677  3.57803  3.67891  5.09674  4.59664  4.65210  1.89276  1.96573  3.08497  3.23612  1.75256     68 y - - -
          2.68618  4.42225  2.77519  2.73123  3.46354  2.40513  3.72494  3.29354  2.67741  2.69355  4.24690  2.90347  2.73739  3.18146  2.89801  2.37887  2.77519  2.98518  4.58477  3.61503
          0.00338  6.08753  6.80988  0.61958  0.77255  0.48576  0.95510
     69   2.25427  4.38769  4.33208  3.66912  2.61362  3.92065  3.78444  2.48609  2.54527  1.58828  3.68427  3.65340  3.76308  3.72193  3.52778  3.04462  3.04945  2.26489  4.92332  3.56504     69 l - - -
          2.68618  4.42225  2.77519  2.73123  3.46354  2.40513  3.72494  3.29354  2.67741  2.69355  4.24690  2.90347  2.73739  3.18146  2.89801  2.37887  2.77519  2.98518  4.58477  3.61503
          0.00339  6.08573  6.80807  0.61958  0.77255  0.48576  0.95510
     70   2.08809  5.29111  2.47590  2.01382  5.05550  3.36736  3.94397  4.34703  2.30930  3.73341  4.78613  2.44361  4.33675  2.82128  2.44556  2.38241  2.70666  3.74275  6.41568  4.00783     70 e - - -
          2.68618  4.42225  2.77519  2.73123  3.46354  2.40513  3.72494  3.29354  2.67741  2.69355  4.24690  2.90347  2.73739  3.18146  2.89801  2.37887  2.77519  2.98518  4.58477  3.61503
          0.01426  6.08573  4.43285  0.61958  0.77255  0.48576  0.95510
     71   2.44415  5.97629  3.05708  2.74297  5.32234  3.75586  3.99762  4.80898  2.28668  4.17332  4.79084  3.24267  4.35934  3.38184  2.30983  0.97196  3.40633  4.25785  6.40836  4.99685     71 s - - -
          2.68618  4.42225  2.77519  2.73123  3.46354  2.40513  3.72494  3.29354  2.67741  2.69355  4.24690  2.90347  2.73739  3.18146  2.89801  2.37887  2.77519  2.98518  4.58477  3.61503
          0.02180  6.07489  3.94960  0.61958  0.77255  0.50685  0.92228
     72   2.87882  5.33322  2.00743  2.06487  4.64870  3.42241  3.54035  3.97065  2.01751  3.70185  4.42051  3.04619  2.46833  2.96649  2.46692  2.91816  3.08362  3.39995  4.78448  4.84318     72 d - - -
          2.68618  4.42225  2.77519  2.73123  3.46354  2.40513  3.72494  3.29354  2.67741  2.69355  4.24690  2.90347  2.73739  3.18146  2.89801  2.37887  2.77519  2.98518  4.58477  3.61503
          0.10245  6.06167  2.35344  0.61958  0.77255  0.51212  0.91435
     73   2.92162  4.92183  5.20719  4.05726  2.56348  3.73400  3.81971  3.04590  4.44623  2.98466  3.42479  3.93286  5.00683  4.32909  4.11280  3.83363  3.54782  2.99778  0.96736  2.16615     73 w - - -
          2.68618  4.42225  2.77519  2.73123  3.46354  2.40513  3.72494  3.29354  2.67741  2.69355  4.24690  2.90347  2.73739  3.18146  2.89801  2.37887  2.77519  2.98518  4.58477  3.61503
          0.00378  5.97689  6.69924  0.61958  0.77255  0.25523  1.49050
     74   2.85344  2.00666  5.52861  4.91467  3.42567  3.74777  4.81087  2.27823  4.35030  2.65300  3.54829  4.58892  3.84271  3.61053  3.80635  3.68318  2.64281  1.20368  4.30552  3.61056     74 v - - -
          2.68618  4.42225  2.77519  2.73123  3.46354  2.40513  3.72494  3.29354  2.67741  2.69355  4.24690  2.90347  2.73739  3.18146  2.89801  2.37887  2.77519  2.98518  4.58477  3.61503
          0.00340  6.08159  6.80394  0.61958  0.77255  0.48747  0.95237
     75   2.89715  5.59576  2.58169  2.47608  4.50072  3.07765  3.79364  3.97399  2.24496  2.78649  3.77106  2.42837  2.98204  2.44752  2.11013  2.85113  3.09571  3.84678  5.42995  4.07707     75 r - - -
          2.68618  4.42225  2.77519  2.73123  3.46354  2.40513  3.72494  3.29354  2.67741  2.69355  4.24690  2.90347  2.73739  3.18146  2.89801  2.37887  2.77519  2.98518  4.58477  3.61503
          0.00339  6.08401  6.80635  0.61958  0.77255  0.50001  0.93273
     76   2.62047  4.92031  2.99143  2.49398  3.12060  4.03259  3.54738  3.70838  2.11729  3.24329  3.98456  3.05712  4.44427  2.83566  2.21148  3.17981  3.24686  3.42083  2.45974  2.68310     76 k - - -
          2.68618  4.42225  2.77519  2.73123  3.46354  2.40513  3.72494  3.29354  2.67741  2.69355  4.24690  2.90347  2.73739  3.18146  2.89801  2.37887  2.77519  2.98518  4.58477  3.61503
          0.00339  6.08401  6.80635  0.61958  0.77255  0.50001  0.93273
     77   3.88812  6.91113  3.40305  0.23522  6.23153  4.38925  5.13581  5.75498  4.08307  4.59616  6.03751  4.10251  4.69425  3.70804  4.29918  4.03190  4.58487  4.98014  7.35934  5.85948     77 E - - -
          2.68618  4.42225  2.77519  2.73123  3.46354  2.40513  3.72494  3.29354  2.67741  2.69355  4.24690  2.90347  2.73739  3.18146  2.89801  2.37887  2.77519  2.98518  4.58477  3.61503
          0.00587  6.08401  5.63449  0.61958  0.77255  0.50001  0.93273
     78   2.69472  4.95935  5.55970  4.94363  3.39597  4.54776  5.09041  1.31600  4.34549  1.62429  2.97428  4.92206  5.11996  4.85547  3.46036  3.51634  3.31079  2.11820  2.57845  3.90798     78 i - - -
          2.68618  4.42225  2.77519  2.73123  3.46354  2.40513  3.72494  3.29354  2.67741  2.69355  4.24690  2.90347  2.73739  3.18146  2.89801  2.37887  2.77519  2.98518  4.58477  3.61503
          0.00578  6.08154  5.66173  0.61958  0.77255  0.52008  0.90257
     79   2.46823  5.97845  2.63487  2.04601  5.03479  2.20463  3.81639  3.84696  2.36022  3.13501  4.35271  2.84777  3.45198  2.52247  2.67617  2.62631  3.04651  3.88873  5.09279  4.16002     79 e - - -
          2.68618  4.42225  2.77519  2.73123  3.46354  2.40513  3.72494  3.29354  2.67741  2.69355  4.24690  2.90347  2.73739  3.18146  2.89801  2.37887  2.77519  2.98518  4.58477  3.61503
          0.03965  6.07917  3.30817  0.61958  0.77255  0.48507  0.95621
     80   2.02770  4.19446  3.68364  2.59473  3.28741  3.54094  3.88346  2.62103  2.90935  2.55709  3.62387  3.60310  4.19498  3.26627  2.35813  2.80355  2.77027  3.01887  5.02920  2.50806     80 a - - -
          2.68618  4.42225  2.77519  2.73123  3.46354  2.40513  3.72494  3.29354  2.67741  2.69355  4.24690  2.90347  2.73739  3.18146  2.89801  2.37887  2.77519  2.98518  4.58477  3.61503
          0.02919  6.04730  3.63424  0.61958  0.77255  0.36856  1.17677
     81   0.79832  4.74496  5.42388  4.81563  2.62652  3.24312  5.05140  2.97741  4.62345  2.43344  3.46518  4.58839  4.65135  4.45622  4.66902  2.58521  3.56277  2.79075  5.57775  3.83562     81 a - - -
          2.68618  4.42225  2.77519  2.73123  3.46354  2.40513  3.72494  3.29354  2.67741  2.69355  4.24690  2.90347  2.73739  3.18146  2.89801  2.37887  2.77519  2.98518  4.58477  3.61503
          0.10311  6.05860  2.34718  0.61958  0.77255  0.41637  1.07715
     82   3.20211  4.91860  4.97057  4.08674  2.76206  4.65493  4.02774  2.10174  3.04662  1.19523  2.94059  4.27692  5.02075  3.73330  3.06379  3.39696  3.15722  2.45037  3.39816  3.65988     82 l - - -
          2.68618  4.42225  2.77519  2.73123  3.46354  2.40513  3.72494  3.29354  2.67741  2.69355  4.24690  2.90347  2.73739  3.18146  2.89801  2.37887  2.77519  2.98518  4.58477  3.61503
          0.03790  5.98503  3.36183  0.61958  0.77255  0.27612  1.42182
     83   2.01896  5.23372  2.62178  1.82013  5.30551  3.10425  3.98958  4.79239  2.30898  3.79205  4.67861  2.67980  4.61231  2.52591  2.63084  2.21831  3.08581  3.97449  6.39107  4.27512     83 e - - -
          2.68618  4.42225  2.77519  2.73123  3.46354  2.40513  3.72494  3.29354  2.67741  2.69355  4.24690  2.90347  2.73739  3.18146  2.89801  2.37887  2.77519  2.98518  4.58477  3.61503
          0.06325  6.04888  2.83140  0.61958  0.77255  0.42212  1.06610
     84   2.57199  4.84209  3.40950  2.49439  4.53429  4.03304  3.89890  3.95436  2.01812  2.36609  3.68410  2.92294  4.44648  2.59922  1.62544  2.93102  3.01222  3.72142  6.35347  4.18368     84 r - - -
          2.68618  4.42225  2.77519  2.73123  3.46354  2.40513  3.72494  3.29354  2.67741  2.69355  4.24690  2.90347  2.73739  3.18146  2.89801  2.37887  2.77519  2.98518  4.58477  3.61503
          0.07738  6.01891  2.63061  0.61958  0.77255  0.42650  1.05783
     85   3.03382  5.92613  2.57237  2.54917  4.96988  1.19191  3.90751  4.75925  2.32596  4.23191  4.96652  2.30044  4.41405  3.08407  3.14993  2.65168  3.15565  4.31741  6.35806  4.94627     85 g - - -
          2.68618  4.42225  2.77519  2.73123  3.46354  2.40513  3.72494  3.29354  2.67741  2.69355  4.24690  2.90347  2.73739  3.18146  2.89801  2.37887  2.77519  2.98518  4.58477  3.61503
          0.11652  5.99681  2.23025  0.61958  0.77255  0.41019  1.08923
     86   3.16984  4.91234  3.18476  2.60950  5.24267  3.78676  4.11674  3.92052  1.25469  3.85662  4.56211  2.56292  4.41698  2.77105  1.79467  2.73166  3.23256  3.76119  6.32932  4.91801     86 k - - -
          2.68618  4.42225  2.77519  2.73123  3.46354  2.40513  3.72494  3.29354  2.67741  2.69355  4.24690  2.90347  2.73739  3.18146  2.89801  2.37887  2.77519  2.98518  4.58477  3.61503
          0.00837  5.95679  5.15832  0.61958  0.77255  0.25837  1.47977
     87   2.65091  4.69985  3.28213  2.85124  3.74941  2.76751  3.75787  4.01754  2.12124  3.01372  4.28699  2.94720  2.39165  3.00350  1.97197  3.24449  2.83420  3.10528  4.74313  3.48874     87 r - - -
          2.68618  4.42225  2.77519  2.73123  3.46354  2.40513  3.72494  3.29354  2.67741  2.69355  4.24690  2.90347  2.73739  3.18146  2.89801  2.37887  2.77519  2.98518  4.58477  3.61503
          0.00343  6.07193  6.79427  0.61958  0.77255  0.50624  0.92321
     88   3.36369  4.74356  5.56067  4.94435  3.06058  4.75421  4.58922  1.18009  4.50124  1.59480  3.53017  4.75229  4.87046  4.85475  4.45211  3.99006  3.48314  1.51378  5.25218  3.95222     88 i - - -
          2.68618  4.42225  2.77519  2.73123  3.46354  2.40513  3.72494  3.29354  2.67741  2.69355  4.24690  2.90347  2.73739  3.18146  2.89801  2.37887  2.77519  2.98518  4.58477  3.61503
          0.00341  6.07796  6.80031  0.61958  0.77255  0.53793  0.87697
     89   3.06475  4.38421  5.56045  4.94414  2.67124  4.75411  4.51697  1.30195  4.44536  1.38802  3.42294  4.92090  5.11769  4.34478  4.35991  3.79311  3.50602  1.86948  5.22616  3.72515     89 i - - -
          2.68618  4.42225  2.77519  2.73123  3.46354  2.40513  3.72494  3.29354  2.67741  2.69355  4.24690  2.90347  2.73739  3.18146  2.89801  2.37887  2.77519  2.98518  4.58477  3.61503
          0.00341  6.07796  6.80031  0.61958  0.77255  0.48569  0.95522
     90   2.45315  4.24220  4.42963  3.86180  4.08595  2.55032  4.77587  3.56341  3.62892  3.14457  4.35377  3.83526  0.89651  3.58201  3.79205  3.24558  2.82464  2.86487  4.92578  4.60042     90 p - - -
          2.68618  4.42225  2.77519  2.73123  3.46354  2.40513  3.72494  3.29354  2.67741  2.69355  4.24690  2.90347  2.73739  3.18146  2.89801  2.37887  2.77519  2.98518  4.58477  3.61503
          0.00340  6.08194  6.80428  0.61958  0.77255  0.50611  0.92340
     91   2.72305  4.02430  5.61795  5.00462  3.17228  4.81638  5.15603  1.40240  4.78911  1.86425  3.71685  4.98364  5.17689  4.91891  4.60601  4.13019  3.72026  1.12160  5.64267  4.05748     91 v - - -
          2.68618  4.42225  2.77519  2.73123  3.46354  2.40513  3.72494  3.29354  2.67741  2.69355  4.24690  2.90347  2.73739  3.18146  2.89801  2.37887  2.77519  2.98518  4.58477  3.61503
          0.00536  6.08194  5.78740  0.61958  0.77255  0.50611  0.92340
     92   3.03642  4.68807  4.32847  4.13693  3.60312  4.01088  3.79926  2.01036  3.18578  1.70679  3.23456  3.30488  4.63249  3.71828  2.32857  3.41433  3.19171  2.20091  3.22445  2.86207     92 l - - -
          2.68618  4.42225  2.77519  2.73123  3.46354  2.40513  3.72494  3.29354  2.67741  2.69355  4.24690  2.90347  2.73739  3.18146  2.89801  2.37887  2.77519  2.98518  4.58477  3.61503
          0.01212  6.07998  4.62975  0.61958  0.77255  0.52194  0.89985
     93   2.90089  4.25878  4.33278  3.76048  2.97163  4.49925  3.30993  1.85801  3.62428  1.47013  3.60967  4.67704  3.41726  3.91914  3.98955  3.66137  3.40188  1.74096  3.97093  3.80182     93 l - - -
          2.68618  4.42225  2.77519  2.73123  3.46354  2.40513  3.72494  3.29354  2.67741  2.69355  4.24690  2.90347  2.73739  3.18146  2.89801  2.37887  2.77519  2.98518  4.58477  3.61503
          0.04037  6.06955  3.28991  0.61958  0.77255  0.48899  0.94996
     94   3.00391  5.00507  1.61655  1.87071  4.79105  2.99011  3.20753  4.48021  2.53021  4.25964  4.99413  2.57675  2.98840  3.09310  2.63396  2.71675  3.14611  4.34514  5.18059  4.71725     94 d - - -
          2.68618  4.42225  2.77519  2.73123  3.46354  2.40513  3.72494  3.29354  2.67741  2.69355  4.24690  2.90347  2.73739  3.18146  2.89801  2.37887  2.77519  2.98518  4.58477  3.61503
          0.11810  6.04087  2.21630  0.61958  0.77255  0.46629  0.98705
     95   2.80810  5.89753  1.98800  2.64850  4.93290  1.69131  3.75655  3.89768  2.47847  4.12749  4.76825  2.44937  2.82660  3.29204  3.13755  2.65981  3.05589  3.53036  6.32992  4.47992     95 g - - -
          2.68618  4.42225  2.77519  2.73123  3.46354  2.40513  3.72494  3.29354  2.67741  2.69355  4.24690  2.90347  2.73739  3.18146  2.89801  2.37887  2.77519  2.98518  4.58477  3.61503
          0.00799  5.95797  5.22665  0.61958  0.77255  1.16692  0.37299
     96   2.36282  2.37211  3.21094  2.42713  3.48441  3.67975  4.28505  2.88790  3.03347  2.84047  4.01065  3.50901  4.07785  3.37771  3.35097  2.48095  2.10603  2.40106  5.98742  3.94481     96 t - - -
          2.68618  4.42225  2.77519  2.73123  3.46354  2.40513  3.72494  3.29354  2.67741  2.69355  4.24690  2.90347  2.73739  3.18146  2.89801  2.37887  2.77519  2.98518  4.58477  3.61503
          0.35007  5.95385  1.22839  0.61958  0.77255  0.72685  0.66054
     97   2.58436  5.16635  2.26047  2.34632  4.18686  3.36292  4.17303  4.35625  1.99361  3.60932  4.56174  2.72616  2.53134  2.97158  2.72490  2.59367  2.65140  3.59832  5.41237  3.57107     97 k - - -
          2.68618  4.42225  2.77519  2.73123  3.46354  2.40513  3.72494  3.29354  2.67741  2.69355  4.24690  2.90347  2.73739  3.18146  2.89801  2.37887  2.77519  2.98518  4.58477  3.61503
          0.03620  5.67541  3.43805  0.61958  0.77255  1.76900  0.18694
     98   2.79411  4.74642  2.37175  2.37284  3.61283  3.10033  3.75464  3.56361  2.48133  3.11082  3.66872  2.73862  3.16953  3.06262  2.66709  2.70462  2.92263  3.38238  2.95998  3.30282     98 d - - -
          2.68618  4.42225  2.77519  2.73123  3.46354  2.40513  3.72494  3.29354  2.67741  2.69355  4.24690  2.90347  2.73739  3.18146  2.89801  2.37887  2.77519  2.98518  4.58477  3.61503
          0.03599  5.65007  3.44720  0.61958  0.77255  1.85284  0.17054
     99   2.54486  4.90590  2.38046  2.03031  4.49868  3.69195  3.42913  4.19606  2.38101  3.41656  3.97006  2.70783  2.92484  2.70635  2.91234  2.19004  2.83710  3.62038  4.97900  4.07487     99 e - - -
          2.68618  4.42225  2.77519  2.73123  3.46354  2.40513  3.72494  3.29354  2.67741  2.69355  4.24690  2.90347  2.73739  3.18146  2.89801  2.37887  2.77519  2.98518  4.58477  3.61503
          0.16913  5.61948  1.88406  0.61958  0.77255  0.25503  1.49117
    100   2.27925  4.03966  2.35473  2.25766  4.64833  3.26715  3.41385  3.85965  2.42756  3.46219  4.40958  2.97624  3.29294  2.78343  2.62950  2.52570  2.79361  3.09916  5.63988  3.34804    100 e - - -
          2.68618  4.42225  2.77519  2.73123  3.46354  2.40513  3.72494  3.29354  2.67741  2.69355  4.24690  2.90347  2.73739  3.18146  2.89801  2.37887  2.77519  2.98518  4.58477  3.61503
          0.00404  5.90976  6.63210  0.61958  0.77255  0.67031  0.71652
    101   2.84160  4.12569  3.46451  3.86377  2.87315  3.77222  4.22208  1.86760  3.96193  1.39552  2.99941  3.72460  3.70169  4.45149  3.51006  3.48316  3.08322  2.25607  5.03611  3.51115    101 l - - -
          2.68618  4.42225  2.77519  2.73123  3.46354  2.40513  3.72494  3.29354  2.67741  2.69355  4.24690  2.90347  2.73739  3.18146  2.89801  2.37887  2.77519  2.98518  4.58477  3.61503
          0.00631  5.98835  5.57805  0.61958  0.77255  0.97662  0.47254
    102   3.12773  5.80223  3.47513  2.95300  4.45040  3.82722  4.07476  4.44095  2.93635  3.80105  4.85641  3.58808  0.65336  3.36239  3.56901  3.06204  3.27955  4.16601  6.26564  4.42475    102 P - - -
          2.68618  4.42225  2.77519  2.73123  3.46354  2.40513  3.72494  3.29354  2.67741  2.69355  4.24690  2.90347  2.73739  3.18146  2.89801  2.37887  2.77519  2.98518  4.58477  3.61503
          0.00917  5.99154  5.01648  0.61958  0.77255  1.00681  0.45473
    103   2.46425  5.90581  2.47915  2.23707  4.21065  2.87599  4.16479  3.44357  2.37153  2.68150  4.22329  3.16511  2.70108  3.11607  2.84963  2.39517  2.83191  3.28862  6.34124  3.65640    103 e - - -
          2.68618  4.42225  2.77519  2.73123  3.46354  2.40513  3.72494  3.29354  2.67741  2.69355  4.24690  2.90347  2.73739  3.18146  2.89801  2.37887  2.77519  2.98518  4.58477  3.61503
          0.00847  5.98811  5.12899  0.61958  0.77255  1.04611  0.43279
    104   2.37308  5.86721  2.59554  2.19175  3.13585  2.84775  3.81342  3.14784  2.67205  2.59898  4.24927  3.14059  3.44662  2.88277  2.80794  2.61655  3.08348  3.34125  4.21494  3.41062    104 e - - -
          2.68618  4.42225  2.77519  2.73123  3.46354  2.40513  3.72494  3.29354  2.67741  2.69355  4.24690  2.90347  2.73739  3.18146  2.89801  2.37887  2.77519  2.98518  4.58477  3.61503
          0.13079  5.98340  2.11959  0.61958  0.77255  0.62774  0.76314
    105   3.15913  4.63270  5.01060  4.55998  2.92948  4.62938  4.96348  1.84723  4.59971  0.87312  3.23189  4.79536  4.74882  4.37245  4.40023  3.94112  3.56434  2.13067  4.91369  3.91314    105 l - - -
          2.68618  4.42225  2.77519  2.73123  3.46354  2.40513  3.72494  3.29354  2.67741  2.69355  4.24690  2.90347  2.73739  3.18146  2.89801  2.37887  2.77519  2.98518  4.58477  3.61503
          0.00643  5.90658  5.60300  0.61958  0.77255  1.30669  0.31569
    106   2.29066  5.05412  3.21491  2.54290  4.95204  2.67991  3.59911  3.90810  2.18016  3.26615  4.17235  2.85092  3.74031  2.43227  2.18372  2.40578  2.70848  3.66248  6.29620  4.03876    106 k - - -
          2.68618  4.42225  2.77519  2.73123  3.46354  2.40513  3.72494  3.29354  2.67741  2.69355  4.24690  2.90347  2.73739  3.18146  2.89801  2.37887  2.77519  2.98518  4.58477  3.61503
          0.10650  5.90700  2.31971  0.61958  0.77255  1.33652  0.30484
    107   2.57256  5.80133  2.22392  2.32042  4.56951  2.80506  3.64991  3.76807  2.16884  3.46615  4.35033  2.92093  3.20002  2.78634  2.60834  2.45139  2.70416  3.51897  6.23363  3.85502    107 k - - -
          2.68618  4.42225  2.77519  2.73123  3.46354  2.40513  3.72494  3.29354  2.67741  2.69355  4.24690  2.90347  2.73739  3.18146  2.89801  2.37887  2.77519  2.98518  4.58477  3.61503
          0.05130  5.80499  3.05780  0.61958  0.77255  1.59061  0.22791
    108   2.73205  5.16270  3.48764  2.97997  3.05383  3.96226  3.65127  2.53463  2.83626  1.82586  3.86112  2.65411  4.32331  3.54744  2.63881  3.14159  2.69611  2.59671  4.47228  2.89818    108 l - - -
          2.68618  4.42225  2.77519  2.73123  3.46354  2.40513  3.72494  3.29354  2.67741  2.69355  4.24690  2.90347  2.73739  3.18146  2.89801  2.37887  2.77519  2.98518  4.58477  3.61503
          0.07989  5.75839  2.60873  0.61958  0.77255  0.61980  0.77231
    109   2.80720  5.84028  3.19811  2.24570  4.64319  3.42472  3.37231  3.63299  2.38999  3.01334  3.96928  2.65525  3.07071  1.87450  2.65725  2.51923  3.15816  3.05193  6.27342  4.19791    109 q - - -
          2.68618  4.42225  2.77519  2.73123  3.46354  2.40513  3.72494  3.29354  2.67741  2.69355  4.24690  2.90347  2.73739  3.18146  2.89801  2.37887  2.77519  2.98518  4.58477  3.61503
          0.00978  5.87278  4.97362  0.61958  0.77255  1.40566  0.28131
    110   2.42984  3.61761  4.52634  4.28522  2.82645  3.74861  3.73424  2.48009  4.17444  1.79131  3.37765  4.50618  3.87730  3.72064  3.86638  3.27704  3.04746  2.38925  2.96514  1.90725    110 l - - -
          2.68618  4.42225  2.77519  2.73123  3.46354  2.40513  3.72494  3.29354  2.67741  2.69355  4.24690  2.90347  2.73739  3.18146  2.89801  2.37887  2.77519  2.98518  4.58477  3.61503
          0.01456  5.86967  4.45398  0.61958  0.77255  1.35843  0.29714
    111   2.11165  4.20745  4.13453  4.25921  3.39212  4.10335  4.72065  1.80413  4.11480  1.77856  3.27269  4.05586  4.40340  3.73263  3.77800  3.05340  2.98610  1.70883  4.81377  3.73359    111 v - - -
          2.68618  4.42225  2.77519  2.73123  3.46354  2.40513  3.72494  3.29354  2.67741  2.69355  4.24690  2.90347  2.73739  3.18146  2.89801  2.37887  2.77519  2.98518  4.58477  3.61503
          0.32136  5.86720  1.30192  0.61958  0.77255  0.38848  1.13348
    112   3.09013  5.77709  1.04305  2.33689  5.12287  3.79652  4.22512  4.39488  2.74028  3.84298  4.67308  2.70283  4.20422  2.75441  2.75558  2.60816  3.24739  3.99992  6.20932  4.63934    112 d - - -
          2.68618  4.42225  2.77519  2.73123  3.46354  2.40513  3.72494  3.29354  2.67741  2.69355  4.24690  2.90347  2.73739  3.18146  2.89801  2.37887  2.77519  2.98518  4.58477  3.61503
          0.13585  5.76382  2.08837  0.61958  0.77255  1.64383  0.21473
    113   2.98413  4.19757  5.24717  4.63115  1.94735  4.06199  4.57475  2.20126  4.41391  1.19335  2.89643  4.38454  4.00458  4.26929  4.41879  3.59298  3.34454  2.40145  4.06278  3.20190    113 l - - -
          2.68618  4.42225  2.77519  2.73123  3.46354  2.40513  3.72494  3.29354  2.67741  2.69355  4.24690  2.90347  2.73739  3.18146  2.89801  2.37887  2.77519  2.98518  4.58477  3.61503
          0.04529  5.63654  3.20115  0.61958  0.77255  1.87117  0.16717
    114   2.56488  4.91739  2.99573  2.57816  3.14659  3.60133  3.60333  3.60018  2.43483  3.12044  4.50195  2.85846  3.89264  2.78940  2.07921  2.20283  2.61023  3.14026  4.58152  3.89174    114 r - - -
          2.68618  4.42225  2.77519  2.73123  3.46354  2.40513  3.72494  3.29354  2.67741  2.69355  4.24690  2.90347  2.73739  3.18146  2.89801  2.37887  2.77519  2.98518  4.58477  3.61503
          0.12321  5.59678  2.18733  0.61958  0.77255  0.28696  1.38847
    115   2.34331  5.87445  2.10826  2.49456  4.38740  2.45307  3.67104  3.88951  2.61931  3.77848  4.65725  2.44202  3.06498  2.94044  2.95600  2.29470  2.86116  3.55875  5.72678  3.94288    115 d - - -
          2.68618  4.42225  2.77519  2.73123  3.46354  2.40513  3.72494  3.29354  2.67741  2.69355  4.24690  2.90347  2.73739  3.18146  2.89801  2.37887  2.77519  2.98518  4.58477  3.61503
          0.00594  5.92290  5.73066  0.61958  0.77255  1.26330  0.33229
    116   2.72471  5.56231  3.24203  2.47720  2.42842  4.09426  3.99428  3.52540  2.77725  2.41655  4.28051  3.59136  3.51630  3.00656  2.72353  2.92070  2.85207  3.30500  2.30624  2.67040    116 w - - -
          2.68618  4.42225  2.77519  2.73123  3.46354  2.40513  3.72494  3.29354  2.67741  2.69355  4.24690  2.90347  2.73739  3.18146  2.89801  2.37887  2.77519  2.98518  4.58477  3.61503
          0.00398  5.92308  6.64543  0.61958  0.77255  1.20225  0.35741
    117   2.92181  5.17402  1.93256  1.86159  4.97540  3.54137  3.58096  4.18669  2.45963  3.73259  4.43959  2.23039  3.62192  2.67732  2.80307  2.52658  2.82789  3.87881  5.72795  4.29850    117 e - - -
          2.68618  4.42225  2.77519  2.73123  3.46354  2.40513  3.72494  3.29354  2.67741  2.69355  4.24690  2.90347  2.73739  3.18146  2.89801  2.37887  2.77519  2.98518  4.58477  3.61503
          0.00395  5.93071  6.65306  0.61958  0.77255  1.13378  0.38834
    118   2.25950  5.27343  2.46769  1.82340  4.87481  3.42293  3.74405  3.93235  2.58151  3.75021  4.44125  2.84873  3.65597  2.68816  2.74074  2.41521  2.42479  3.76000  4.26944  3.99807    118 e - - -
          2.68618  4.42225  2.77519  2.73123  3.46354  2.40513  3.72494  3.29354  2.67741  2.69355  4.24690  2.90347  2.73739  3.18146  2.89801  2.37887  2.77519  2.98518  4.58477  3.61503
          0.11266  5.94244  2.26411  0.61958  0.77255  0.92133  0.50748
    119   1.48758  5.40384  2.65309  2.53315  3.90647  2.58733  3.97881  3.77399  2.56030  3.31547  4.18375  3.05412  4.50258  3.03106  3.09411  2.56129  2.79382  3.12959  6.24425  4.01707    119 a - - -
          2.68618  4.42225  2.77519  2.73123  3.46354  2.40513  3.72494  3.29354  2.67741  2.69355  4.24690  2.90347  2.73739  3.18146  2.89801  2.37887  2.77519  2.98518  4.58477  3.61503
          0.01317  5.86691  4.58015  0.61958  0.77255  1.33683  0.30473
    120   2.84240  4.20021  4.71447  3.46792  2.29635  4.34471  4.74817  2.22896  3.72045  1.61465  2.85111  4.73201  4.37073  3.92322  3.22141  3.53303  3.24287  1.97265  3.55882  2.83449    120 l - - -
          2.68618  4.42225  2.77519  2.73123  3.46354  2.40513  3.72494  3.29354  2.67741  2.69355  4.24690  2.90347  2.73739  3.18146  2.89801  2.37887  2.77519  2.98518  4.58477  3.61503
          0.01011  5.86874  4.92862  0.61958  0.77255  1.29997  0.31819
    121   2.39103  5.32933  2.67315  2.14469  3.95284  3.34153  3.85358  3.72953  2.37994  3.09157  4.09659  2.72306  3.73680  2.46759  2.61025  2.56888  2.73787  3.41500  4.11261  3.70131    121 e - - -
          2.68618  4.42225  2.77519  2.73123  3.46354  2.40513  3.72494  3.29354  2.67741  2.69355  4.24690  2.90347  2.73739  3.18146  2.89801  2.37887  2.77519  2.98518  4.58477  3.61503
          0.03654  5.87688  3.40901  0.61958  0.77255  0.62872  0.76202
    122   2.79236  5.89502  2.46503  2.01768  4.93149  2.85434  4.08698  4.12956  2.11960  3.72848  4.53034  3.06502  4.05500  2.68789  1.90881  2.51298  2.77581  3.93184  5.54884  3.99922    122 r - - -
          2.68618  4.42225  2.77519  2.73123  3.46354  2.40513  3.72494  3.29354  2.67741  2.69355  4.24690  2.90347  2.73739  3.18146  2.89801  2.37887  2.77519  2.98518  4.58477  3.61503
          0.00387  5.95204  6.67439  0.61958  0.77255  1.12180  0.39407
    123   3.80605  5.58027  6.32742  5.74931  3.29607  5.63004  6.01698  1.39445  5.58178  0.76913  3.55912  5.80216  5.87336  5.64092  5.58219  4.98159  3.98999  1.99037  6.32369  5.22121    123 l - - -
          2.68618  4.42225  2.77519  2.73123  3.46354  2.40513  3.72494  3.29354  2.67741  2.69355  4.24690  2.90347  2.73739  3.18146  2.89801  2.37887  2.77519  2.98518  4.58477  3.61503
          0.09811  5.95785  2.39840  0.61958  0.77255  1.05306  0.42904
    124   2.09571  3.80817  4.52853  3.71781  3.49432  3.85406  4.50230  2.16283  3.70889  1.50392  3.39750  4.48513  4.24865  4.04707  3.85951  3.20708  3.24689  1.80562  5.46101  3.00018    124 l - - -
          2.68618  4.42225  2.77519  2.73123  3.46354  2.40513  3.72494  3.29354  2.67741  2.69355  4.24690  2.90347  2.73739  3.18146  2.89801  2.37887  2.77519  2.98518  4.58477  3.61503
          0.00418  5.87504  6.59739  0.61958  0.77255  1.42618  0.27473
    125   2.26424  4.74254  2.34215  2.07210  4.95591  3.40455  3.83588  4.38694  2.19796  3.88630  4.70512  3.03509  3.46883  2.70311  2.15069  2.35331  2.94424  3.70569  6.27800  4.29262    125 e - - -
          2.68618  4.42225  2.77519  2.73123  3.46354  2.40513  3.72494  3.29354  2.67741  2.69355  4.24690  2.90347  2.73739  3.18146  2.89801  2.37887  2.77519  2.98518  4.58477  3.61503
          0.01382  5.87504  4.51716  0.61958  0.77255  1.33577  0.30511
    126   1.78829  4.88486  3.29685  2.46407  4.47289  2.57064  3.66977  3.37475  2.71445  3.20340  4.25246  3.16242  3.75252  2.73075  2.39561  2.53402  2.64550  3.48817  4.89278  3.73110    126 a - - -
          2.68618  4.42225  2.77519  2.73123  3.46354  2.40513  3.72494  3.29354  2.67741  2.69355  4.24690  2.90347  2.73739  3.18146  2.89801  2.37887  2.77519  2.98518  4.58477  3.61503
          0.00419  5.87409  6.59644  0.61958  0.77255  1.42869  0.27394
    127   3.25404  4.62783  5.39903  4.78861  3.01755  4.42863  4.93458  1.39476  4.16035  1.13950  3.46653  4.76727  4.96363  4.36353  4.57713  3.75033  3.53651  1.95828  5.42048  3.94470    127 l - - -
          2.68618  4.42225  2.77519  2.73123  3.46354  2.40513  3.72494  3.29354  2.67741  2.69355  4.24690  2.90347  2.73739  3.18146  2.89801  2.37887  2.77519  2.98518  4.58477  3.61503
          0.00767  5.87409  5.33223  0.61958  0.77255  1.42869  0.27394
    128   2.39039  5.44489  2.67764  2.09230  4.32786  3.22978  3.51123  3.64415  2.31910  3.01806  4.26198  2.82971  3.90807  2.65410  2.28872  2.70676  2.90454  3.16959  5.76397  3.71777    128 e - - -
          2.68618  4.42225  2.77519  2.73123  3.46354  2.40513  3.72494  3.29354  2.67741  2.69355  4.24690  2.90347  2.73739  3.18146  2.89801  2.37887  2.77519  2.98518  4.58477  3.61503
          0.00710  5.87062  5.46031  0.61958  0.77255  1.43778  0.27109
    129   2.50411  5.22229  2.64040  2.39187  5.18396  2.40610  3.72311  3.89944  2.06919  3.08537  4.31915  2.63829  3.93514  2.83309  2.34398  2.56184  3.03834  3.78476  4.50745  3.91461    129 k - - -
          2.68569  4.42234  2.77518  2.73135  3.46379  2.40546  3.72476  3.29373  2.67677  2.69374  4.24718  2.90363  2.73749  3.18141  2.89763  2.37893  2.77522  2.98502  4.58533  3.61551
          2.37604  0.55890  1.09289  0.02290  3.78807  1.41924  0.27694
    130   3.08763  5.18075  3.84352  3.34625  4.50789  3.70442  4.25823  3.89443  3.17966  3.40339  4.12934  3.68090  0.64596  3.54487  3.67488  3.05134  3.35230  3.43866  5.85648  4.58677    131 P - - -
          2.68570  4.42240  2.77531  2.73123  3.46377  2.40537  3.72511  3.29355  2.67736  2.69356  4.24708  2.90368  2.73719  3.18128  2.89799  2.37889  2.77504  2.98507  4.58512  3.61538
          0.79574  0.61690  4.69524  0.03561  3.35300  0.83635  0.56790
    131   2.16184  4.98323  2.82851  2.49510  3.30593  2.84811  3.68577  3.15327  2.59298  2.78783  4.02212  3.22049  3.53706  3.10805  2.89700  2.41086  2.59715  2.96934  5.15239  3.52291    133 a - - -
          2.68618  4.42225  2.77519  2.73123  3.46354  2.40513  3.72494  3.29354  2.67741  2.69355  4.24690  2.90347  2.73739  3.18146  2.89801  2.37887  2.77519  2.98518  4.58477  3.61503
          0.26751  5.74470  1.46308  0.61958  0.77255  1.43578  0.27172
    132   2.41423  5.10655  2.86266  2.41553  3.06869  3.37877  3.66175  3.38015  2.48240  2.91610  4.16852  3.11087  3.41579  2.82633  2.45004  2.58324  2.71475  3.15148  3.76586  3.38176    134 a - - -
          2.68618  4.42225  2.77519  2.73123  3.46354  2.40513  3.72494  3.29354  2.67741  2.69355  4.24690  2.90347  2.73739  3.18146  2.89801  2.37887  2.77519  2.98518  4.58477  3.61503
          0.00944  5.52426  5.22068  0.61958  0.77255  1.45268  0.26650
    133   2.19871  5.68575  2.50697  2.00552  4.61808  3.07261  3.94010  4.12020  2.25759  3.48120  4.16900  2.87812  3.14627  2.65210  2.83863  2.52440  2.78066  3.38396  5.15345  4.08655    135 e - - -
          2.68618  4.42225  2.77519  2.73123  3.46354  2.40513  3.72494  3.29354  2.67741  2.69355  4.24690  2.90347  2.73739  3.18146  2.89801  2.37887  2.77519  2.98518  4.58477  3.61503
          0.00544  5.61177  6.33412  0.61958  0.77255  1.33005  0.30716
    134   2.35806  5.06851  2.65684  2.29061  3.94996  3.12627  3.98350  3.81905  2.46266  3.53763  4.28839  2.29030  3.70020  2.73267  2.46801  2.38456  2.70633  3.44681  5.42010  3.68607    136 n - - -
          2.68618  4.42225  2.77519  2.73123  3.46354  2.40513  3.72494  3.29354  2.67741  2.69355  4.24690  2.90347  2.73739  3.18146  2.89801  2.37887  2.77519  2.98518  4.58477  3.61503
          0.00970  5.69941  5.06630  0.61958  0.77255  1.24514  0.33954
    135   2.37236  3.72787  4.01557  3.04317  2.72984  3.57903  4.24351  2.31274  3.18124  1.88424  3.48808  3.40487  3.10722  3.49712  3.77313  2.75963  2.96648  2.29163  4.93321  3.43712    137 l - - -
          2.68618  4.42225  2.77519  2.73123  3.46354  2.40513  3.72494  3.29354  2.67741  2.69355  4.24690  2.90347  2.73739  3.18146  2.89801  2.37887  2.77519  2.98518  4.58477  3.61503
          0.00465  5.76904  6.49139  0.61958  0.77255  1.17458  0.36954
    136   2.18738  5.80423  2.76354  2.32120  4.34946  3.26504  3.47379  3.47321  2.48754  2.99641  3.95559  2.76958  3.66901  2.62112  2.76246  2.42572  2.75558  2.99856  5.40526  3.58228    138 a - - -
          2.68618  4.42225  2.77519  2.73123  3.46354  2.40513  3.72494  3.29354  2.67741  2.69355  4.24690  2.90347  2.73739  3.18146  2.89801  2.37887  2.77519  2.98518  4.58477  3.61503
          0.00437  5.83059  6.55293  0.61958  0.77255  0.89131  0.52783
    137   2.58206  5.87032  2.49149  1.90729  4.97424  3.38169  3.66660  4.57710  2.20100  3.71766  4.46542  2.53535  3.97705  2.41224  2.69406  2.20889  2.78223  3.77142  5.77479  4.26755    139 e - - -
          2.68618  4.42225  2.77519  2.73123  3.46354  2.40513  3.72494  3.29354  2.67741  2.69355  4.24690  2.90347  2.73739  3.18146  2.89801  2.37887  2.77519  2.98518  4.58477  3.61503
          0.00598  5.91299  5.72718  0.61958  0.77255  1.18381  0.36544
    138   2.30203  5.87569  2.86947  2.17361  4.81661  3.35388  3.67001  3.82341  2.16776  3.41961  4.91618  2.71508  3.69766  2.64781  2.50902  2.28046  2.81216  3.85469  3.59612  3.58535    140 k - - -
          2.68618  4.42225  2.77519  2.73123  3.46354  2.40513  3.72494  3.29354  2.67741  2.69355  4.24690  2.90347  2.73739  3.18146  2.89801  2.37887  2.77519  2.98518  4.58477  3.61503
          0.00613  5.92360  5.67241  0.61958  0.77255  1.28528  0.32376
    139   4.02754  4.90693  6.20547  5.62946  3.73309  5.49963  5.89805  1.20677  5.45966  0.96055  2.91322  5.67043  5.76871  5.54951  5.47162  4.84767  4.00867  1.90071  6.24985  5.12220    141 l - - -
          2.68618  4.42225  2.77519  2.73123  3.46354  2.40513  3.72494  3.29354  2.67741  2.69355  4.24690  2.90347  2.73739  3.18146  2.89801  2.37887  2.77519  2.98518  4.58477  3.61503
          0.00644  5.92146  5.58864  0.61958  0.77255  1.26768  0.33057
    140   2.11681  5.45218  2.79473  2.04152  4.98541  3.43529  3.93794  3.51150  2.15530  3.49905  4.91173  2.67277  3.94958  2.87275  2.37251  2.44137  2.88024  3.26257  4.36304  4.58721    142 e - - -
          2.68618  4.42225  2.77519  2.73123  3.46354  2.40513  3.72494  3.29354  2.67741  2.69355  4.24690  2.90347  2.73739  3.18146  2.89801  2.37887  2.77519  2.98518  4.58477  3.61503
          0.29915  5.91826  1.36313  0.61958  0.77255  0.95485  0.48592
    141   2.91234  5.72061  2.54833  1.18479  5.06690  3.81256  4.03891  4.55374  2.06933  3.86546  4.56889  3.01770  3.96804  2.23921  2.94936  2.97851  3.30803  4.11191  6.15253  4.46383    143 e - - -
          2.68618  4.42225  2.77519  2.73123  3.46354  2.40513  3.72494  3.29354  2.67741  2.69355  4.24690  2.90347  2.73739  3.18146  2.89801  2.37887  2.77519  2.98518  4.58477  3.61503
          0.26668  5.66633  1.46697  0.61958  0.77255  0.59396  0.80327
    142   2.39661  4.55334  2.84460  2.27483  4.83702  3.42621  3.18100  4.11044  2.34541  3.39110  3.88260  2.96408  3.26870  2.53274  2.03563  2.59646  2.86816  3.76609  5.31929  3.50897    144 r - - -
          2.68618  4.42225  2.77519  2.73123  3.46354  2.40513  3.72494  3.29354  2.67741  2.69355  4.24690  2.90347  2.73739  3.18146  2.89801  2.37887  2.77519  2.98518  4.58477  3.61503
          0.00495  5.70590  6.42825  0.61958  0.77255  1.57066  0.23308
    143   2.54913  4.76704  4.06655  3.72175  3.31817  3.83817  4.43032  1.82134  4.01411  1.89315  3.39883  4.08001  4.04586  4.15530  3.62787  3.11676  2.74081  1.55027  5.38212  3.31831    145 v - - -
          2.68618  4.42225  2.77519  2.73123  3.46354  2.40513  3.72494  3.29354  2.67741  2.69355  4.24690  2.90347  2.73739  3.18146  2.89801  2.37887  2.77519  2.98518  4.58477  3.61503
          0.00485  5.72791  6.45026  0.61958  0.77255  1.70038  0.20164
    144   3.06770  3.84679  5.30651  4.69069  2.78404  4.26236  4.84026  1.81909  4.31673  1.14619  3.25169  4.67091  4.42462  4.31215  3.64951  3.60798  3.21170  1.94191  5.33215  3.66038    146 l - - -
          2.68618  4.42225  2.77519  2.73123  3.46354  2.40513  3.72494  3.29354  2.67741  2.69355  4.24690  2.90347  2.73739  3.18146  2.89801  2.37887  2.77519  2.98518  4.58477  3.61503
          0.01092  5.73024  4.87809  0.61958  0.77255  1.68855  0.20431
    145   2.10769  5.74918  2.86940  2.38012  4.62369  3.54549  3.50961  3.23164  2.18294  3.44643  4.11217  2.91874  3.49760  2.58837  2.49194  2.53447  2.76547  3.11358  6.18288  3.64613    147 a - - -
          2.68618  4.42225  2.77519  2.73123  3.46354  2.40513  3.72494  3.29354  2.67741  2.69355  4.24690  2.90347  2.73739  3.18146  2.89801  2.37887  2.77519  2.98518  4.58477  3.61503
          0.01110  5.72737  4.85554  0.61958  0.77255  1.60149  0.22514
    146   2.22424  5.75512  2.93490  2.37750  4.70353  2.97513  3.72183  3.71642  2.26696  3.44234  4.36422  2.72032  3.62526  2.63816  2.82004  2.43016  2.20342  3.14252  5.65344  4.06916    148 t - - -
          2.68618  4.42225  2.77519  2.73123  3.46354  2.40513  3.72494  3.29354  2.67741  2.69355  4.24690  2.90347  2.73739  3.18146  2.89801  2.37887  2.77519  2.98518  4.58477  3.61503
          0.04937  5.73478  3.10251  0.61958  0.77255  1.71049  0.19940
    147   2.12752  5.33896  2.80998  2.49428  4.69554  3.00571  3.85868  3.93904  2.50080  3.29475  4.04816  2.89616  3.99058  2.67739  2.61358  2.01917  2.52826  3.21717  5.19399  3.74515    149 s - - -
          2.68618  4.42225  2.77519  2.73123  3.46354  2.40513  3.72494  3.29354  2.67741  2.69355  4.24690  2.90347  2.73739  3.18146  2.89801  2.37887  2.77519  2.98518  4.58477  3.61503
          0.05109  5.69044  3.06981  0.61958  0.77255  1.78273  0.18414
    148   2.54502  5.70603  2.79817  2.30191  4.60429  2.82019  3.71984  3.90853  2.36892  3.78347  4.53311  2.41166  3.69565  2.75145  2.22071  2.21624  2.69072  3.67991  5.61937  3.74383    150 s - - -
          2.68618  4.42225  2.77519  2.73123  3.46354  2.40513  3.72494  3.29354  2.67741  2.69355  4.24690  2.90347  2.73739  3.18146  2.89801  2.37887  2.77519  2.98518  4.58477  3.61503
          0.03349  5.64462  3.52677  0.61958  0.77255  1.84933  0.17120
    149   2.36952  4.49995  2.51517  2.34315  4.52282  3.05344  3.51802  3.42158  2.36311  3.38816  3.96476  2.50713  3.91308  2.74282  2.53155  2.54734  2.81068  3.23596  5.36983  3.75450    151 e - - -
          2.68618  4.42225  2.77519  2.73123  3.46354  2.40513  3.72494  3.29354  2.67741  2.69355  4.24690  2.90347  2.73739  3.18146  2.89801  2.37887  2.77519  2.98518  4.58477  3.61503
          0.07261  5.61655  2.71203  0.61958  0.77255  1.88666  0.16438
    150   2.65512  5.64993  2.44572  2.19582  3.60148  3.00061  3.72559  4.17580  2.30744  3.28989  4.09754  2.57266  3.58043  2.62263  2.83007  2.32345  2.73343  3.44390  6.08297  3.67288    152 e - - -
          2.68618  4.42225  2.77519  2.73123  3.46354  2.40513  3.72494  3.29354  2.67741  2.69355  4.24690  2.90347  2.73739  3.18146  2.89801  2.37887  2.77519  2.98518  4.58477  3.61503
          0.09716  5.54973  2.42254  0.61958  0.77255  1.96656  0.15075
    151   2.03441  4.66713  2.80589  2.54768  3.63792  2.62424  3.47548  3.42795  2.54247  2.88240  4.10502  3.14451  3.48748  3.03662  3.02151  2.52720  2.80059  2.93598  4.69221  3.36762    153 a - - -
          2.68618  4.42225  2.77519  2.73123  3.46354  2.40513  3.72494  3.29354  2.67741  2.69355  4.24690  2.90347  2.73739  3.18146  2.89801  2.37887  2.77519  2.98518  4.58477  3.61503
          0.00905  5.45892  5.34950  0.61958  0.77255  2.05866  0.13654
    152   2.44111  4.73807  2.63953  2.54872  3.76984  3.26501  3.45538  3.10769  2.62758  2.49884  3.66646  2.95017  3.90953  3.04787  2.69003  2.61047  2.74217  3.19437  3.41254  3.28415    154 a - - -
          2.68618  4.42225  2.77519  2.73123  3.46354  2.40513  3.72494  3.29354  2.67741  2.69355  4.24690  2.90347  2.73739  3.18146  2.89801  2.37887  2.77519  2.98518  4.58477  3.61503
          0.08603  5.45623  2.54891  0.61958  0.77255  1.16333  0.37461
    153   2.19549  5.66077  2.76407  2.24346  4.50051  2.74681  4.00904  3.94513  2.41365  3.42206  4.19317  3.00628  2.43313  2.75422  2.80860  2.34792  2.72606  3.64520  5.13568  4.43154    155 a - - -
          2.68618  4.42225  2.77519  2.73123  3.46354  2.40513  3.72494  3.29354  2.67741  2.69355  4.24690  2.90347  2.73739  3.18146  2.89801  2.37887  2.77519  2.98518  4.58477  3.61503
          0.00565  5.57398  6.29633  0.61958  0.77255  1.90639  0.16089
    154   2.82265  4.61968  5.13726  4.11979  2.55549  4.22286  4.72813  1.87093  3.59241  1.47030  3.01872  4.23065  4.36578  4.08814  3.81816  3.31042  2.88525  2.01725  5.24049  2.98497    156 l - - -
          2.68618  4.42225  2.77519  2.73123  3.46354  2.40513  3.72494  3.29354  2.67741  2.69355  4.24690  2.90347  2.73739  3.18146  2.89801  2.37887  2.77519  2.98518  4.58477  3.61503
          0.00563  5.57803  6.30038  0.61958  0.77255  1.93414  0.15613
    155   1.67671  4.94684  3.09364  2.46316  3.95665  2.90310  4.13549  3.96555  2.64666  3.10493  4.28839  2.92212  3.63802  2.97151  2.73721  2.16631  2.74392  3.26668  5.43790  3.93579    157 a - - -
          2.68618  4.42225  2.77519  2.73123  3.46354  2.40513  3.72494  3.29354  2.67741  2.69355  4.24690  2.90347  2.73739  3.18146  2.89801  2.37887  2.77519  2.98518  4.58477  3.61503
          0.00563  5.57803  6.30038  0.61958  0.77255  1.93414  0.15613
    156   3.07922  4.61203  5.21197  4.59600  2.67578  4.07012  4.74343  1.65249  4.37878  1.28258  3.19367  4.57486  4.77274  4.50805  4.07014  3.64817  3.27697  1.78663  4.80512  3.68543    158 l - - -
          2.68618  4.42225  2.77519  2.73123  3.46354  2.40513  3.72494  3.29354  2.67741  2.69355  4.24690  2.90347  2.73739  3.18146  2.89801  2.37887  2.77519  2.98518  4.58477  3.61503
          0.00860  5.57803  5.34174  0.61958  0.77255  1.93414  0.15613
    157   1.97943  5.66116  2.53768  2.31700  4.42134  3.05727  3.86700  3.67575  2.52665  3.25322  4.47588  2.82708  3.47915  2.84787  2.72279  2.21927  2.62195  3.35809  6.09494  4.31039    159 a - - -
          2.68618  4.42225  2.77519  2.73123  3.46354  2.40513  3.72494  3.29354  2.67741  2.69355  4.24690  2.90347  2.73739  3.18146  2.89801  2.37887  2.77519  2.98518  4.58477  3.61503
          0.00823  5.57507  5.42511  0.61958  0.77255  1.93762  0.15554
    158   2.71268  4.95337  2.56988  2.11355  4.50633  3.16862  3.46872  3.99468  2.18748  3.46630  3.85499  2.59914  3.00278  2.42040  2.70918  2.41697  2.87534  3.73644  6.09771  4.52699    160 e - - -
          2.68618  4.42225  2.77519  2.73123  3.46354  2.40513  3.72494  3.29354  2.67741  2.69355  4.24690  2.90347  2.73739  3.18146  2.89801  2.37887  2.77519  2.98518  4.58477  3.61503
          0.00382  5.57066        *  0.61958  0.77255  0.00000        *
//
